3.000,3.000,3.000,3.000,3.000,3.000,3.000,3.000,3.000,3.000,3.000,3.000,3.000,3.000,3.000,3.000,3.000,3.000,3.000,3.000,3.000,3.000,3.000,3.000,3.000,3.000,3.000,3.000,3.000,3.000,3.000,3.000,3.000,3.000,3.000,3.000,3.000,3.000,3.000,3.000,3.000,3.000,3.000,3.000,3.000,3.000,3.000,3.000,3.000,3.000,3.000,3.000,3.000,3.000,3.000,3.000,3.000,3.000,3.000,3.000,3.000,2.399,2.399,2.395,2.387,2.382,2.382,2.386,2.384,2.379,2.371,2.372,2.368,2.370,2.369,2.367,2.365,2.363,2.360,2.356,2.354,2.354,2.351,2.342,2.338,2.332,2.330,2.326,2.324,2.319,2.312,2.309,2.308,2.307,2.305,2.300,2.297,2.296,2.294,2.290,2.288,2.288,2.294,2.294,2.290,2.285,2.280,2.281,2.279,2.280,2.276,2.273,2.273,2.272,2.268,2.266,2.265,2.265,2.264,2.263,2.260,2.263,2.259,2.262,2.258,2.265,2.259,2.259,2.260,2.261,2.262,2.266,2.263,2.263,2.263,2.263,2.262,2.264,2.262,2.259,2.254,2.253,2.254,2.254,2.253,2.253,2.252,2.249,2.250,2.252,2.257,2.262,2.264,2.263,2.265,2.267,2.270,2.272,2.272,2.274,2.270,2.272,2.275,2.280,2.289,2.294,2.300,2.307,2.307,2.310,2.311,2.313,2.314,2.316,2.320,2.322,2.325,2.327,2.328,2.329,2.331,2.336,2.339,2.341,2.343,2.344,2.344,2.346,2.349,2.351,2.355,2.359,2.369,2.374,2.386,2.389,2.390,2.390,2.396,2.397,2.407,2.410,2.415,2.417,2.425,2.428,2.431,2.434,2.436,2.428,2.431,2.447,2.455,2.460,2.465,2.471,2.477,2.483,2.493,2.500,2.507,2.526,2.535,2.547,2.565,2.569,2.579,2.582,2.589,2.595,2.606,2.612,2.618,2.624,2.640,2.648,2.655,2.664,2.677,2.689,2.696,2.703,2.714,2.723,2.737,2.754,2.771,2.767,2.758,2.762,2.769,2.781,2.788,2.804,2.847,2.870,2.875,2.859,2.863,2.880,2.880,3.000,3.000,3.000,3.000,3.000,3.000,3.000,3.000,3.000,3.000,3.000,3.000,3.000,3.000,3.000,3.000,3.000,3.000,3.000,3.000,3.000,3.000,3.000,3.000,3.000,3.000,3.000,3.000,3.000,3.000,3.000,3.000,3.000,3.000,3.000,3.000,3.000,3.000,3.000,3.000,3.000,3.000,3.000,3.000,3.000,3.000,3.000,3.000,3.000,3.000,3.000,3.000,3.000,3.000,3.000,3.000,3.000,3.000,3.000
3.000,3.000,3.000,3.000,3.000,3.000,3.000,3.000,3.000,3.000,3.000,3.000,3.000,3.000,3.000,3.000,3.000,3.000,3.000,3.000,3.000,3.000,3.000,3.000,3.000,3.000,3.000,3.000,3.000,3.000,3.000,3.000,3.000,3.000,3.000,3.000,3.000,3.000,3.000,3.000,3.000,3.000,3.000,3.000,3.000,3.000,3.000,3.000,3.000,3.000,3.000,3.000,3.000,3.000,3.000,3.000,3.000,3.000,3.000,3.000,3.000,2.399,2.394,2.390,2.383,2.378,2.378,2.379,2.377,2.373,2.367,2.366,2.363,2.365,2.363,2.360,2.358,2.354,2.347,2.344,2.341,2.344,2.340,2.335,2.331,2.327,2.325,2.322,2.320,2.315,2.309,2.305,2.304,2.303,2.299,2.294,2.292,2.292,2.289,2.286,2.283,2.283,2.288,2.287,2.277,2.276,2.274,2.274,2.273,2.274,2.271,2.269,2.270,2.270,2.267,2.265,2.264,2.263,2.262,2.262,2.258,2.261,2.257,2.257,2.255,2.259,2.256,2.256,2.256,2.257,2.258,2.260,2.259,2.260,2.260,2.260,2.260,2.260,2.259,2.255,2.250,2.251,2.251,2.252,2.251,2.250,2.249,2.247,2.247,2.250,2.253,2.256,2.258,2.259,2.260,2.263,2.265,2.267,2.266,2.269,2.267,2.268,2.272,2.277,2.285,2.289,2.293,2.300,2.301,2.303,2.305,2.307,2.309,2.310,2.312,2.316,2.318,2.320,2.319,2.321,2.325,2.330,2.333,2.335,2.338,2.339,2.340,2.342,2.345,2.348,2.351,2.355,2.361,2.369,2.377,2.380,2.384,2.384,2.391,2.393,2.402,2.405,2.409,2.412,2.420,2.424,2.427,2.430,2.431,2.427,2.430,2.444,2.451,2.456,2.461,2.467,2.473,2.479,2.486,2.493,2.500,2.520,2.530,2.541,2.555,2.561,2.568,2.574,2.580,2.589,2.600,2.607,2.613,2.619,2.635,2.642,2.649,2.656,2.672,2.684,2.691,2.698,2.710,2.719,2.731,2.742,2.760,2.757,2.755,2.761,2.770,2.783,2.788,2.804,2.835,2.856,2.859,2.856,2.862,2.880,2.897,2.897,3.000,3.000,3.000,3.000,3.000,3.000,3.000,3.000,3.000,3.000,3.000,3.000,3.000,3.000,3.000,3.000,3.000,3.000,3.000,3.000,3.000,3.000,3.000,3.000,3.000,3.000,3.000,3.000,3.000,3.000,3.000,3.000,3.000,3.000,3.000,3.000,3.000,3.000,3.000,3.000,3.000,3.000,3.000,3.000,3.000,3.000,3.000,3.000,3.000,3.000,3.000,3.000,3.000,3.000,3.000,3.000,3.000,3.000
3.000,3.000,3.000,3.000,3.000,3.000,3.000,3.000,3.000,3.000,3.000,3.000,3.000,3.000,3.000,3.000,3.000,3.000,3.000,3.000,3.000,3.000,3.000,3.000,3.000,3.000,3.000,3.000,3.000,3.000,3.000,3.000,3.000,3.000,3.000,3.000,3.000,3.000,3.000,3.000,3.000,3.000,3.000,3.000,3.000,3.000,3.000,3.000,3.000,3.000,3.000,3.000,3.000,3.000,3.000,3.000,3.000,3.000,3.000,3.000,2.384,2.394,2.389,2.383,2.375,2.373,2.372,2.373,2.370,2.365,2.359,2.359,2.357,2.357,2.356,2.351,2.349,2.344,2.339,2.336,2.334,2.335,2.332,2.329,2.325,2.322,2.321,2.318,2.315,2.309,2.305,2.301,2.300,2.295,2.292,2.288,2.286,2.286,2.284,2.280,2.278,2.277,2.277,2.279,2.269,2.268,2.267,2.268,2.268,2.268,2.266,2.265,2.267,2.267,2.265,2.263,2.262,2.262,2.260,2.259,2.256,2.257,2.254,2.252,2.251,2.253,2.252,2.252,2.252,2.252,2.252,2.254,2.254,2.255,2.255,2.257,2.256,2.256,2.253,2.248,2.246,2.246,2.248,2.249,2.248,2.247,2.244,2.243,2.244,2.246,2.249,2.249,2.251,2.254,2.255,2.258,2.258,2.260,2.260,2.262,2.262,2.263,2.267,2.274,2.279,2.283,2.285,2.292,2.294,2.296,2.298,2.299,2.301,2.300,2.302,2.305,2.308,2.309,2.311,2.313,2.316,2.322,2.326,2.328,2.332,2.332,2.335,2.337,2.341,2.343,2.347,2.349,2.356,2.360,2.370,2.372,2.375,2.377,2.383,2.386,2.392,2.396,2.399,2.404,2.411,2.415,2.421,2.423,2.426,2.424,2.428,2.440,2.446,2.451,2.455,2.460,2.468,2.474,2.480,2.486,2.494,2.506,2.523,2.531,2.545,2.552,2.558,2.564,2.572,2.580,2.593,2.601,2.607,2.613,2.627,2.634,2.640,2.645,2.657,2.672,2.679,2.686,2.702,2.713,2.720,2.730,2.748,2.748,2.752,2.760,2.770,2.783,2.789,2.805,2.826,2.846,2.852,2.853,2.861,2.881,2.897,2.897,3.000,3.000,3.000,3.000,3.000,3.000,3.000,3.000,3.000,3.000,3.000,3.000,3.000,3.000,3.000,3.000,3.000,3.000,3.000,3.000,3.000,3.000,3.000,3.000,3.000,3.000,3.000,3.000,3.000,3.000,3.000,3.000,3.000,3.000,3.000,3.000,3.000,3.000,3.000,3.000,3.000,3.000,3.000,3.000,3.000,3.000,3.000,3.000,3.000,3.000,3.000,3.000,3.000,3.000,3.000,3.000,3.000,3.000
3.000,3.000,3.000,3.000,3.000,3.000,3.000,3.000,3.000,3.000,3.000,3.000,3.000,3.000,3.000,3.000,3.000,3.000,3.000,3.000,3.000,3.000,3.000,3.000,3.000,3.000,3.000,3.000,3.000,3.000,3.000,3.000,3.000,3.000,3.000,3.000,3.000,3.000,3.000,3.000,3.000,3.000,3.000,3.000,3.000,3.000,3.000,3.000,3.000,3.000,3.000,3.000,3.000,3.000,3.000,3.000,3.000,3.000,3.000,2.366,2.384,2.384,2.377,2.370,2.368,2.367,2.367,2.366,2.363,2.359,2.353,2.353,2.351,2.351,2.349,2.341,2.339,2.335,2.332,2.330,2.327,2.325,2.325,2.321,2.318,2.315,2.313,2.311,2.309,2.301,2.297,2.295,2.294,2.289,2.286,2.281,2.279,2.275,2.277,2.271,2.270,2.268,2.264,2.261,2.259,2.259,2.258,2.259,2.259,2.258,2.255,2.254,2.256,2.259,2.259,2.258,2.258,2.257,2.255,2.254,2.252,2.252,2.250,2.247,2.246,2.248,2.246,2.245,2.245,2.245,2.243,2.243,2.244,2.247,2.247,2.250,2.248,2.248,2.246,2.242,2.240,2.241,2.244,2.245,2.242,2.241,2.239,2.238,2.239,2.241,2.241,2.241,2.242,2.246,2.247,2.248,2.248,2.252,2.253,2.255,2.256,2.258,2.262,2.268,2.272,2.274,2.275,2.278,2.281,2.285,2.287,2.287,2.289,2.291,2.293,2.296,2.298,2.300,2.303,2.303,2.308,2.311,2.316,2.318,2.322,2.324,2.328,2.331,2.336,2.339,2.342,2.344,2.350,2.354,2.363,2.366,2.369,2.370,2.377,2.380,2.386,2.389,2.393,2.396,2.404,2.409,2.413,2.417,2.421,2.420,2.424,2.433,2.441,2.446,2.450,2.455,2.462,2.468,2.473,2.480,2.486,2.497,2.513,2.520,2.524,2.530,2.539,2.548,2.556,2.570,2.584,2.592,2.598,2.603,2.617,2.620,2.627,2.631,2.643,2.657,2.668,2.673,2.681,2.699,2.709,2.718,2.733,2.739,2.746,2.755,2.765,2.779,2.784,2.800,2.816,2.829,2.841,2.843,2.853,2.877,2.891,2.897,2.895,2.895,3.000,3.000,3.000,3.000,3.000,3.000,3.000,3.000,3.000,3.000,3.000,3.000,3.000,3.000,3.000,3.000,3.000,3.000,3.000,3.000,3.000,3.000,3.000,3.000,3.000,3.000,3.000,3.000,3.000,3.000,3.000,3.000,3.000,3.000,3.000,3.000,3.000,3.000,3.000,3.000,3.000,3.000,3.000,3.000,3.000,3.000,3.000,3.000,3.000,3.000,3.000,3.000,3.000,3.000,3.000,3.000
3.000,3.000,3.000,3.000,3.000,3.000,3.000,3.000,3.000,3.000,3.000,3.000,3.000,3.000,3.000,3.000,3.000,3.000,3.000,3.000,3.000,3.000,3.000,3.000,3.000,3.000,3.000,3.000,3.000,3.000,3.000,3.000,3.000,3.000,3.000,3.000,3.000,3.000,3.000,3.000,3.000,3.000,3.000,3.000,3.000,3.000,3.000,3.000,3.000,3.000,3.000,3.000,3.000,3.000,3.000,3.000,3.000,3.000,3.000,2.366,2.366,2.371,2.358,2.358,2.358,2.359,2.359,2.359,2.355,2.353,2.348,2.347,2.345,2.344,2.339,2.335,2.332,2.329,2.327,2.324,2.321,2.318,2.317,2.314,2.310,2.305,2.305,2.304,2.301,2.292,2.290,2.288,2.286,2.283,2.280,2.276,2.273,2.269,2.269,2.265,2.263,2.259,2.256,2.253,2.251,2.251,2.250,2.251,2.250,2.249,2.245,2.245,2.245,2.245,2.249,2.250,2.250,2.249,2.247,2.247,2.246,2.246,2.244,2.240,2.240,2.240,2.240,2.238,2.238,2.235,2.235,2.236,2.237,2.237,2.239,2.239,2.240,2.240,2.237,2.234,2.233,2.234,2.235,2.238,2.235,2.234,2.232,2.232,2.233,2.235,2.234,2.234,2.235,2.238,2.240,2.239,2.240,2.243,2.245,2.248,2.249,2.252,2.257,2.262,2.265,2.266,2.268,2.270,2.273,2.276,2.278,2.280,2.282,2.284,2.286,2.289,2.291,2.293,2.295,2.296,2.301,2.304,2.309,2.312,2.316,2.319,2.324,2.326,2.332,2.334,2.337,2.338,2.344,2.348,2.356,2.356,2.359,2.361,2.367,2.370,2.378,2.382,2.386,2.390,2.397,2.402,2.407,2.411,2.416,2.417,2.420,2.428,2.435,2.440,2.445,2.449,2.456,2.462,2.467,2.474,2.480,2.490,2.506,2.509,2.515,2.521,2.529,2.536,2.545,2.561,2.569,2.583,2.589,2.593,2.605,2.611,2.619,2.621,2.633,2.644,2.655,2.660,2.666,2.683,2.692,2.702,2.721,2.731,2.739,2.748,2.757,2.768,2.774,2.790,2.804,2.816,2.821,2.828,2.837,2.854,2.879,2.891,2.895,2.895,3.000,3.000,3.000,3.000,3.000,3.000,3.000,3.000,3.000,3.000,3.000,3.000,3.000,3.000,3.000,3.000,3.000,3.000,3.000,3.000,3.000,3.000,3.000,3.000,3.000,3.000,3.000,3.000,3.000,3.000,3.000,3.000,3.000,3.000,3.000,3.000,3.000,3.000,3.000,3.000,3.000,3.000,3.000,3.000,3.000,3.000,3.000,3.000,3.000,3.000,3.000,3.000,3.000,3.000,3.000,3.000
3.000,3.000,3.000,3.000,3.000,3.000,3.000,3.000,3.000,3.000,3.000,3.000,3.000,3.000,3.000,3.000,3.000,3.000,3.000,3.000,3.000,3.000,3.000,3.000,3.000,3.000,3.000,3.000,3.000,3.000,3.000,3.000,3.000,3.000,3.000,3.000,3.000,3.000,3.000,3.000,3.000,3.000,3.000,3.000,3.000,3.000,3.000,3.000,3.000,3.000,3.000,3.000,3.000,3.000,3.000,3.000,2.332,2.334,2.345,2.366,2.355,2.351,2.347,2.349,2.347,2.351,2.351,2.350,2.347,2.345,2.341,2.340,2.338,2.336,2.331,2.326,2.323,2.320,2.318,2.315,2.312,2.303,2.303,2.298,2.296,2.293,2.291,2.289,2.287,2.282,2.281,2.280,2.279,2.276,2.273,2.268,2.266,2.263,2.262,2.255,2.253,2.252,2.248,2.245,2.244,2.244,2.243,2.242,2.242,2.239,2.236,2.234,2.235,2.234,2.237,2.238,2.239,2.236,2.237,2.236,2.236,2.235,2.233,2.231,2.230,2.231,2.230,2.228,2.228,2.226,2.227,2.228,2.229,2.229,2.229,2.230,2.231,2.231,2.229,2.227,2.226,2.228,2.228,2.231,2.228,2.227,2.226,2.226,2.226,2.228,2.227,2.228,2.229,2.231,2.231,2.232,2.232,2.236,2.235,2.237,2.239,2.243,2.250,2.255,2.256,2.257,2.260,2.262,2.265,2.268,2.270,2.272,2.275,2.277,2.279,2.282,2.284,2.285,2.287,2.289,2.292,2.296,2.300,2.302,2.308,2.310,2.314,2.316,2.324,2.326,2.328,2.329,2.334,2.338,2.343,2.346,2.348,2.352,2.355,2.360,2.367,2.369,2.377,2.381,2.389,2.395,2.399,2.403,2.408,2.411,2.415,2.422,2.427,2.433,2.438,2.442,2.447,2.453,2.459,2.466,2.473,2.481,2.493,2.499,2.504,2.510,2.516,2.524,2.533,2.551,2.558,2.567,2.576,2.582,2.590,2.595,2.604,2.609,2.623,2.633,2.644,2.648,2.654,2.667,2.681,2.692,2.709,2.721,2.730,2.739,2.747,2.755,2.762,2.780,2.792,2.802,2.803,2.816,2.823,2.840,2.851,2.872,2.883,2.895,2.889,3.000,3.000,3.000,3.000,3.000,3.000,3.000,3.000,3.000,3.000,3.000,3.000,3.000,3.000,3.000,3.000,3.000,3.000,3.000,3.000,3.000,3.000,3.000,3.000,3.000,3.000,3.000,3.000,3.000,3.000,3.000,3.000,3.000,3.000,3.000,3.000,3.000,3.000,3.000,3.000,3.000,3.000,3.000,3.000,3.000,3.000,3.000,3.000,3.000,3.000,3.000,3.000,3.000,3.000,3.000
3.000,3.000,3.000,3.000,3.000,3.000,3.000,3.000,3.000,3.000,3.000,3.000,3.000,3.000,3.000,3.000,3.000,3.000,3.000,3.000,3.000,3.000,3.000,3.000,3.000,3.000,3.000,3.000,3.000,3.000,3.000,3.000,3.000,3.000,3.000,3.000,3.000,3.000,3.000,3.000,3.000,3.000,3.000,3.000,3.000,3.000,3.000,3.000,3.000,3.000,3.000,3.000,3.000,3.000,3.000,3.000,2.332,2.332,2.334,2.345,2.346,2.342,2.338,2.342,2.338,2.338,2.339,2.338,2.337,2.335,2.332,2.331,2.325,2.326,2.319,2.316,2.313,2.308,2.306,2.300,2.297,2.291,2.291,2.286,2.282,2.281,2.282,2.280,2.278,2.274,2.272,2.271,2.271,2.268,2.262,2.259,2.258,2.256,2.256,2.249,2.248,2.246,2.242,2.239,2.237,2.237,2.237,2.236,2.235,2.232,2.230,2.227,2.227,2.226,2.227,2.226,2.229,2.228,2.229,2.228,2.227,2.227,2.225,2.224,2.223,2.223,2.223,2.221,2.220,2.218,2.218,2.218,2.221,2.221,2.222,2.222,2.224,2.223,2.221,2.221,2.220,2.222,2.222,2.223,2.221,2.220,2.220,2.220,2.220,2.221,2.221,2.222,2.223,2.225,2.223,2.226,2.225,2.228,2.228,2.230,2.232,2.235,2.242,2.248,2.249,2.248,2.252,2.255,2.258,2.260,2.262,2.264,2.266,2.269,2.271,2.273,2.276,2.276,2.279,2.281,2.285,2.287,2.292,2.293,2.299,2.302,2.305,2.307,2.314,2.316,2.318,2.318,2.322,2.326,2.330,2.334,2.337,2.341,2.346,2.350,2.357,2.360,2.367,2.371,2.378,2.384,2.388,2.392,2.399,2.402,2.406,2.411,2.416,2.424,2.428,2.431,2.436,2.446,2.451,2.458,2.465,2.471,2.482,2.488,2.493,2.499,2.506,2.513,2.524,2.541,2.547,2.556,2.562,2.567,2.572,2.578,2.591,2.596,2.609,2.619,2.634,2.639,2.646,2.657,2.671,2.682,2.692,2.703,2.720,2.731,2.739,2.747,2.754,2.772,2.782,2.792,2.795,2.806,2.818,2.835,2.845,2.869,2.881,2.889,2.889,2.887,3.000,3.000,3.000,3.000,3.000,3.000,3.000,3.000,3.000,3.000,3.000,3.000,3.000,3.000,3.000,3.000,3.000,3.000,3.000,3.000,3.000,3.000,3.000,3.000,3.000,3.000,3.000,3.000,3.000,3.000,3.000,3.000,3.000,3.000,3.000,3.000,3.000,3.000,3.000,3.000,3.000,3.000,3.000,3.000,3.000,3.000,3.000,3.000,3.000,3.000,3.000,3.000,3.000,3.000
3.000,3.000,3.000,3.000,3.000,3.000,3.000,3.000,3.000,3.000,3.000,3.000,3.000,3.000,3.000,3.000,3.000,3.000,3.000,3.000,3.000,3.000,3.000,3.000,3.000,3.000,3.000,3.000,3.000,3.000,3.000,3.000,3.000,3.000,3.000,3.000,3.000,3.000,3.000,3.000,3.000,3.000,3.000,3.000,3.000,3.000,3.000,3.000,3.000,3.000,3.000,3.000,3.000,3.000,3.000,3.000,2.332,2.322,2.325,2.336,2.336,2.333,2.329,2.332,2.328,2.327,2.323,2.317,2.317,2.317,2.315,2.313,2.308,2.309,2.304,2.301,2.301,2.295,2.293,2.288,2.282,2.281,2.279,2.276,2.272,2.270,2.272,2.271,2.268,2.265,2.262,2.261,2.259,2.256,2.252,2.248,2.247,2.245,2.245,2.242,2.240,2.239,2.235,2.230,2.227,2.229,2.229,2.228,2.228,2.224,2.222,2.217,2.217,2.214,2.215,2.214,2.215,2.215,2.219,2.217,2.217,2.217,2.216,2.215,2.213,2.213,2.214,2.213,2.212,2.210,2.210,2.210,2.210,2.211,2.211,2.211,2.212,2.214,2.214,2.214,2.214,2.215,2.216,2.216,2.215,2.213,2.213,2.213,2.213,2.212,2.214,2.214,2.215,2.215,2.215,2.215,2.214,2.214,2.218,2.220,2.223,2.226,2.233,2.236,2.238,2.239,2.242,2.246,2.249,2.251,2.253,2.255,2.258,2.260,2.261,2.262,2.264,2.265,2.268,2.270,2.275,2.278,2.281,2.283,2.286,2.289,2.292,2.294,2.301,2.304,2.306,2.308,2.312,2.317,2.321,2.325,2.329,2.334,2.337,2.343,2.350,2.353,2.359,2.363,2.370,2.376,2.379,2.384,2.389,2.395,2.399,2.403,2.407,2.412,2.418,2.422,2.428,2.438,2.444,2.451,2.458,2.462,2.471,2.479,2.484,2.490,2.498,2.505,2.515,2.533,2.539,2.547,2.551,2.556,2.562,2.568,2.581,2.587,2.600,2.607,2.620,2.626,2.634,2.643,2.655,2.671,2.681,2.693,2.710,2.722,2.729,2.736,2.741,2.763,2.774,2.782,2.786,2.799,2.813,2.829,2.838,2.863,2.875,2.882,2.887,2.887,3.000,3.000,3.000,3.000,3.000,3.000,3.000,3.000,3.000,3.000,3.000,3.000,3.000,3.000,3.000,3.000,3.000,3.000,3.000,3.000,3.000,3.000,3.000,3.000,3.000,3.000,3.000,3.000,3.000,3.000,3.000,3.000,3.000,3.000,3.000,3.000,3.000,3.000,3.000,3.000,3.000,3.000,3.000,3.000,3.000,3.000,3.000,3.000,3.000,3.000,3.000,3.000,3.000,3.000
3.000,3.000,3.000,3.000,3.000,3.000,3.000,3.000,3.000,3.000,3.000,3.000,3.000,3.000,3.000,3.000,3.000,3.000,3.000,3.000,3.000,3.000,3.000,3.000,3.000,3.000,3.000,3.000,3.000,3.000,3.000,3.000,3.000,3.000,3.000,3.000,3.000,3.000,3.000,3.000,3.000,3.000,3.000,3.000,3.000,3.000,3.000,3.000,3.000,3.000,3.000,3.000,3.000,3.000,3.000,3.000,2.322,2.315,2.316,2.323,2.319,2.324,2.320,2.323,2.317,2.315,2.311,2.306,2.306,2.304,2.300,2.302,2.298,2.297,2.294,2.290,2.288,2.286,2.283,2.279,2.274,2.272,2.271,2.269,2.265,2.262,2.265,2.263,2.259,2.253,2.251,2.251,2.250,2.247,2.243,2.238,2.237,2.235,2.235,2.233,2.231,2.231,2.225,2.222,2.219,2.221,2.222,2.221,2.219,2.216,2.213,2.209,2.207,2.206,2.206,2.205,2.206,2.206,2.208,2.207,2.208,2.209,2.208,2.207,2.206,2.206,2.206,2.206,2.206,2.204,2.203,2.203,2.204,2.204,2.204,2.204,2.205,2.207,2.207,2.207,2.207,2.207,2.208,2.208,2.208,2.207,2.207,2.205,2.205,2.205,2.207,2.207,2.208,2.209,2.208,2.207,2.207,2.207,2.210,2.213,2.216,2.219,2.227,2.227,2.230,2.230,2.235,2.237,2.241,2.243,2.245,2.247,2.250,2.252,2.253,2.255,2.255,2.256,2.259,2.262,2.267,2.270,2.273,2.275,2.278,2.280,2.282,2.284,2.289,2.294,2.297,2.300,2.304,2.310,2.314,2.318,2.322,2.327,2.330,2.336,2.341,2.345,2.350,2.354,2.362,2.369,2.372,2.377,2.382,2.387,2.393,2.397,2.400,2.405,2.410,2.415,2.420,2.428,2.436,2.442,2.448,2.453,2.462,2.469,2.476,2.481,2.489,2.496,2.501,2.522,2.530,2.538,2.543,2.548,2.555,2.562,2.575,2.582,2.594,2.600,2.611,2.618,2.624,2.633,2.645,2.660,2.670,2.682,2.692,2.709,2.717,2.724,2.730,2.743,2.764,2.772,2.778,2.793,2.809,2.825,2.833,2.854,2.863,2.870,2.879,2.887,3.000,3.000,3.000,3.000,3.000,3.000,3.000,3.000,3.000,3.000,3.000,3.000,3.000,3.000,3.000,3.000,3.000,3.000,3.000,3.000,3.000,3.000,3.000,3.000,3.000,3.000,3.000,3.000,3.000,3.000,3.000,3.000,3.000,3.000,3.000,3.000,3.000,3.000,3.000,3.000,3.000,3.000,3.000,3.000,3.000,3.000,3.000,3.000,3.000,3.000,3.000,3.000,3.000,3.000
3.000,3.000,3.000,3.000,3.000,3.000,3.000,3.000,3.000,3.000,3.000,3.000,3.000,3.000,3.000,3.000,3.000,3.000,3.000,3.000,3.000,3.000,3.000,3.000,3.000,3.000,3.000,3.000,3.000,3.000,3.000,3.000,3.000,3.000,3.000,3.000,3.000,3.000,3.000,3.000,3.000,3.000,3.000,3.000,3.000,3.000,3.000,3.000,3.000,3.000,3.000,3.000,3.000,3.000,3.000,2.300,2.315,2.308,2.308,2.310,2.309,2.312,2.311,2.311,2.308,2.306,2.303,2.298,2.296,2.294,2.292,2.294,2.290,2.288,2.284,2.279,2.278,2.275,2.273,2.268,2.266,2.264,2.263,2.260,2.257,2.253,2.254,2.251,2.246,2.242,2.239,2.237,2.234,2.233,2.230,2.224,2.222,2.225,2.226,2.224,2.222,2.221,2.215,2.213,2.211,2.210,2.213,2.212,2.210,2.204,2.203,2.201,2.199,2.197,2.195,2.194,2.195,2.195,2.197,2.196,2.197,2.198,2.197,2.198,2.196,2.196,2.196,2.196,2.197,2.195,2.194,2.194,2.196,2.197,2.197,2.197,2.198,2.199,2.197,2.199,2.199,2.198,2.195,2.197,2.197,2.197,2.198,2.197,2.197,2.195,2.198,2.199,2.200,2.201,2.201,2.199,2.199,2.199,2.202,2.204,2.207,2.209,2.218,2.214,2.219,2.220,2.223,2.225,2.229,2.230,2.234,2.235,2.240,2.242,2.242,2.244,2.244,2.246,2.247,2.252,2.256,2.259,2.262,2.264,2.267,2.270,2.273,2.276,2.280,2.284,2.287,2.291,2.296,2.301,2.305,2.309,2.313,2.318,2.322,2.326,2.332,2.336,2.340,2.343,2.347,2.353,2.360,2.366,2.371,2.378,2.384,2.388,2.391,2.393,2.400,2.404,2.409,2.417,2.425,2.431,2.438,2.441,2.451,2.459,2.464,2.467,2.479,2.482,2.490,2.508,2.517,2.522,2.527,2.534,2.542,2.551,2.562,2.569,2.577,2.583,2.597,2.604,2.611,2.621,2.633,2.646,2.656,2.669,2.677,2.686,2.699,2.706,2.717,2.730,2.745,2.752,2.760,2.772,2.797,2.813,2.821,2.839,2.843,2.851,2.849,2.879,2.864,3.000,3.000,3.000,3.000,3.000,3.000,3.000,3.000,3.000,3.000,3.000,3.000,3.000,3.000,3.000,3.000,3.000,3.000,3.000,3.000,3.000,3.000,3.000,3.000,3.000,3.000,3.000,3.000,3.000,3.000,3.000,3.000,3.000,3.000,3.000,3.000,3.000,3.000,3.000,3.000,3.000,3.000,3.000,3.000,3.000,3.000,3.000,3.000,3.000,3.000,3.000,3.000,3.000
3.000,3.000,3.000,3.000,3.000,3.000,3.000,3.000,3.000,3.000,3.000,3.000,3.000,3.000,3.000,3.000,3.000,3.000,3.000,3.000,3.000,3.000,3.000,3.000,3.000,3.000,3.000,3.000,3.000,3.000,3.000,3.000,3.000,3.000,3.000,3.000,3.000,3.000,3.000,3.000,3.000,3.000,3.000,3.000,3.000,3.000,3.000,3.000,3.000,3.000,3.000,3.000,3.000,3.000,3.000,2.300,2.300,2.298,2.297,2.299,2.299,2.299,2.299,2.296,2.296,2.295,2.294,2.290,2.287,2.286,2.284,2.285,2.281,2.279,2.274,2.269,2.268,2.262,2.262,2.258,2.256,2.255,2.252,2.249,2.245,2.243,2.244,2.241,2.235,2.233,2.229,2.225,2.222,2.216,2.215,2.213,2.211,2.210,2.214,2.213,2.211,2.211,2.206,2.203,2.201,2.200,2.200,2.198,2.195,2.194,2.194,2.193,2.191,2.189,2.188,2.187,2.187,2.188,2.189,2.188,2.187,2.189,2.189,2.189,2.188,2.188,2.189,2.188,2.188,2.187,2.187,2.187,2.188,2.189,2.189,2.189,2.189,2.190,2.188,2.190,2.189,2.186,2.186,2.188,2.189,2.187,2.188,2.188,2.188,2.187,2.189,2.190,2.192,2.193,2.192,2.190,2.190,2.190,2.193,2.194,2.197,2.198,2.202,2.202,2.207,2.209,2.212,2.214,2.217,2.218,2.219,2.220,2.225,2.228,2.230,2.233,2.234,2.236,2.238,2.243,2.247,2.251,2.254,2.256,2.259,2.262,2.265,2.268,2.273,2.276,2.279,2.283,2.289,2.293,2.297,2.300,2.305,2.310,2.313,2.317,2.322,2.327,2.331,2.333,2.337,2.343,2.348,2.353,2.361,2.366,2.374,2.377,2.380,2.384,2.391,2.395,2.400,2.407,2.414,2.421,2.427,2.431,2.436,2.443,2.453,2.456,2.465,2.471,2.476,2.487,2.504,2.509,2.514,2.520,2.531,2.540,2.551,2.559,2.567,2.572,2.583,2.590,2.601,2.610,2.624,2.636,2.647,2.656,2.664,2.673,2.683,2.694,2.706,2.718,2.732,2.739,2.744,2.753,2.773,2.795,2.798,2.824,2.827,2.841,2.845,2.864,2.885,2.885,2.885,3.000,3.000,3.000,3.000,3.000,3.000,3.000,3.000,3.000,3.000,3.000,3.000,3.000,3.000,3.000,3.000,3.000,3.000,3.000,3.000,3.000,3.000,3.000,3.000,3.000,3.000,3.000,3.000,3.000,3.000,3.000,3.000,3.000,3.000,3.000,3.000,3.000,3.000,3.000,3.000,3.000,3.000,3.000,3.000,3.000,3.000,3.000,3.000,3.000,3.000,3.000
3.000,3.000,3.000,3.000,3.000,3.000,3.000,3.000,3.000,3.000,3.000,3.000,3.000,3.000,3.000,3.000,3.000,3.000,3.000,3.000,3.000,3.000,3.000,3.000,3.000,3.000,3.000,3.000,3.000,3.000,3.000,3.000,3.000,3.000,3.000,3.000,3.000,3.000,3.000,3.000,3.000,3.000,3.000,3.000,3.000,3.000,3.000,3.000,3.000,3.000,3.000,2.288,2.288,2.288,2.285,2.300,2.295,2.292,2.291,2.292,2.292,2.290,2.287,2.282,2.283,2.279,2.282,2.277,2.278,2.276,2.275,2.274,2.270,2.268,2.263,2.260,2.259,2.253,2.252,2.249,2.247,2.246,2.243,2.236,2.234,2.233,2.232,2.229,2.226,2.223,2.218,2.215,2.210,2.207,2.205,2.203,2.201,2.199,2.200,2.202,2.202,2.202,2.198,2.196,2.193,2.191,2.191,2.187,2.184,2.185,2.186,2.184,2.183,2.180,2.179,2.179,2.179,2.179,2.178,2.177,2.178,2.178,2.179,2.179,2.178,2.177,2.179,2.180,2.180,2.179,2.178,2.178,2.179,2.179,2.179,2.179,2.179,2.178,2.177,2.178,2.177,2.176,2.176,2.179,2.180,2.179,2.179,2.179,2.179,2.178,2.181,2.182,2.183,2.183,2.183,2.182,2.180,2.180,2.183,2.185,2.188,2.189,2.192,2.193,2.198,2.199,2.202,2.204,2.207,2.204,2.207,2.210,2.214,2.217,2.221,2.223,2.225,2.226,2.229,2.233,2.238,2.243,2.245,2.248,2.249,2.254,2.257,2.260,2.265,2.268,2.272,2.273,2.281,2.285,2.289,2.291,2.295,2.299,2.303,2.308,2.313,2.317,2.320,2.323,2.326,2.334,2.339,2.344,2.349,2.357,2.363,2.367,2.370,2.375,2.381,2.385,2.391,2.397,2.403,2.408,2.414,2.420,2.425,2.433,2.439,2.445,2.456,2.462,2.467,2.477,2.492,2.497,2.501,2.508,2.521,2.530,2.537,2.544,2.553,2.557,2.570,2.578,2.587,2.598,2.613,2.624,2.636,2.645,2.653,2.661,2.670,2.680,2.693,2.702,2.721,2.728,2.732,2.742,2.763,2.774,2.786,2.801,2.813,2.824,2.834,2.855,2.875,2.885,2.890,2.890,3.000,3.000,3.000,3.000,3.000,3.000,3.000,3.000,3.000,3.000,3.000,3.000,3.000,3.000,3.000,3.000,3.000,3.000,3.000,3.000,3.000,3.000,3.000,3.000,3.000,3.000,3.000,3.000,3.000,3.000,3.000,3.000,3.000,3.000,3.000,3.000,3.000,3.000,3.000,3.000,3.000,3.000,3.000,3.000,3.000,3.000,3.000,3.000,3.000,3.000
3.000,3.000,3.000,3.000,3.000,3.000,3.000,3.000,3.000,3.000,3.000,3.000,3.000,3.000,3.000,3.000,3.000,3.000,3.000,3.000,3.000,3.000,3.000,3.000,3.000,3.000,3.000,3.000,3.000,3.000,3.000,3.000,3.000,3.000,3.000,3.000,3.000,3.000,3.000,3.000,3.000,3.000,3.000,3.000,3.000,3.000,3.000,3.000,3.000,3.000,2.283,2.288,2.288,2.285,2.281,2.279,2.287,2.286,2.285,2.286,2.284,2.283,2.279,2.274,2.272,2.270,2.270,2.268,2.267,2.265,2.266,2.264,2.260,2.259,2.255,2.251,2.249,2.245,2.243,2.240,2.238,2.235,2.229,2.226,2.225,2.224,2.223,2.221,2.218,2.216,2.210,2.208,2.204,2.200,2.198,2.196,2.193,2.191,2.192,2.192,2.195,2.195,2.192,2.189,2.185,2.183,2.182,2.178,2.176,2.176,2.178,2.176,2.175,2.171,2.170,2.169,2.171,2.170,2.169,2.169,2.170,2.170,2.171,2.171,2.169,2.169,2.170,2.171,2.171,2.172,2.169,2.170,2.171,2.171,2.171,2.170,2.170,2.170,2.169,2.170,2.166,2.167,2.167,2.170,2.170,2.171,2.170,2.170,2.171,2.171,2.172,2.174,2.175,2.175,2.175,2.173,2.172,2.173,2.176,2.177,2.179,2.181,2.185,2.186,2.190,2.191,2.193,2.195,2.197,2.196,2.199,2.202,2.207,2.210,2.214,2.216,2.218,2.219,2.222,2.225,2.228,2.234,2.236,2.238,2.239,2.245,2.248,2.252,2.257,2.260,2.263,2.262,2.271,2.277,2.280,2.283,2.287,2.291,2.295,2.299,2.305,2.309,2.313,2.315,2.318,2.326,2.331,2.335,2.338,2.344,2.354,2.357,2.360,2.366,2.372,2.377,2.382,2.388,2.394,2.398,2.406,2.410,2.416,2.425,2.431,2.438,2.449,2.455,2.461,2.470,2.483,2.487,2.492,2.499,2.509,2.520,2.528,2.534,2.540,2.545,2.557,2.565,2.575,2.587,2.598,2.606,2.622,2.632,2.640,2.649,2.658,2.666,2.679,2.687,2.701,2.708,2.714,2.730,2.753,2.762,2.774,2.785,2.800,2.813,2.826,2.842,2.867,2.876,2.890,2.890,3.000,3.000,3.000,3.000,3.000,3.000,3.000,3.000,3.000,3.000,3.000,3.000,3.000,3.000,3.000,3.000,3.000,3.000,3.000,3.000,3.000,3.000,3.000,3.000,3.000,3.000,3.000,3.000,3.000,3.000,3.000,3.000,3.000,3.000,3.000,3.000,3.000,3.000,3.000,3.000,3.000,3.000,3.000,3.000,3.000,3.000,3.000,3.000,3.000,3.000
3.000,3.000,3.000,3.000,3.000,3.000,3.000,3.000,3.000,3.000,3.000,3.000,3.000,3.000,3.000,3.000,3.000,3.000,3.000,3.000,3.000,3.000,3.000,3.000,3.000,3.000,3.000,3.000,3.000,3.000,3.000,3.000,3.000,3.000,3.000,3.000,3.000,3.000,3.000,3.000,3.000,3.000,3.000,3.000,3.000,3.000,3.000,3.000,3.000,2.274,2.283,2.283,2.281,2.277,2.273,2.269,2.279,2.278,2.277,2.277,2.272,2.272,2.270,2.265,2.263,2.261,2.262,2.260,2.258,2.255,2.255,2.254,2.252,2.249,2.247,2.243,2.241,2.238,2.235,2.232,2.227,2.223,2.220,2.217,2.216,2.215,2.214,2.212,2.208,2.207,2.202,2.201,2.197,2.193,2.191,2.188,2.187,2.184,2.185,2.185,2.186,2.188,2.185,2.182,2.178,2.176,2.173,2.171,2.169,2.169,2.170,2.168,2.167,2.164,2.163,2.162,2.164,2.163,2.162,2.158,2.161,2.163,2.163,2.163,2.161,2.160,2.162,2.163,2.163,2.162,2.161,2.161,2.162,2.162,2.162,2.159,2.159,2.160,2.156,2.160,2.158,2.159,2.159,2.160,2.163,2.163,2.163,2.163,2.163,2.162,2.164,2.166,2.166,2.165,2.165,2.164,2.164,2.164,2.167,2.169,2.171,2.172,2.177,2.179,2.182,2.182,2.184,2.186,2.188,2.189,2.192,2.195,2.199,2.202,2.207,2.209,2.210,2.210,2.214,2.217,2.220,2.222,2.225,2.227,2.229,2.233,2.236,2.242,2.246,2.248,2.254,2.253,2.262,2.268,2.271,2.274,2.277,2.280,2.285,2.288,2.294,2.300,2.304,2.307,2.310,2.314,2.322,2.325,2.329,2.333,2.343,2.348,2.351,2.357,2.363,2.368,2.370,2.377,2.384,2.387,2.392,2.396,2.404,2.412,2.422,2.430,2.440,2.446,2.453,2.462,2.475,2.479,2.485,2.492,2.501,2.512,2.519,2.525,2.531,2.536,2.549,2.556,2.566,2.573,2.587,2.595,2.605,2.621,2.628,2.635,2.642,2.654,2.665,2.675,2.691,2.698,2.702,2.717,2.739,2.746,2.758,2.764,2.784,2.802,2.818,2.835,2.859,2.868,2.881,2.890,3.000,3.000,3.000,3.000,3.000,3.000,3.000,3.000,3.000,3.000,3.000,3.000,3.000,3.000,3.000,3.000,3.000,3.000,3.000,3.000,3.000,3.000,3.000,3.000,3.000,3.000,3.000,3.000,3.000,3.000,3.000,3.000,3.000,3.000,3.000,3.000,3.000,3.000,3.000,3.000,3.000,3.000,3.000,3.000,3.000,3.000,3.000,3.000,3.000,3.000
3.000,3.000,3.000,3.000,3.000,3.000,3.000,3.000,3.000,3.000,3.000,3.000,3.000,3.000,3.000,3.000,3.000,3.000,3.000,3.000,3.000,3.000,3.000,3.000,3.000,3.000,3.000,3.000,3.000,3.000,3.000,3.000,3.000,3.000,3.000,3.000,3.000,3.000,3.000,3.000,3.000,3.000,3.000,3.000,3.000,3.000,3.000,3.000,2.268,2.274,2.274,2.277,2.276,2.270,2.264,2.260,2.263,2.262,2.266,2.264,2.261,2.261,2.259,2.252,2.253,2.253,2.253,2.251,2.249,2.245,2.245,2.244,2.243,2.236,2.234,2.233,2.233,2.229,2.228,2.224,2.219,2.214,2.212,2.208,2.206,2.203,2.202,2.203,2.199,2.197,2.193,2.191,2.185,2.183,2.181,2.180,2.179,2.176,2.177,2.177,2.177,2.176,2.175,2.173,2.171,2.168,2.166,2.165,2.162,2.162,2.162,2.161,2.160,2.157,2.155,2.154,2.155,2.154,2.153,2.150,2.151,2.154,2.156,2.155,2.153,2.153,2.155,2.155,2.155,2.154,2.151,2.153,2.153,2.153,2.152,2.151,2.150,2.148,2.146,2.148,2.148,2.151,2.151,2.152,2.155,2.156,2.156,2.156,2.156,2.156,2.156,2.158,2.158,2.157,2.156,2.156,2.156,2.156,2.159,2.161,2.163,2.164,2.165,2.168,2.174,2.174,2.176,2.178,2.179,2.181,2.182,2.187,2.191,2.194,2.199,2.201,2.201,2.201,2.205,2.210,2.212,2.214,2.216,2.217,2.220,2.224,2.226,2.233,2.235,2.238,2.241,2.243,2.250,2.255,2.261,2.264,2.267,2.271,2.276,2.279,2.282,2.286,2.294,2.296,2.299,2.304,2.311,2.316,2.321,2.325,2.332,2.339,2.343,2.347,2.354,2.358,2.362,2.366,2.374,2.378,2.384,2.387,2.394,2.404,2.413,2.422,2.430,2.438,2.445,2.454,2.466,2.470,2.476,2.483,2.493,2.504,2.511,2.517,2.524,2.529,2.541,2.548,2.557,2.563,2.574,2.582,2.595,2.605,2.616,2.623,2.632,2.640,2.655,2.665,2.681,2.686,2.686,2.692,2.725,2.731,2.742,2.751,2.766,2.781,2.807,2.825,2.837,2.844,2.866,2.881,2.863,2.863,3.000,3.000,3.000,3.000,3.000,3.000,3.000,3.000,3.000,3.000,3.000,3.000,3.000,3.000,3.000,3.000,3.000,3.000,3.000,3.000,3.000,3.000,3.000,3.000,3.000,3.000,3.000,3.000,3.000,3.000,3.000,3.000,3.000,3.000,3.000,3.000,3.000,3.000,3.000,3.000,3.000,3.000,3.000,3.000,3.000,3.000,3.000,3.000
3.000,3.000,3.000,3.000,3.000,3.000,3.000,3.000,3.000,3.000,3.000,3.000,3.000,3.000,3.000,3.000,3.000,3.000,3.000,3.000,3.000,3.000,3.000,3.000,3.000,3.000,3.000,3.000,3.000,3.000,3.000,3.000,3.000,3.000,3.000,3.000,3.000,3.000,3.000,3.000,3.000,3.000,3.000,3.000,3.000,3.000,3.000,2.274,2.274,2.268,2.266,2.267,2.269,2.264,2.255,2.252,2.254,2.253,2.255,2.249,2.246,2.246,2.245,2.243,2.244,2.244,2.245,2.242,2.238,2.236,2.236,2.235,2.230,2.227,2.225,2.224,2.225,2.221,2.220,2.217,2.211,2.206,2.203,2.199,2.197,2.191,2.190,2.193,2.191,2.189,2.186,2.184,2.179,2.176,2.174,2.172,2.171,2.167,2.169,2.169,2.169,2.167,2.166,2.165,2.161,2.160,2.158,2.158,2.155,2.153,2.153,2.154,2.152,2.149,2.148,2.147,2.147,2.144,2.143,2.142,2.143,2.144,2.146,2.144,2.143,2.144,2.147,2.147,2.147,2.145,2.142,2.142,2.142,2.143,2.144,2.143,2.142,2.141,2.139,2.141,2.141,2.143,2.143,2.144,2.146,2.148,2.150,2.150,2.149,2.149,2.148,2.149,2.149,2.149,2.148,2.148,2.148,2.149,2.151,2.152,2.153,2.154,2.155,2.158,2.163,2.164,2.166,2.168,2.170,2.171,2.173,2.177,2.182,2.185,2.189,2.190,2.192,2.193,2.197,2.202,2.203,2.204,2.207,2.209,2.212,2.216,2.218,2.221,2.224,2.228,2.230,2.233,2.239,2.243,2.247,2.251,2.255,2.262,2.266,2.270,2.271,2.275,2.281,2.287,2.290,2.294,2.301,2.307,2.313,2.317,2.324,2.329,2.333,2.338,2.345,2.350,2.354,2.358,2.365,2.370,2.376,2.380,2.386,2.396,2.405,2.412,2.419,2.427,2.433,2.445,2.457,2.462,2.468,2.475,2.484,2.491,2.502,2.508,2.515,2.520,2.530,2.537,2.547,2.553,2.563,2.573,2.586,2.597,2.607,2.614,2.622,2.631,2.647,2.657,2.672,2.679,2.677,2.683,2.714,2.723,2.735,2.744,2.759,2.772,2.800,2.810,2.826,2.834,2.845,2.860,2.863,2.864,2.864,3.000,3.000,3.000,3.000,3.000,3.000,3.000,3.000,3.000,3.000,3.000,3.000,3.000,3.000,3.000,3.000,3.000,3.000,3.000,3.000,3.000,3.000,3.000,3.000,3.000,3.000,3.000,3.000,3.000,3.000,3.000,3.000,3.000,3.000,3.000,3.000,3.000,3.000,3.000,3.000,3.000,3.000,3.000,3.000,3.000,3.000,3.000
3.000,3.000,3.000,3.000,3.000,3.000,3.000,3.000,3.000,3.000,3.000,3.000,3.000,3.000,3.000,3.000,3.000,3.000,3.000,3.000,3.000,3.000,3.000,3.000,3.000,3.000,3.000,3.000,3.000,3.000,3.000,3.000,3.000,3.000,3.000,3.000,3.000,3.000,3.000,3.000,3.000,3.000,3.000,3.000,3.000,3.000,3.000,2.274,2.274,2.266,2.262,2.262,2.262,2.259,2.250,2.248,2.249,2.247,2.246,2.242,2.239,2.238,2.237,2.234,2.236,2.234,2.235,2.231,2.226,2.223,2.222,2.222,2.220,2.218,2.216,2.214,2.214,2.212,2.211,2.208,2.200,2.197,2.194,2.190,2.185,2.182,2.180,2.184,2.183,2.182,2.179,2.177,2.173,2.170,2.166,2.166,2.163,2.160,2.160,2.160,2.161,2.159,2.158,2.157,2.153,2.152,2.151,2.151,2.147,2.147,2.146,2.147,2.145,2.141,2.141,2.138,2.138,2.137,2.136,2.135,2.136,2.137,2.137,2.136,2.135,2.137,2.139,2.140,2.139,2.137,2.135,2.134,2.134,2.136,2.137,2.137,2.136,2.135,2.134,2.135,2.135,2.136,2.137,2.138,2.140,2.141,2.143,2.142,2.142,2.141,2.141,2.141,2.140,2.140,2.141,2.140,2.141,2.141,2.144,2.145,2.146,2.147,2.148,2.150,2.155,2.156,2.158,2.159,2.161,2.164,2.166,2.170,2.174,2.178,2.181,2.183,2.185,2.187,2.190,2.192,2.194,2.196,2.199,2.201,2.205,2.208,2.211,2.214,2.217,2.219,2.222,2.225,2.229,2.234,2.238,2.241,2.246,2.251,2.257,2.260,2.262,2.267,2.271,2.277,2.282,2.285,2.290,2.297,2.303,2.306,2.313,2.316,2.324,2.329,2.334,2.341,2.346,2.349,2.355,2.361,2.367,2.369,2.378,2.387,2.397,2.403,2.410,2.417,2.423,2.433,2.445,2.451,2.458,2.465,2.474,2.479,2.484,2.490,2.503,2.508,2.519,2.525,2.537,2.543,2.553,2.563,2.573,2.587,2.598,2.605,2.613,2.619,2.638,2.647,2.658,2.660,2.665,2.671,2.698,2.711,2.724,2.734,2.748,2.757,2.781,2.793,2.814,2.824,2.833,2.837,2.852,2.864,2.864,3.000,3.000,3.000,3.000,3.000,3.000,3.000,3.000,3.000,3.000,3.000,3.000,3.000,3.000,3.000,3.000,3.000,3.000,3.000,3.000,3.000,3.000,3.000,3.000,3.000,3.000,3.000,3.000,3.000,3.000,3.000,3.000,3.000,3.000,3.000,3.000,3.000,3.000,3.000,3.000,3.000,3.000,3.000,3.000,3.000,3.000,3.000
3.000,3.000,3.000,3.000,3.000,3.000,3.000,3.000,3.000,3.000,3.000,3.000,3.000,3.000,3.000,3.000,3.000,3.000,3.000,3.000,3.000,3.000,3.000,3.000,3.000,3.000,3.000,3.000,3.000,3.000,3.000,3.000,3.000,3.000,3.000,3.000,3.000,3.000,3.000,3.000,3.000,3.000,3.000,3.000,3.000,2.268,2.268,2.274,2.269,2.264,2.257,2.257,2.256,2.253,2.246,2.244,2.244,2.241,2.238,2.235,2.231,2.231,2.229,2.226,2.226,2.223,2.220,2.219,2.215,2.210,2.211,2.211,2.210,2.208,2.206,2.203,2.202,2.201,2.199,2.198,2.191,2.187,2.182,2.177,2.174,2.170,2.169,2.168,2.173,2.171,2.169,2.168,2.164,2.159,2.157,2.158,2.155,2.153,2.152,2.149,2.148,2.146,2.145,2.143,2.142,2.142,2.142,2.143,2.139,2.138,2.133,2.136,2.135,2.134,2.133,2.131,2.131,2.130,2.128,2.127,2.127,2.129,2.127,2.127,2.127,2.128,2.130,2.131,2.130,2.129,2.126,2.125,2.125,2.126,2.126,2.129,2.127,2.127,2.125,2.124,2.126,2.128,2.129,2.131,2.132,2.134,2.132,2.134,2.134,2.134,2.133,2.133,2.132,2.132,2.133,2.133,2.135,2.134,2.138,2.138,2.139,2.140,2.141,2.143,2.144,2.146,2.148,2.150,2.154,2.156,2.158,2.162,2.167,2.170,2.174,2.176,2.178,2.180,2.183,2.185,2.187,2.189,2.191,2.195,2.198,2.201,2.204,2.206,2.209,2.211,2.213,2.217,2.221,2.225,2.229,2.233,2.238,2.242,2.246,2.249,2.252,2.258,2.263,2.267,2.272,2.275,2.279,2.286,2.292,2.297,2.302,2.307,2.313,2.318,2.324,2.329,2.333,2.336,2.341,2.350,2.355,2.359,2.366,2.377,2.384,2.391,2.397,2.405,2.411,2.419,2.426,2.436,2.444,2.450,2.457,2.462,2.470,2.475,2.484,2.495,2.503,2.511,2.524,2.531,2.543,2.553,2.563,2.577,2.588,2.595,2.603,2.609,2.624,2.635,2.642,2.646,2.651,2.657,2.688,2.701,2.712,2.725,2.733,2.745,2.766,2.776,2.802,2.811,2.821,2.825,2.828,2.844,2.864,3.000,3.000,3.000,3.000,3.000,3.000,3.000,3.000,3.000,3.000,3.000,3.000,3.000,3.000,3.000,3.000,3.000,3.000,3.000,3.000,3.000,3.000,3.000,3.000,3.000,3.000,3.000,3.000,3.000,3.000,3.000,3.000,3.000,3.000,3.000,3.000,3.000,3.000,3.000,3.000,3.000,3.000,3.000,3.000,3.000,3.000,3.000
3.000,3.000,3.000,3.000,3.000,3.000,3.000,3.000,3.000,3.000,3.000,3.000,3.000,3.000,3.000,3.000,3.000,3.000,3.000,3.000,3.000,3.000,3.000,3.000,3.000,3.000,3.000,3.000,3.000,3.000,3.000,3.000,3.000,3.000,3.000,3.000,3.000,3.000,3.000,3.000,3.000,3.000,3.000,3.000,3.000,2.268,2.268,2.267,2.256,2.252,2.249,2.248,2.249,2.247,2.242,2.240,2.237,2.234,2.229,2.228,2.224,2.224,2.221,2.219,2.218,2.214,2.211,2.209,2.199,2.197,2.199,2.201,2.200,2.199,2.196,2.194,2.192,2.190,2.188,2.186,2.182,2.176,2.169,2.165,2.165,2.161,2.159,2.159,2.160,2.162,2.161,2.160,2.152,2.150,2.149,2.151,2.148,2.146,2.143,2.141,2.140,2.138,2.137,2.136,2.135,2.135,2.135,2.133,2.130,2.127,2.125,2.127,2.127,2.126,2.125,2.124,2.123,2.122,2.121,2.120,2.120,2.120,2.120,2.120,2.120,2.120,2.121,2.123,2.123,2.120,2.118,2.117,2.117,2.117,2.118,2.118,2.117,2.117,2.116,2.115,2.118,2.119,2.122,2.124,2.125,2.125,2.125,2.126,2.127,2.127,2.126,2.126,2.125,2.125,2.126,2.127,2.128,2.127,2.128,2.130,2.133,2.134,2.135,2.136,2.138,2.140,2.142,2.144,2.148,2.150,2.152,2.157,2.161,2.165,2.168,2.171,2.173,2.175,2.177,2.179,2.179,2.182,2.185,2.187,2.192,2.195,2.197,2.198,2.201,2.204,2.206,2.209,2.213,2.218,2.221,2.226,2.229,2.233,2.238,2.241,2.245,2.251,2.255,2.259,2.263,2.266,2.270,2.276,2.282,2.287,2.293,2.297,2.302,2.308,2.315,2.320,2.323,2.325,2.330,2.337,2.344,2.349,2.357,2.366,2.374,2.380,2.386,2.395,2.401,2.407,2.413,2.423,2.431,2.437,2.444,2.449,2.458,2.465,2.473,2.481,2.493,2.501,2.512,2.521,2.532,2.543,2.554,2.565,2.579,2.587,2.595,2.601,2.614,2.624,2.631,2.635,2.641,2.648,2.677,2.689,2.693,2.708,2.722,2.732,2.743,2.758,2.783,2.793,2.803,2.813,2.819,2.834,2.844,2.829,3.000,3.000,3.000,3.000,3.000,3.000,3.000,3.000,3.000,3.000,3.000,3.000,3.000,3.000,3.000,3.000,3.000,3.000,3.000,3.000,3.000,3.000,3.000,3.000,3.000,3.000,3.000,3.000,3.000,3.000,3.000,3.000,3.000,3.000,3.000,3.000,3.000,3.000,3.000,3.000,3.000,3.000,3.000,3.000,3.000,3.000
3.000,3.000,3.000,3.000,3.000,3.000,3.000,3.000,3.000,3.000,3.000,3.000,3.000,3.000,3.000,3.000,3.000,3.000,3.000,3.000,3.000,3.000,3.000,3.000,3.000,3.000,3.000,3.000,3.000,3.000,3.000,3.000,3.000,3.000,3.000,3.000,3.000,3.000,3.000,3.000,3.000,3.000,3.000,3.000,2.257,2.268,2.263,2.261,2.249,2.245,2.241,2.240,2.242,2.241,2.237,2.235,2.231,2.227,2.222,2.221,2.217,2.217,2.214,2.212,2.210,2.206,2.203,2.200,2.191,2.188,2.188,2.190,2.192,2.190,2.188,2.186,2.182,2.180,2.177,2.177,2.173,2.168,2.160,2.156,2.156,2.151,2.150,2.149,2.150,2.150,2.149,2.148,2.144,2.142,2.141,2.141,2.140,2.137,2.136,2.134,2.133,2.131,2.130,2.130,2.129,2.129,2.128,2.126,2.123,2.119,2.117,2.118,2.117,2.116,2.115,2.116,2.115,2.114,2.113,2.111,2.111,2.112,2.113,2.113,2.113,2.112,2.113,2.114,2.111,2.109,2.108,2.108,2.108,2.108,2.110,2.110,2.109,2.108,2.107,2.107,2.109,2.112,2.114,2.115,2.115,2.116,2.116,2.117,2.117,2.118,2.117,2.117,2.117,2.118,2.119,2.119,2.120,2.121,2.122,2.123,2.125,2.127,2.129,2.130,2.132,2.134,2.136,2.139,2.142,2.144,2.147,2.150,2.155,2.159,2.160,2.163,2.167,2.169,2.170,2.171,2.172,2.174,2.176,2.179,2.184,2.187,2.189,2.190,2.193,2.196,2.199,2.202,2.204,2.210,2.213,2.217,2.221,2.224,2.229,2.233,2.237,2.243,2.246,2.251,2.255,2.258,2.262,2.268,2.274,2.278,2.282,2.286,2.291,2.296,2.303,2.307,2.310,2.315,2.320,2.326,2.334,2.340,2.347,2.355,2.361,2.366,2.373,2.384,2.390,2.397,2.403,2.413,2.418,2.425,2.433,2.436,2.444,2.456,2.463,2.471,2.482,2.490,2.502,2.510,2.519,2.534,2.543,2.554,2.569,2.577,2.586,2.591,2.603,2.614,2.619,2.623,2.631,2.637,2.661,2.672,2.671,2.684,2.702,2.714,2.728,2.742,2.754,2.764,2.768,2.800,2.807,2.823,2.829,2.829,2.821,2.821,3.000,3.000,3.000,3.000,3.000,3.000,3.000,3.000,3.000,3.000,3.000,3.000,3.000,3.000,3.000,3.000,3.000,3.000,3.000,3.000,3.000,3.000,3.000,3.000,3.000,3.000,3.000,3.000,3.000,3.000,3.000,3.000,3.000,3.000,3.000,3.000,3.000,3.000,3.000,3.000,3.000,3.000,3.000,3.000
3.000,3.000,3.000,3.000,3.000,3.000,3.000,3.000,3.000,3.000,3.000,3.000,3.000,3.000,3.000,3.000,3.000,3.000,3.000,3.000,3.000,3.000,3.000,3.000,3.000,3.000,3.000,3.000,3.000,3.000,3.000,3.000,3.000,3.000,3.000,3.000,3.000,3.000,3.000,3.000,3.000,3.000,3.000,3.000,2.257,2.257,2.253,2.250,2.236,2.234,2.233,2.231,2.230,2.233,2.230,2.228,2.224,2.218,2.213,2.210,2.208,2.210,2.207,2.205,2.202,2.198,2.195,2.191,2.183,2.180,2.180,2.182,2.181,2.181,2.179,2.176,2.173,2.170,2.166,2.166,2.162,2.152,2.149,2.145,2.145,2.141,2.141,2.142,2.142,2.143,2.142,2.141,2.137,2.136,2.134,2.135,2.131,2.129,2.129,2.128,2.127,2.125,2.124,2.122,2.123,2.123,2.122,2.119,2.116,2.113,2.111,2.111,2.111,2.110,2.109,2.110,2.109,2.108,2.105,2.104,2.105,2.106,2.107,2.107,2.106,2.106,2.106,2.105,2.103,2.102,2.101,2.100,2.100,2.100,2.102,2.101,2.101,2.101,2.100,2.100,2.101,2.104,2.106,2.108,2.107,2.107,2.107,2.109,2.110,2.110,2.109,2.109,2.110,2.110,2.112,2.112,2.114,2.114,2.116,2.118,2.120,2.121,2.124,2.125,2.128,2.129,2.131,2.133,2.136,2.138,2.141,2.144,2.147,2.151,2.153,2.156,2.160,2.162,2.163,2.164,2.165,2.167,2.169,2.172,2.176,2.180,2.182,2.183,2.186,2.190,2.192,2.195,2.198,2.203,2.207,2.211,2.214,2.218,2.222,2.227,2.231,2.235,2.238,2.242,2.246,2.248,2.252,2.259,2.264,2.270,2.272,2.276,2.281,2.287,2.293,2.298,2.302,2.307,2.313,2.318,2.326,2.333,2.340,2.347,2.353,2.359,2.365,2.375,2.381,2.390,2.395,2.405,2.410,2.414,2.422,2.428,2.436,2.448,2.455,2.462,2.469,2.481,2.493,2.501,2.510,2.522,2.533,2.544,2.555,2.567,2.577,2.582,2.594,2.605,2.610,2.614,2.622,2.628,2.640,2.660,2.659,2.671,2.690,2.701,2.713,2.729,2.740,2.749,2.753,2.764,2.777,2.804,2.802,2.814,2.821,2.821,3.000,3.000,3.000,3.000,3.000,3.000,3.000,3.000,3.000,3.000,3.000,3.000,3.000,3.000,3.000,3.000,3.000,3.000,3.000,3.000,3.000,3.000,3.000,3.000,3.000,3.000,3.000,3.000,3.000,3.000,3.000,3.000,3.000,3.000,3.000,3.000,3.000,3.000,3.000,3.000,3.000,3.000,3.000,3.000
3.000,3.000,3.000,3.000,3.000,3.000,3.000,3.000,3.000,3.000,3.000,3.000,3.000,3.000,3.000,3.000,3.000,3.000,3.000,3.000,3.000,3.000,3.000,3.000,3.000,3.000,3.000,3.000,3.000,3.000,3.000,3.000,3.000,3.000,3.000,3.000,3.000,3.000,3.000,3.000,3.000,3.000,3.000,2.234,2.257,2.242,2.241,2.238,2.228,2.224,2.224,2.222,2.222,2.222,2.222,2.220,2.216,2.208,2.204,2.200,2.199,2.198,2.196,2.193,2.190,2.188,2.185,2.180,2.176,2.172,2.172,2.173,2.172,2.171,2.169,2.166,2.162,2.155,2.152,2.145,2.146,2.142,2.140,2.136,2.135,2.133,2.133,2.134,2.133,2.134,2.133,2.132,2.129,2.128,2.126,2.125,2.122,2.120,2.120,2.119,2.119,2.113,2.112,2.111,2.114,2.114,2.114,2.110,2.108,2.106,2.104,2.104,2.104,2.103,2.102,2.100,2.100,2.099,2.097,2.096,2.096,2.097,2.098,2.098,2.098,2.098,2.098,2.098,2.096,2.094,2.094,2.093,2.093,2.093,2.095,2.093,2.093,2.093,2.093,2.094,2.094,2.096,2.099,2.100,2.100,2.098,2.098,2.098,2.101,2.099,2.100,2.099,2.102,2.104,2.105,2.106,2.108,2.108,2.110,2.112,2.114,2.116,2.119,2.121,2.122,2.124,2.125,2.127,2.130,2.131,2.134,2.137,2.141,2.144,2.147,2.150,2.153,2.155,2.157,2.158,2.159,2.161,2.163,2.165,2.169,2.171,2.174,2.176,2.179,2.182,2.185,2.189,2.192,2.196,2.200,2.204,2.208,2.211,2.214,2.220,2.222,2.227,2.230,2.233,2.237,2.240,2.244,2.251,2.256,2.260,2.263,2.267,2.271,2.279,2.285,2.290,2.295,2.300,2.305,2.311,2.316,2.326,2.334,2.340,2.347,2.352,2.358,2.366,2.372,2.379,2.383,2.394,2.400,2.406,2.414,2.420,2.428,2.440,2.447,2.453,2.459,2.471,2.481,2.489,2.499,2.508,2.521,2.530,2.540,2.544,2.566,2.569,2.578,2.587,2.601,2.606,2.614,2.620,2.631,2.648,2.648,2.651,2.680,2.689,2.702,2.716,2.729,2.736,2.745,2.755,2.768,2.782,2.787,2.794,2.806,2.821,3.000,3.000,3.000,3.000,3.000,3.000,3.000,3.000,3.000,3.000,3.000,3.000,3.000,3.000,3.000,3.000,3.000,3.000,3.000,3.000,3.000,3.000,3.000,3.000,3.000,3.000,3.000,3.000,3.000,3.000,3.000,3.000,3.000,3.000,3.000,3.000,3.000,3.000,3.000,3.000,3.000,3.000,3.000,3.000
3.000,3.000,3.000,3.000,3.000,3.000,3.000,3.000,3.000,3.000,3.000,3.000,3.000,3.000,3.000,3.000,3.000,3.000,3.000,3.000,3.000,3.000,3.000,3.000,3.000,3.000,3.000,3.000,3.000,3.000,3.000,3.000,3.000,3.000,3.000,3.000,3.000,3.000,3.000,3.000,3.000,3.000,3.000,2.234,2.234,2.230,2.228,2.224,2.219,2.215,2.213,2.209,2.211,2.211,2.211,2.210,2.202,2.198,2.194,2.191,2.190,2.188,2.186,2.184,2.181,2.179,2.176,2.170,2.168,2.165,2.164,2.163,2.163,2.162,2.160,2.157,2.149,2.143,2.139,2.136,2.134,2.134,2.132,2.129,2.127,2.126,2.126,2.126,2.124,2.124,2.124,2.121,2.119,2.119,2.118,2.117,2.114,2.113,2.112,2.111,2.110,2.104,2.104,2.103,2.103,2.104,2.103,2.100,2.099,2.097,2.096,2.097,2.097,2.096,2.093,2.093,2.093,2.092,2.090,2.090,2.090,2.090,2.090,2.090,2.090,2.089,2.090,2.089,2.089,2.088,2.087,2.087,2.086,2.087,2.087,2.087,2.087,2.087,2.087,2.087,2.088,2.089,2.090,2.092,2.092,2.090,2.090,2.090,2.091,2.091,2.092,2.092,2.094,2.097,2.098,2.099,2.101,2.100,2.102,2.104,2.107,2.109,2.112,2.114,2.117,2.117,2.119,2.120,2.123,2.125,2.128,2.131,2.135,2.139,2.142,2.145,2.147,2.149,2.151,2.152,2.153,2.154,2.157,2.159,2.162,2.165,2.168,2.170,2.173,2.176,2.179,2.183,2.186,2.190,2.194,2.198,2.202,2.205,2.207,2.211,2.214,2.219,2.222,2.226,2.230,2.232,2.236,2.242,2.248,2.252,2.255,2.259,2.263,2.270,2.276,2.283,2.287,2.292,2.298,2.303,2.309,2.316,2.327,2.334,2.341,2.346,2.352,2.360,2.366,2.370,2.375,2.384,2.392,2.398,2.406,2.412,2.420,2.428,2.436,2.443,2.449,2.457,2.469,2.476,2.487,2.494,2.505,2.515,2.525,2.533,2.554,2.557,2.570,2.579,2.593,2.600,2.608,2.615,2.625,2.638,2.639,2.642,2.660,2.679,2.690,2.704,2.716,2.729,2.739,2.749,2.763,2.775,2.781,2.788,2.805,2.806,3.000,3.000,3.000,3.000,3.000,3.000,3.000,3.000,3.000,3.000,3.000,3.000,3.000,3.000,3.000,3.000,3.000,3.000,3.000,3.000,3.000,3.000,3.000,3.000,3.000,3.000,3.000,3.000,3.000,3.000,3.000,3.000,3.000,3.000,3.000,3.000,3.000,3.000,3.000,3.000,3.000,3.000,3.000,3.000
3.000,3.000,3.000,3.000,3.000,3.000,3.000,3.000,3.000,3.000,3.000,3.000,3.000,3.000,3.000,3.000,3.000,3.000,3.000,3.000,3.000,3.000,3.000,3.000,3.000,3.000,3.000,3.000,3.000,3.000,3.000,3.000,3.000,3.000,3.000,3.000,3.000,3.000,3.000,3.000,3.000,2.232,2.232,2.234,2.229,2.224,2.221,2.217,2.214,2.210,2.205,2.202,2.200,2.202,2.199,2.196,2.191,2.188,2.185,2.182,2.181,2.179,2.177,2.174,2.168,2.165,2.166,2.160,2.160,2.157,2.155,2.154,2.152,2.153,2.150,2.141,2.138,2.134,2.131,2.128,2.126,2.127,2.124,2.122,2.121,2.120,2.119,2.119,2.117,2.117,2.117,2.113,2.111,2.110,2.110,2.107,2.107,2.106,2.104,2.102,2.099,2.097,2.096,2.095,2.096,2.096,2.094,2.091,2.090,2.089,2.088,2.087,2.087,2.087,2.086,2.086,2.085,2.085,2.084,2.084,2.084,2.084,2.083,2.083,2.083,2.082,2.081,2.080,2.082,2.081,2.081,2.080,2.080,2.079,2.081,2.080,2.080,2.080,2.079,2.078,2.078,2.078,2.080,2.081,2.082,2.082,2.083,2.083,2.084,2.084,2.085,2.085,2.087,2.088,2.090,2.091,2.092,2.092,2.094,2.097,2.101,2.103,2.106,2.108,2.111,2.111,2.112,2.114,2.116,2.118,2.121,2.125,2.128,2.130,2.135,2.138,2.140,2.142,2.143,2.143,2.145,2.147,2.149,2.153,2.155,2.158,2.161,2.163,2.166,2.169,2.172,2.175,2.180,2.183,2.187,2.191,2.195,2.198,2.200,2.204,2.206,2.209,2.211,2.216,2.219,2.223,2.228,2.232,2.237,2.241,2.245,2.248,2.251,2.257,2.261,2.273,2.277,2.282,2.288,2.295,2.302,2.309,2.321,2.328,2.334,2.340,2.346,2.354,2.360,2.364,2.368,2.376,2.383,2.390,2.398,2.404,2.411,2.418,2.425,2.433,2.439,2.445,2.452,2.459,2.472,2.481,2.491,2.504,2.515,2.523,2.537,2.547,2.561,2.569,2.584,2.591,2.599,2.607,2.617,2.628,2.632,2.635,2.653,2.671,2.681,2.695,2.709,2.724,2.735,2.746,2.761,2.773,2.780,2.787,2.801,2.821,2.821,2.821,3.000,3.000,3.000,3.000,3.000,3.000,3.000,3.000,3.000,3.000,3.000,3.000,3.000,3.000,3.000,3.000,3.000,3.000,3.000,3.000,3.000,3.000,3.000,3.000,3.000,3.000,3.000,3.000,3.000,3.000,3.000,3.000,3.000,3.000,3.000,3.000,3.000,3.000,3.000,3.000,3.000,3.000
3.000,3.000,3.000,3.000,3.000,3.000,3.000,3.000,3.000,3.000,3.000,3.000,3.000,3.000,3.000,3.000,3.000,3.000,3.000,3.000,3.000,3.000,3.000,3.000,3.000,3.000,3.000,3.000,3.000,3.000,3.000,3.000,3.000,3.000,3.000,3.000,3.000,3.000,3.000,2.237,2.237,2.237,2.232,2.226,2.224,2.220,2.217,2.213,2.210,2.206,2.202,2.197,2.194,2.195,2.191,2.188,2.182,2.180,2.177,2.171,2.170,2.170,2.168,2.163,2.158,2.155,2.154,2.151,2.152,2.147,2.145,2.144,2.140,2.141,2.134,2.131,2.128,2.125,2.122,2.120,2.118,2.118,2.111,2.114,2.113,2.112,2.111,2.111,2.107,2.110,2.108,2.107,2.105,2.105,2.104,2.101,2.101,2.101,2.099,2.095,2.093,2.091,2.090,2.090,2.090,2.090,2.088,2.085,2.084,2.083,2.082,2.082,2.081,2.081,2.080,2.080,2.078,2.079,2.078,2.078,2.078,2.079,2.078,2.077,2.077,2.076,2.074,2.074,2.074,2.075,2.074,2.073,2.072,2.072,2.073,2.074,2.073,2.073,2.071,2.071,2.070,2.071,2.072,2.074,2.075,2.076,2.077,2.077,2.078,2.078,2.080,2.080,2.081,2.082,2.084,2.084,2.084,2.085,2.088,2.090,2.094,2.096,2.099,2.102,2.104,2.105,2.106,2.107,2.109,2.112,2.114,2.117,2.120,2.122,2.124,2.126,2.132,2.132,2.134,2.135,2.136,2.139,2.142,2.145,2.147,2.150,2.153,2.156,2.159,2.161,2.166,2.168,2.172,2.173,2.180,2.183,2.186,2.191,2.191,2.196,2.197,2.202,2.204,2.209,2.212,2.215,2.219,2.225,2.229,2.233,2.236,2.240,2.243,2.249,2.253,2.260,2.266,2.272,2.280,2.286,2.292,2.299,2.308,2.319,2.326,2.328,2.338,2.346,2.353,2.357,2.361,2.369,2.374,2.380,2.389,2.394,2.400,2.407,2.416,2.421,2.427,2.431,2.441,2.448,2.461,2.471,2.480,2.491,2.505,2.515,2.527,2.536,2.547,2.554,2.575,2.582,2.590,2.598,2.607,2.618,2.622,2.627,2.643,2.656,2.665,2.676,2.700,2.718,2.730,2.743,2.760,2.773,2.781,2.788,2.798,2.810,2.821,2.829,2.829,2.829,3.000,3.000,3.000,3.000,3.000,3.000,3.000,3.000,3.000,3.000,3.000,3.000,3.000,3.000,3.000,3.000,3.000,3.000,3.000,3.000,3.000,3.000,3.000,3.000,3.000,3.000,3.000,3.000,3.000,3.000,3.000,3.000,3.000,3.000,3.000,3.000,3.000,3.000,3.000,3.000
3.000,3.000,3.000,3.000,3.000,3.000,3.000,3.000,3.000,3.000,3.000,3.000,3.000,3.000,3.000,3.000,3.000,3.000,3.000,3.000,3.000,3.000,3.000,3.000,3.000,3.000,3.000,3.000,3.000,3.000,3.000,3.000,3.000,3.000,3.000,3.000,3.000,3.000,2.237,2.237,2.237,2.234,2.228,2.222,2.220,2.215,2.212,2.207,2.205,2.202,2.197,2.192,2.187,2.187,2.183,2.177,2.171,2.168,2.167,2.162,2.161,2.160,2.158,2.155,2.150,2.147,2.146,2.143,2.142,2.135,2.132,2.131,2.128,2.127,2.122,2.121,2.119,2.117,2.115,2.112,2.110,2.110,2.103,2.104,2.103,2.103,2.100,2.099,2.098,2.102,2.100,2.099,2.098,2.097,2.097,2.092,2.091,2.093,2.088,2.087,2.084,2.084,2.082,2.082,2.083,2.084,2.080,2.078,2.077,2.076,2.075,2.075,2.075,2.075,2.074,2.072,2.072,2.072,2.071,2.072,2.072,2.071,2.071,2.071,2.071,2.070,2.068,2.067,2.066,2.065,2.064,2.064,2.064,2.064,2.064,2.065,2.063,2.063,2.062,2.061,2.061,2.061,2.064,2.065,2.067,2.067,2.070,2.070,2.071,2.069,2.072,2.073,2.074,2.075,2.076,2.076,2.077,2.078,2.081,2.083,2.086,2.088,2.091,2.093,2.097,2.097,2.098,2.100,2.102,2.104,2.106,2.109,2.111,2.114,2.116,2.118,2.120,2.123,2.124,2.126,2.127,2.130,2.133,2.136,2.139,2.142,2.145,2.149,2.151,2.155,2.159,2.161,2.165,2.166,2.171,2.174,2.177,2.182,2.183,2.187,2.189,2.193,2.196,2.201,2.203,2.206,2.210,2.216,2.221,2.225,2.229,2.231,2.236,2.241,2.245,2.250,2.257,2.264,2.272,2.278,2.284,2.290,2.300,2.305,2.311,2.317,2.324,2.330,2.343,2.347,2.352,2.359,2.365,2.369,2.376,2.382,2.390,2.396,2.403,2.408,2.413,2.418,2.424,2.429,2.444,2.452,2.467,2.476,2.496,2.506,2.515,2.526,2.533,2.541,2.557,2.565,2.580,2.588,2.594,2.603,2.607,2.616,2.633,2.645,2.654,2.666,2.687,2.701,2.721,2.734,2.754,2.768,2.777,2.784,2.793,2.801,2.814,2.827,2.829,2.829,3.000,3.000,3.000,3.000,3.000,3.000,3.000,3.000,3.000,3.000,3.000,3.000,3.000,3.000,3.000,3.000,3.000,3.000,3.000,3.000,3.000,3.000,3.000,3.000,3.000,3.000,3.000,3.000,3.000,3.000,3.000,3.000,3.000,3.000,3.000,3.000,3.000,3.000,3.000,3.000
3.000,3.000,3.000,3.000,3.000,3.000,3.000,3.000,3.000,3.000,3.000,3.000,3.000,3.000,3.000,3.000,3.000,3.000,3.000,3.000,3.000,3.000,3.000,3.000,3.000,3.000,3.000,3.000,3.000,3.000,3.000,3.000,3.000,3.000,3.000,3.000,3.000,3.000,2.237,2.237,2.234,2.230,2.226,2.221,2.217,2.211,2.207,2.204,2.202,2.198,2.194,2.189,2.184,2.183,2.178,2.172,2.166,2.162,2.159,2.156,2.155,2.154,2.152,2.149,2.144,2.139,2.138,2.135,2.133,2.126,2.122,2.122,2.119,2.118,2.115,2.115,2.113,2.110,2.108,2.106,2.103,2.102,2.096,2.096,2.095,2.093,2.091,2.089,2.087,2.089,2.092,2.091,2.090,2.090,2.087,2.083,2.081,2.081,2.079,2.078,2.074,2.075,2.074,2.073,2.072,2.075,2.072,2.071,2.070,2.069,2.069,2.067,2.068,2.068,2.066,2.065,2.065,2.065,2.064,2.064,2.064,2.063,2.063,2.063,2.063,2.062,2.061,2.061,2.059,2.057,2.055,2.057,2.057,2.057,2.057,2.056,2.056,2.055,2.053,2.053,2.053,2.052,2.055,2.058,2.059,2.060,2.062,2.061,2.061,2.061,2.063,2.066,2.067,2.068,2.069,2.068,2.069,2.070,2.074,2.076,2.079,2.081,2.083,2.085,2.089,2.089,2.091,2.093,2.095,2.097,2.099,2.102,2.103,2.106,2.107,2.111,2.112,2.114,2.116,2.118,2.120,2.122,2.126,2.130,2.132,2.135,2.138,2.142,2.144,2.148,2.150,2.153,2.156,2.158,2.164,2.167,2.171,2.175,2.177,2.181,2.183,2.186,2.189,2.194,2.196,2.199,2.204,2.209,2.213,2.217,2.221,2.224,2.229,2.234,2.239,2.244,2.249,2.258,2.266,2.272,2.278,2.283,2.291,2.297,2.303,2.309,2.316,2.322,2.333,2.336,2.343,2.349,2.354,2.359,2.363,2.370,2.375,2.381,2.393,2.398,2.404,2.409,2.415,2.421,2.431,2.442,2.457,2.466,2.482,2.496,2.506,2.516,2.524,2.532,2.544,2.556,2.569,2.577,2.585,2.593,2.599,2.609,2.623,2.635,2.644,2.657,2.674,2.690,2.703,2.724,2.740,2.757,2.770,2.777,2.788,2.796,2.812,2.823,2.827,2.829,3.000,3.000,3.000,3.000,3.000,3.000,3.000,3.000,3.000,3.000,3.000,3.000,3.000,3.000,3.000,3.000,3.000,3.000,3.000,3.000,3.000,3.000,3.000,3.000,3.000,3.000,3.000,3.000,3.000,3.000,3.000,3.000,3.000,3.000,3.000,3.000,3.000,3.000,3.000,3.000
3.000,3.000,3.000,3.000,3.000,3.000,3.000,3.000,3.000,3.000,3.000,3.000,3.000,3.000,3.000,3.000,3.000,3.000,3.000,3.000,3.000,3.000,3.000,3.000,3.000,3.000,3.000,3.000,3.000,3.000,3.000,3.000,3.000,3.000,3.000,3.000,3.000,2.229,2.237,2.233,2.229,2.225,2.222,2.218,2.214,2.207,2.203,2.198,2.195,2.192,2.188,2.180,2.177,2.174,2.170,2.162,2.159,2.155,2.151,2.146,2.145,2.145,2.144,2.141,2.137,2.130,2.131,2.126,2.124,2.117,2.113,2.114,2.112,2.111,2.109,2.109,2.107,2.105,2.102,2.099,2.095,2.094,2.089,2.089,2.087,2.083,2.080,2.078,2.078,2.077,2.080,2.080,2.077,2.078,2.077,2.074,2.072,2.071,2.070,2.069,2.065,2.065,2.063,2.062,2.063,2.065,2.063,2.063,2.063,2.062,2.061,2.060,2.059,2.060,2.059,2.058,2.058,2.059,2.058,2.058,2.058,2.057,2.058,2.057,2.056,2.056,2.056,2.055,2.053,2.049,2.047,2.046,2.049,2.049,2.049,2.048,2.048,2.046,2.045,2.044,2.044,2.045,2.048,2.049,2.052,2.052,2.054,2.053,2.053,2.054,2.055,2.057,2.059,2.059,2.060,2.060,2.061,2.063,2.066,2.069,2.071,2.072,2.075,2.077,2.081,2.082,2.084,2.086,2.087,2.089,2.091,2.092,2.094,2.098,2.100,2.102,2.105,2.107,2.109,2.111,2.113,2.115,2.117,2.120,2.124,2.127,2.131,2.135,2.136,2.139,2.142,2.146,2.149,2.151,2.155,2.159,2.163,2.167,2.170,2.174,2.175,2.178,2.181,2.185,2.188,2.191,2.195,2.200,2.204,2.208,2.214,2.218,2.222,2.227,2.231,2.235,2.240,2.248,2.256,2.264,2.269,2.274,2.283,2.288,2.295,2.301,2.307,2.313,2.321,2.326,2.333,2.339,2.345,2.350,2.354,2.361,2.366,2.372,2.379,2.384,2.395,2.400,2.406,2.412,2.422,2.432,2.445,2.452,2.472,2.483,2.493,2.504,2.512,2.522,2.533,2.546,2.559,2.568,2.575,2.580,2.589,2.597,2.610,2.622,2.636,2.649,2.665,2.680,2.691,2.706,2.731,2.744,2.759,2.768,2.778,2.785,2.805,2.816,2.822,2.827,2.818,3.000,3.000,3.000,3.000,3.000,3.000,3.000,3.000,3.000,3.000,3.000,3.000,3.000,3.000,3.000,3.000,3.000,3.000,3.000,3.000,3.000,3.000,3.000,3.000,3.000,3.000,3.000,3.000,3.000,3.000,3.000,3.000,3.000,3.000,3.000,3.000,3.000,3.000,3.000
3.000,3.000,3.000,3.000,3.000,3.000,3.000,3.000,3.000,3.000,3.000,3.000,3.000,3.000,3.000,3.000,3.000,3.000,3.000,3.000,3.000,3.000,3.000,3.000,3.000,3.000,3.000,3.000,3.000,3.000,3.000,3.000,3.000,3.000,3.000,3.000,2.218,2.229,2.229,2.226,2.222,2.217,2.214,2.211,2.209,2.202,2.197,2.189,2.189,2.185,2.178,2.173,2.170,2.166,2.162,2.155,2.152,2.148,2.144,2.139,2.138,2.137,2.136,2.131,2.127,2.122,2.123,2.120,2.117,2.109,2.106,2.107,2.106,2.105,2.103,2.103,2.102,2.099,2.095,2.091,2.084,2.085,2.081,2.080,2.078,2.072,2.070,2.068,2.065,2.067,2.066,2.066,2.065,2.068,2.068,2.065,2.063,2.061,2.061,2.058,2.056,2.054,2.054,2.054,2.055,2.057,2.055,2.056,2.055,2.055,2.053,2.053,2.053,2.054,2.053,2.052,2.052,2.053,2.053,2.052,2.052,2.052,2.053,2.052,2.051,2.050,2.049,2.049,2.046,2.043,2.040,2.039,2.042,2.038,2.041,2.041,2.042,2.040,2.038,2.037,2.037,2.038,2.040,2.043,2.045,2.046,2.047,2.046,2.046,2.047,2.048,2.050,2.050,2.051,2.053,2.053,2.055,2.056,2.060,2.063,2.064,2.065,2.068,2.070,2.073,2.076,2.078,2.080,2.081,2.083,2.082,2.084,2.086,2.091,2.093,2.095,2.097,2.098,2.102,2.104,2.106,2.108,2.110,2.113,2.116,2.120,2.123,2.127,2.127,2.131,2.134,2.138,2.140,2.142,2.148,2.152,2.156,2.161,2.164,2.167,2.169,2.172,2.175,2.179,2.182,2.185,2.189,2.194,2.198,2.202,2.206,2.211,2.216,2.220,2.224,2.227,2.231,2.239,2.249,2.255,2.261,2.266,2.272,2.278,2.286,2.293,2.299,2.305,2.312,2.315,2.325,2.332,2.338,2.344,2.347,2.354,2.359,2.365,2.371,2.376,2.386,2.391,2.398,2.404,2.413,2.421,2.435,2.442,2.461,2.468,2.483,2.492,2.502,2.512,2.525,2.538,2.550,2.560,2.569,2.574,2.580,2.590,2.602,2.613,2.623,2.641,2.657,2.670,2.680,2.695,2.707,2.733,2.742,2.755,2.765,2.772,2.782,2.804,2.811,2.818,2.818,2.845,2.845,2.845,3.000,3.000,3.000,3.000,3.000,3.000,3.000,3.000,3.000,3.000,3.000,3.000,3.000,3.000,3.000,3.000,3.000,3.000,3.000,3.000,3.000,3.000,3.000,3.000,3.000,3.000,3.000,3.000,3.000,3.000,3.000,3.000,3.000,3.000,3.000,3.000
3.000,3.000,3.000,3.000,3.000,3.000,3.000,3.000,3.000,3.000,3.000,3.000,3.000,3.000,3.000,3.000,3.000,3.000,3.000,3.000,3.000,3.000,3.000,3.000,3.000,3.000,3.000,3.000,3.000,3.000,3.000,3.000,3.000,3.000,2.202,2.207,2.218,2.218,2.216,2.216,2.211,2.205,2.200,2.198,2.198,2.193,2.188,2.174,2.173,2.172,2.169,2.164,2.162,2.158,2.151,2.146,2.142,2.139,2.134,2.131,2.130,2.130,2.128,2.122,2.118,2.114,2.115,2.112,2.110,2.101,2.098,2.098,2.098,2.096,2.095,2.096,2.095,2.092,2.087,2.079,2.075,2.074,2.071,2.071,2.066,2.061,2.060,2.058,2.055,2.053,2.053,2.053,2.053,2.056,2.057,2.050,2.046,2.045,2.046,2.044,2.043,2.042,2.044,2.044,2.045,2.046,2.046,2.046,2.046,2.046,2.046,2.045,2.045,2.046,2.046,2.045,2.044,2.044,2.044,2.044,2.044,2.044,2.046,2.043,2.043,2.042,2.042,2.041,2.039,2.034,2.033,2.031,2.031,2.030,2.034,2.035,2.035,2.033,2.031,2.030,2.030,2.031,2.033,2.034,2.036,2.038,2.037,2.037,2.037,2.040,2.041,2.042,2.043,2.044,2.045,2.046,2.049,2.050,2.053,2.055,2.057,2.059,2.061,2.063,2.066,2.067,2.069,2.071,2.073,2.074,2.075,2.076,2.078,2.081,2.083,2.084,2.088,2.090,2.094,2.097,2.099,2.099,2.103,2.106,2.109,2.112,2.114,2.116,2.118,2.123,2.127,2.130,2.133,2.135,2.138,2.141,2.148,2.153,2.157,2.159,2.161,2.164,2.167,2.172,2.175,2.178,2.182,2.186,2.190,2.194,2.199,2.204,2.209,2.214,2.217,2.220,2.224,2.232,2.240,2.245,2.253,2.258,2.264,2.270,2.277,2.285,2.291,2.296,2.303,2.306,2.314,2.321,2.330,2.333,2.338,2.346,2.351,2.356,2.364,2.367,2.376,2.383,2.390,2.395,2.404,2.410,2.420,2.425,2.445,2.454,2.470,2.479,2.491,2.503,2.516,2.527,2.541,2.548,2.561,2.566,2.572,2.579,2.593,2.604,2.615,2.633,2.648,2.658,2.666,2.685,2.698,2.721,2.729,2.744,2.752,2.761,2.772,2.790,2.798,2.802,2.804,2.815,2.845,2.845,3.000,3.000,3.000,3.000,3.000,3.000,3.000,3.000,3.000,3.000,3.000,3.000,3.000,3.000,3.000,3.000,3.000,3.000,3.000,3.000,3.000,3.000,3.000,3.000,3.000,3.000,3.000,3.000,3.000,3.000,3.000,3.000,3.000,3.000,3.000,3.000
3.000,3.000,3.000,3.000,3.000,3.000,3.000,3.000,3.000,3.000,3.000,3.000,3.000,3.000,3.000,3.000,3.000,3.000,3.000,3.000,3.000,3.000,3.000,3.000,3.000,3.000,3.000,3.000,3.000,3.000,3.000,3.000,3.000,3.000,2.202,2.202,2.207,2.209,2.209,2.210,2.203,2.195,2.186,2.188,2.187,2.183,2.170,2.165,2.163,2.161,2.160,2.156,2.154,2.148,2.139,2.136,2.130,2.128,2.125,2.123,2.121,2.118,2.117,2.112,2.107,2.103,2.103,2.100,2.095,2.089,2.087,2.081,2.086,2.083,2.082,2.081,2.084,2.082,2.072,2.069,2.064,2.062,2.062,2.061,2.056,2.052,2.050,2.047,2.044,2.042,2.043,2.042,2.042,2.043,2.046,2.038,2.034,2.032,2.033,2.033,2.032,2.031,2.033,2.035,2.037,2.037,2.036,2.036,2.036,2.036,2.036,2.036,2.037,2.039,2.039,2.038,2.037,2.037,2.036,2.036,2.036,2.036,2.036,2.035,2.035,2.035,2.034,2.034,2.032,2.026,2.026,2.024,2.023,2.022,2.023,2.024,2.026,2.024,2.023,2.023,2.023,2.024,2.026,2.027,2.028,2.029,2.029,2.028,2.029,2.031,2.032,2.034,2.035,2.036,2.039,2.040,2.043,2.044,2.046,2.049,2.050,2.051,2.053,2.056,2.059,2.060,2.062,2.063,2.065,2.066,2.067,2.067,2.068,2.070,2.073,2.075,2.079,2.081,2.085,2.089,2.090,2.092,2.095,2.099,2.102,2.104,2.107,2.109,2.111,2.116,2.121,2.124,2.127,2.128,2.131,2.133,2.140,2.143,2.148,2.150,2.153,2.156,2.159,2.164,2.168,2.170,2.174,2.179,2.183,2.187,2.192,2.197,2.202,2.207,2.210,2.214,2.218,2.225,2.233,2.238,2.246,2.251,2.257,2.263,2.269,2.275,2.283,2.288,2.293,2.298,2.307,2.313,2.319,2.325,2.329,2.338,2.344,2.349,2.357,2.361,2.369,2.374,2.383,2.388,2.395,2.401,2.410,2.415,2.429,2.444,2.458,2.466,2.482,2.492,2.505,2.517,2.532,2.538,2.549,2.556,2.564,2.571,2.584,2.594,2.607,2.623,2.640,2.648,2.658,2.671,2.690,2.708,2.719,2.731,2.742,2.752,2.763,2.779,2.786,2.790,2.787,2.789,2.825,2.845,2.837,3.000,3.000,3.000,3.000,3.000,3.000,3.000,3.000,3.000,3.000,3.000,3.000,3.000,3.000,3.000,3.000,3.000,3.000,3.000,3.000,3.000,3.000,3.000,3.000,3.000,3.000,3.000,3.000,3.000,3.000,3.000,3.000,3.000,3.000,3.000
3.000,3.000,3.000,3.000,3.000,3.000,3.000,3.000,3.000,3.000,3.000,3.000,3.000,3.000,3.000,3.000,3.000,3.000,3.000,3.000,3.000,3.000,3.000,3.000,3.000,3.000,3.000,3.000,3.000,3.000,3.000,3.000,3.000,3.000,2.202,2.200,2.203,2.204,2.203,2.202,2.191,2.186,2.177,2.175,2.171,2.168,2.160,2.156,2.154,2.152,2.149,2.146,2.140,2.137,2.130,2.126,2.122,2.120,2.118,2.115,2.113,2.109,2.108,2.102,2.097,2.094,2.094,2.089,2.086,2.080,2.078,2.072,2.070,2.070,2.071,2.069,2.069,2.067,2.062,2.057,2.054,2.051,2.048,2.047,2.042,2.039,2.037,2.034,2.030,2.022,2.028,2.028,2.028,2.029,2.027,2.046,2.018,2.016,2.015,2.015,2.013,2.014,2.020,2.022,2.024,2.025,2.026,2.025,2.026,2.026,2.026,2.027,2.028,2.031,2.030,2.030,2.027,2.026,2.026,2.026,2.027,2.026,2.026,2.025,2.025,2.025,2.026,2.025,2.022,2.020,2.019,2.018,2.016,2.016,2.016,2.017,2.018,2.016,2.016,2.016,2.016,2.017,2.017,2.018,2.018,2.018,2.018,2.017,2.018,2.022,2.023,2.025,2.026,2.027,2.030,2.032,2.035,2.036,2.038,2.039,2.042,2.044,2.046,2.048,2.051,2.052,2.054,2.054,2.057,2.058,2.059,2.060,2.061,2.063,2.065,2.068,2.070,2.073,2.076,2.078,2.082,2.084,2.087,2.090,2.095,2.097,2.100,2.102,2.104,2.107,2.113,2.116,2.119,2.120,2.122,2.125,2.129,2.134,2.139,2.142,2.145,2.149,2.152,2.156,2.160,2.162,2.167,2.171,2.176,2.180,2.185,2.191,2.195,2.199,2.203,2.207,2.211,2.217,2.225,2.229,2.236,2.242,2.247,2.253,2.258,2.266,2.271,2.278,2.283,2.289,2.297,2.302,2.309,2.315,2.320,2.330,2.336,2.341,2.348,2.353,2.362,2.367,2.375,2.379,2.388,2.394,2.402,2.408,2.421,2.435,2.445,2.456,2.471,2.481,2.494,2.507,2.519,2.525,2.540,2.548,2.556,2.561,2.573,2.583,2.596,2.613,2.630,2.638,2.649,2.662,2.682,2.698,2.710,2.722,2.731,2.745,2.756,2.772,2.778,2.782,2.780,2.782,2.817,2.837,2.837,3.000,3.000,3.000,3.000,3.000,3.000,3.000,3.000,3.000,3.000,3.000,3.000,3.000,3.000,3.000,3.000,3.000,3.000,3.000,3.000,3.000,3.000,3.000,3.000,3.000,3.000,3.000,3.000,3.000,3.000,3.000,3.000,3.000,3.000,3.000
3.000,3.000,3.000,3.000,3.000,3.000,3.000,3.000,3.000,3.000,3.000,3.000,3.000,3.000,3.000,3.000,3.000,3.000,3.000,3.000,3.000,3.000,3.000,3.000,3.000,3.000,3.000,3.000,3.000,3.000,3.000,3.000,3.000,3.000,2.202,2.202,2.200,2.201,2.194,2.195,2.182,2.177,2.169,2.166,2.158,2.156,2.152,2.148,2.145,2.143,2.141,2.138,2.132,2.128,2.123,2.119,2.115,2.113,2.110,2.107,2.104,2.101,2.099,2.093,2.088,2.086,2.085,2.081,2.076,2.073,2.069,2.064,2.062,2.061,2.061,2.060,2.060,2.057,2.051,2.048,2.044,2.041,2.038,2.035,2.029,2.021,2.022,2.010,2.004,2.001,1.999,1.999,2.029,2.029,2.029,2.027,2.018,2.018,2.016,1.980,1.987,1.997,2.005,2.008,2.013,2.015,2.016,2.016,2.017,2.018,2.018,2.018,2.020,2.022,2.023,2.021,2.018,2.018,2.019,2.018,2.019,2.019,2.018,2.018,2.016,2.018,2.018,2.018,2.016,2.014,2.013,2.012,2.011,2.011,2.011,2.011,2.012,2.011,2.010,2.010,2.009,2.010,2.011,2.010,2.010,2.010,2.009,2.009,2.010,2.014,2.015,2.016,2.017,2.018,2.020,2.021,2.026,2.025,2.029,2.028,2.033,2.034,2.038,2.040,2.043,2.043,2.047,2.048,2.050,2.051,2.053,2.054,2.055,2.056,2.059,2.061,2.064,2.066,2.069,2.072,2.075,2.077,2.080,2.083,2.087,2.090,2.093,2.095,2.097,2.100,2.104,2.109,2.111,2.114,2.115,2.118,2.122,2.127,2.131,2.135,2.139,2.143,2.146,2.150,2.153,2.155,2.159,2.164,2.168,2.174,2.178,2.184,2.188,2.193,2.196,2.200,2.204,2.208,2.216,2.220,2.228,2.233,2.239,2.244,2.249,2.256,2.262,2.270,2.275,2.280,2.288,2.294,2.301,2.307,2.313,2.323,2.329,2.335,2.339,2.347,2.354,2.360,2.367,2.373,2.381,2.387,2.395,2.401,2.415,2.428,2.437,2.447,2.461,2.471,2.485,2.495,2.509,2.515,2.532,2.539,2.547,2.553,2.562,2.571,2.584,2.595,2.619,2.627,2.640,2.652,2.668,2.680,2.698,2.711,2.720,2.734,2.739,2.759,2.766,2.768,2.769,2.771,2.796,2.817,2.837,3.000,3.000,3.000,3.000,3.000,3.000,3.000,3.000,3.000,3.000,3.000,3.000,3.000,3.000,3.000,3.000,3.000,3.000,3.000,3.000,3.000,3.000,3.000,3.000,3.000,3.000,3.000,3.000,3.000,3.000,3.000,3.000,3.000,3.000,3.000
3.000,3.000,3.000,3.000,3.000,3.000,3.000,3.000,3.000,3.000,3.000,3.000,3.000,3.000,3.000,3.000,3.000,3.000,3.000,3.000,3.000,3.000,3.000,3.000,3.000,3.000,3.000,3.000,3.000,3.000,3.000,3.000,3.000,3.000,2.202,2.201,2.197,2.196,2.184,2.181,2.174,2.169,2.161,2.154,2.149,2.146,2.144,2.141,2.137,2.134,2.133,2.128,2.124,2.120,2.116,2.113,2.109,2.106,2.103,2.100,2.097,2.093,2.088,2.084,2.080,2.080,2.078,2.075,2.070,2.067,2.062,2.058,2.055,2.054,2.052,2.051,2.051,2.047,2.042,2.038,2.033,2.029,2.025,2.020,2.011,2.006,2.001,1.993,1.981,1.970,2.001,1.999,1.999,3.000,3.000,3.000,3.000,3.000,1.980,1.947,1.955,1.974,1.989,1.994,2.000,2.003,2.005,2.006,2.005,2.007,2.006,2.007,2.007,2.009,2.010,2.010,2.008,2.008,2.009,2.008,2.008,2.008,2.008,2.009,2.009,2.010,2.011,2.011,2.010,2.008,2.006,2.006,2.005,2.005,2.005,2.006,2.005,2.005,2.002,2.003,2.001,2.002,2.002,2.002,2.003,2.002,2.003,2.002,2.003,2.005,2.006,2.008,2.009,2.011,2.013,2.014,2.017,2.017,2.020,2.020,2.021,2.024,2.030,2.032,2.034,2.036,2.039,2.040,2.043,2.045,2.046,2.048,2.049,2.050,2.052,2.055,2.058,2.060,2.063,2.066,2.069,2.071,2.074,2.076,2.081,2.084,2.087,2.088,2.090,2.092,2.097,2.101,2.104,2.107,2.109,2.112,2.116,2.121,2.126,2.129,2.134,2.138,2.141,2.145,2.148,2.150,2.154,2.159,2.163,2.168,2.172,2.177,2.180,2.184,2.189,2.192,2.196,2.200,2.205,2.210,2.217,2.224,2.230,2.235,2.240,2.247,2.253,2.260,2.265,2.272,2.280,2.287,2.293,2.300,2.307,2.317,2.323,2.328,2.333,2.339,2.348,2.354,2.361,2.367,2.375,2.381,2.389,2.395,2.409,2.421,2.430,2.439,2.453,2.461,2.473,2.481,2.492,2.497,2.518,2.527,2.535,2.541,2.552,2.561,2.572,2.582,2.606,2.615,2.629,2.639,2.652,2.662,2.675,2.694,2.705,2.715,2.721,2.742,2.752,2.758,2.760,2.763,2.786,2.800,2.817,3.000,3.000,3.000,3.000,3.000,3.000,3.000,3.000,3.000,3.000,3.000,3.000,3.000,3.000,3.000,3.000,3.000,3.000,3.000,3.000,3.000,3.000,3.000,3.000,3.000,3.000,3.000,3.000,3.000,3.000,3.000,3.000,3.000,3.000,3.000
3.000,3.000,3.000,3.000,3.000,3.000,3.000,3.000,3.000,3.000,3.000,3.000,3.000,3.000,3.000,3.000,3.000,3.000,3.000,3.000,3.000,3.000,3.000,3.000,3.000,3.000,3.000,3.000,3.000,3.000,3.000,3.000,3.000,3.000,2.201,2.191,2.190,2.188,2.177,2.171,2.164,2.156,2.148,2.146,2.140,2.138,2.135,2.132,2.130,2.125,2.124,2.119,2.116,2.114,2.109,2.105,2.102,2.098,2.096,2.090,2.087,2.084,2.079,2.073,2.070,2.072,2.071,2.069,2.065,2.061,2.056,2.052,2.050,2.048,2.046,2.044,2.043,2.040,2.035,2.030,2.024,2.020,2.015,2.008,2.000,1.994,1.987,1.976,1.960,1.981,1.970,3.000,3.000,3.000,3.000,3.000,3.000,3.000,1.947,1.955,1.974,1.954,1.973,1.981,1.989,1.994,1.996,1.997,1.997,1.998,1.998,1.999,1.998,2.000,2.001,2.001,2.001,2.001,2.003,2.002,2.002,2.002,2.002,2.003,2.003,2.004,2.004,2.005,2.002,2.001,2.000,2.000,2.000,2.001,2.001,2.001,2.000,2.000,1.996,1.997,1.996,1.997,1.996,1.996,1.997,1.997,1.998,1.997,1.998,1.999,2.000,2.002,2.004,2.005,2.007,2.008,2.011,2.011,2.013,2.013,2.015,2.017,2.022,2.025,2.028,2.029,2.031,2.033,2.035,2.037,2.039,2.041,2.042,2.043,2.045,2.048,2.051,2.054,2.057,2.059,2.062,2.065,2.068,2.070,2.074,2.077,2.080,2.082,2.084,2.086,2.090,2.095,2.098,2.101,2.104,2.106,2.110,2.115,2.119,2.123,2.129,2.133,2.136,2.139,2.142,2.146,2.149,2.154,2.158,2.161,2.167,2.171,2.175,2.179,2.183,2.187,2.190,2.194,2.199,2.203,2.209,2.216,2.224,2.229,2.234,2.240,2.247,2.253,2.258,2.265,2.273,2.278,2.285,2.292,2.299,2.309,2.315,2.321,2.326,2.332,2.342,2.346,2.355,2.361,2.370,2.377,2.384,2.389,2.401,2.412,2.420,2.428,2.441,2.450,2.459,2.465,2.475,2.482,2.495,2.513,2.522,2.527,2.536,2.548,2.560,2.570,2.587,2.602,2.614,2.625,2.639,2.650,2.661,2.675,2.695,2.706,2.713,2.734,2.745,2.752,2.756,2.760,2.781,2.795,2.800,2.797,3.000,3.000,3.000,3.000,3.000,3.000,3.000,3.000,3.000,3.000,3.000,3.000,3.000,3.000,3.000,3.000,3.000,3.000,3.000,3.000,3.000,3.000,3.000,3.000,3.000,3.000,3.000,3.000,3.000,3.000,3.000,3.000,3.000,3.000
3.000,3.000,3.000,3.000,3.000,3.000,3.000,3.000,3.000,3.000,3.000,3.000,3.000,3.000,3.000,3.000,3.000,3.000,3.000,3.000,3.000,3.000,3.000,3.000,3.000,3.000,3.000,3.000,3.000,3.000,2.195,2.195,2.195,2.191,2.191,2.183,2.181,2.178,2.170,2.162,2.155,2.148,2.141,2.138,2.133,2.131,2.129,2.125,2.122,2.118,2.116,2.113,2.110,2.107,2.102,2.099,2.095,2.091,2.087,2.083,2.080,2.077,2.072,2.066,2.063,2.061,2.062,2.062,2.058,2.052,2.049,2.046,2.043,2.041,2.038,2.035,2.033,2.030,2.026,2.019,2.014,2.010,2.005,1.997,1.989,1.982,1.969,1.950,1.976,1.960,3.000,3.000,3.000,3.000,3.000,3.000,3.000,3.000,3.000,3.000,1.954,1.973,1.946,1.965,1.976,1.980,1.984,1.986,1.986,1.988,1.988,1.989,1.989,1.990,1.992,1.992,1.993,1.992,1.995,1.995,1.995,1.994,1.994,1.996,1.996,1.996,1.997,1.997,1.995,1.995,1.994,1.994,1.993,1.994,1.995,1.995,1.993,1.993,1.991,1.990,1.990,1.990,1.991,1.991,1.992,1.992,1.992,1.991,1.991,1.993,1.993,1.996,1.998,2.000,2.001,2.003,2.005,2.006,2.008,2.008,2.009,2.011,2.015,2.018,2.021,2.023,2.024,2.025,2.026,2.028,2.029,2.032,2.033,2.036,2.038,2.041,2.043,2.047,2.049,2.052,2.055,2.057,2.059,2.061,2.066,2.068,2.073,2.076,2.077,2.079,2.083,2.086,2.091,2.094,2.097,2.100,2.104,2.107,2.111,2.114,2.122,2.127,2.131,2.134,2.137,2.141,2.144,2.148,2.152,2.155,2.159,2.163,2.167,2.171,2.175,2.179,2.182,2.186,2.192,2.196,2.201,2.207,2.214,2.220,2.225,2.233,2.239,2.244,2.249,2.256,2.263,2.268,2.276,2.283,2.291,2.298,2.305,2.310,2.317,2.323,2.333,2.339,2.347,2.354,2.363,2.370,2.376,2.382,2.393,2.404,2.412,2.420,2.433,2.442,2.451,2.457,2.467,2.473,2.486,2.502,2.512,2.519,2.527,2.537,2.551,2.562,2.579,2.592,2.604,2.613,2.630,2.640,2.651,2.661,2.685,2.697,2.704,2.717,2.727,2.735,2.741,2.751,2.772,2.785,2.797,2.797,3.000,3.000,3.000,3.000,3.000,3.000,3.000,3.000,3.000,3.000,3.000,3.000,3.000,3.000,3.000,3.000,3.000,3.000,3.000,3.000,3.000,3.000,3.000,3.000,3.000,3.000,3.000,3.000,3.000,3.000,3.000,3.000,3.000,3.000
3.000,3.000,3.000,3.000,3.000,3.000,3.000,3.000,3.000,3.000,3.000,3.000,3.000,3.000,3.000,3.000,3.000,3.000,3.000,3.000,3.000,3.000,3.000,3.000,3.000,3.000,3.000,3.000,3.000,3.000,2.195,2.195,2.191,2.184,2.184,2.177,2.175,2.168,2.164,2.155,2.150,2.143,2.136,2.133,2.129,2.127,2.125,2.121,2.116,2.113,2.111,2.107,2.103,2.100,2.096,2.092,2.089,2.083,2.080,2.077,2.074,2.070,2.064,2.059,2.056,2.054,2.053,2.053,2.049,2.045,2.042,2.039,2.037,2.035,2.031,2.027,2.026,2.023,2.016,2.010,2.005,2.000,1.994,1.986,1.975,1.967,1.954,1.928,1.950,3.000,3.000,3.000,3.000,3.000,3.000,3.000,3.000,3.000,3.000,3.000,3.000,1.946,1.930,1.950,1.961,1.969,1.972,1.975,1.978,1.980,1.981,1.982,1.982,1.983,1.985,1.985,1.985,1.985,1.988,1.988,1.988,1.987,1.987,1.988,1.988,1.989,1.989,1.990,1.988,1.988,1.987,1.988,1.987,1.986,1.986,1.986,1.985,1.984,1.984,1.984,1.983,1.983,1.985,1.985,1.986,1.986,1.987,1.986,1.986,1.988,1.988,1.990,1.993,1.995,1.996,1.997,2.000,2.001,2.003,2.003,2.004,2.006,2.010,2.012,2.015,2.017,2.018,2.019,2.020,2.021,2.022,2.025,2.027,2.029,2.031,2.034,2.037,2.041,2.044,2.046,2.048,2.050,2.052,2.055,2.058,2.061,2.066,2.069,2.071,2.073,2.076,2.079,2.083,2.087,2.090,2.093,2.097,2.101,2.105,2.108,2.113,2.120,2.125,2.128,2.131,2.135,2.137,2.142,2.144,2.150,2.154,2.157,2.162,2.165,2.170,2.174,2.177,2.181,2.185,2.190,2.194,2.199,2.205,2.211,2.216,2.224,2.230,2.236,2.242,2.248,2.255,2.260,2.267,2.273,2.284,2.290,2.297,2.301,2.308,2.315,2.324,2.329,2.340,2.346,2.355,2.363,2.369,2.375,2.384,2.395,2.402,2.410,2.422,2.433,2.443,2.449,2.459,2.466,2.479,2.490,2.504,2.512,2.522,2.531,2.547,2.559,2.574,2.586,2.596,2.605,2.620,2.629,2.639,2.646,2.669,2.688,2.697,2.708,2.718,2.726,2.734,2.744,2.765,2.779,2.789,2.797,3.000,3.000,3.000,3.000,3.000,3.000,3.000,3.000,3.000,3.000,3.000,3.000,3.000,3.000,3.000,3.000,3.000,3.000,3.000,3.000,3.000,3.000,3.000,3.000,3.000,3.000,3.000,3.000,3.000,3.000,3.000,3.000,3.000,3.000
3.000,3.000,3.000,3.000,3.000,3.000,3.000,3.000,3.000,3.000,3.000,3.000,3.000,3.000,3.000,3.000,3.000,3.000,3.000,3.000,3.000,3.000,3.000,3.000,3.000,3.000,3.000,3.000,3.000,2.199,2.199,2.195,2.190,2.182,2.180,2.172,2.169,2.164,2.159,2.152,2.147,2.140,2.133,2.130,2.125,2.124,2.121,2.116,2.112,2.108,2.105,2.101,2.094,2.089,2.087,2.084,2.080,2.075,2.073,2.069,2.066,2.062,2.054,2.052,2.049,2.047,2.045,2.043,2.039,2.037,2.035,2.032,2.029,2.027,2.024,2.020,2.018,2.017,2.011,2.005,1.999,1.993,1.986,1.976,1.966,1.955,1.940,1.954,1.928,3.000,3.000,3.000,3.000,3.000,3.000,3.000,3.000,3.000,3.000,3.000,3.000,1.930,1.950,1.931,1.950,1.957,1.962,1.965,1.968,1.972,1.974,1.975,1.975,1.976,1.978,1.978,1.979,1.979,1.981,1.982,1.982,1.981,1.981,1.981,1.982,1.982,1.982,1.984,1.982,1.983,1.982,1.982,1.981,1.981,1.981,1.981,1.981,1.979,1.979,1.978,1.978,1.978,1.980,1.981,1.982,1.982,1.982,1.982,1.982,1.983,1.983,1.985,1.988,1.989,1.991,1.992,1.994,1.995,1.997,1.997,1.999,2.001,2.004,2.006,2.008,2.010,2.010,2.011,2.012,2.014,2.017,2.020,2.021,2.023,2.026,2.029,2.032,2.036,2.038,2.040,2.042,2.044,2.046,2.049,2.051,2.054,2.056,2.062,2.065,2.067,2.070,2.073,2.077,2.081,2.083,2.087,2.090,2.095,2.099,2.102,2.106,2.110,2.116,2.120,2.124,2.127,2.130,2.134,2.137,2.141,2.145,2.150,2.154,2.158,2.163,2.167,2.171,2.175,2.179,2.183,2.186,2.191,2.197,2.203,2.208,2.214,2.219,2.225,2.233,2.239,2.245,2.249,2.258,2.265,2.272,2.280,2.287,2.292,2.299,2.305,2.315,2.320,2.329,2.339,2.347,2.355,2.361,2.368,2.377,2.385,2.393,2.400,2.412,2.420,2.432,2.440,2.448,2.456,2.464,2.480,2.496,2.505,2.515,2.526,2.543,2.554,2.569,2.579,2.589,2.598,2.609,2.617,2.626,2.636,2.650,2.677,2.689,2.701,2.712,2.720,2.730,2.739,2.753,2.773,2.784,2.790,2.801,2.820,2.849,2.849,2.849,3.000,3.000,3.000,3.000,3.000,3.000,3.000,3.000,3.000,3.000,3.000,3.000,3.000,3.000,3.000,3.000,3.000,3.000,3.000,3.000,3.000,3.000,3.000,3.000,3.000,3.000,3.000,3.000,3.000
3.000,3.000,3.000,3.000,3.000,3.000,3.000,3.000,3.000,3.000,3.000,3.000,3.000,3.000,3.000,3.000,3.000,3.000,3.000,3.000,3.000,3.000,3.000,3.000,3.000,3.000,3.000,3.000,3.000,2.199,2.199,2.194,2.189,2.180,2.177,2.168,2.164,2.160,2.156,2.150,2.145,2.138,2.131,2.128,2.123,2.121,2.117,2.112,2.108,2.104,2.099,2.093,2.088,2.082,2.077,2.075,2.072,2.066,2.065,2.061,2.058,2.053,2.046,2.043,2.042,2.041,2.038,2.036,2.033,2.031,2.029,2.024,2.022,2.020,2.017,2.015,2.014,2.013,2.007,2.001,1.995,1.989,1.981,1.970,1.959,1.945,1.929,1.940,3.000,3.000,3.000,0.521,0.522,0.527,0.535,0.535,0.535,3.000,3.000,3.000,3.000,3.000,1.931,1.921,1.942,1.950,1.953,1.956,1.961,1.965,1.968,1.969,1.969,1.969,1.971,1.972,1.973,1.973,1.974,1.973,1.975,1.973,1.973,1.974,1.975,1.975,1.976,1.976,1.977,1.978,1.977,1.977,1.976,1.976,1.977,1.977,1.977,1.976,1.975,1.974,1.975,1.975,1.977,1.978,1.979,1.979,1.979,1.980,1.980,1.980,1.980,1.982,1.984,1.986,1.987,1.988,1.990,1.991,1.992,1.993,1.994,1.995,1.999,2.002,2.003,2.005,2.005,2.006,2.007,2.009,2.012,2.016,2.017,2.019,2.021,2.024,2.027,2.030,2.033,2.035,2.037,2.039,2.041,2.044,2.046,2.047,2.050,2.056,2.059,2.062,2.065,2.068,2.072,2.076,2.078,2.082,2.085,2.089,2.094,2.095,2.101,2.104,2.109,2.115,2.119,2.123,2.126,2.130,2.132,2.136,2.140,2.144,2.149,2.152,2.158,2.162,2.166,2.170,2.174,2.178,2.181,2.185,2.191,2.195,2.201,2.207,2.212,2.217,2.224,2.232,2.237,2.241,2.250,2.258,2.265,2.273,2.281,2.286,2.293,2.299,2.307,2.313,2.323,2.334,2.341,2.348,2.355,2.363,2.371,2.379,2.386,2.392,2.403,2.412,2.424,2.432,2.440,2.448,2.454,2.470,2.485,2.498,2.509,2.520,2.535,2.544,2.562,2.573,2.584,2.593,2.603,2.612,2.621,2.630,2.644,2.667,2.681,2.694,2.706,2.714,2.724,2.732,2.746,2.761,2.772,2.787,2.790,2.801,2.820,2.849,2.874,2.874,3.000,3.000,3.000,3.000,3.000,3.000,3.000,3.000,3.000,3.000,3.000,3.000,3.000,3.000,3.000,3.000,3.000,3.000,3.000,3.000,3.000,3.000,3.000,3.000,3.000,3.000,3.000,3.000
3.000,3.000,3.000,3.000,3.000,3.000,3.000,3.000,3.000,3.000,3.000,3.000,3.000,3.000,3.000,3.000,3.000,3.000,3.000,3.000,3.000,3.000,3.000,3.000,3.000,3.000,3.000,2.189,2.190,2.199,2.196,2.191,2.186,2.174,2.168,2.161,2.158,2.155,2.151,2.145,2.140,2.133,2.124,2.122,2.116,2.114,2.105,2.102,2.101,2.097,2.092,2.086,2.079,2.072,2.067,2.065,2.062,2.057,2.054,2.047,2.043,2.041,2.038,2.036,2.035,2.033,2.030,2.029,2.027,2.026,2.024,2.019,2.017,2.015,2.013,2.010,2.009,2.008,2.002,1.996,1.990,1.984,1.975,1.963,1.950,1.935,1.945,1.929,3.000,3.000,0.506,0.521,0.521,0.522,0.527,0.535,0.535,0.531,3.000,3.000,3.000,3.000,1.921,1.910,1.933,1.941,1.944,1.948,1.952,1.957,1.958,1.959,1.959,1.961,1.963,1.963,1.966,1.967,1.967,1.965,1.966,1.966,1.966,1.967,1.967,1.967,1.968,1.969,1.970,1.971,1.971,1.971,1.971,1.971,1.972,1.973,1.973,1.972,1.971,1.971,1.971,1.972,1.974,1.975,1.975,1.976,1.977,1.978,1.977,1.978,1.977,1.979,1.980,1.981,1.983,1.984,1.986,1.987,1.988,1.989,1.989,1.990,1.994,1.997,1.998,1.999,1.999,2.000,2.002,2.003,2.005,2.010,2.011,2.013,2.015,2.018,2.022,2.025,2.026,2.030,2.032,2.034,2.036,2.038,2.039,2.041,2.044,2.048,2.052,2.055,2.059,2.062,2.066,2.070,2.071,2.075,2.079,2.083,2.088,2.090,2.095,2.098,2.103,2.108,2.113,2.118,2.121,2.125,2.127,2.131,2.135,2.138,2.142,2.145,2.151,2.156,2.161,2.165,2.169,2.173,2.176,2.180,2.186,2.189,2.196,2.202,2.206,2.211,2.218,2.224,2.229,2.234,2.241,2.248,2.257,2.265,2.272,2.278,2.285,2.290,2.299,2.305,2.316,2.327,2.335,2.342,2.349,2.356,2.365,2.372,2.379,2.385,2.396,2.405,2.415,2.425,2.432,2.440,2.447,2.461,2.477,2.492,2.503,2.513,2.529,2.539,2.553,2.565,2.578,2.588,2.598,2.606,2.615,2.625,2.638,2.658,2.674,2.684,2.699,2.708,2.719,2.728,2.741,2.753,2.764,2.779,2.787,2.799,2.822,2.848,2.874,2.874,3.000,3.000,3.000,3.000,3.000,3.000,3.000,3.000,3.000,3.000,3.000,3.000,3.000,3.000,3.000,3.000,3.000,3.000,3.000,3.000,3.000,3.000,3.000,3.000,3.000,3.000,3.000,3.000
3.000,3.000,3.000,3.000,3.000,3.000,3.000,3.000,3.000,3.000,3.000,3.000,3.000,3.000,3.000,3.000,3.000,3.000,3.000,3.000,3.000,3.000,3.000,3.000,3.000,3.000,3.000,2.189,2.189,2.190,2.189,2.184,2.178,2.168,2.162,2.156,2.152,2.149,2.144,2.139,2.133,2.125,2.115,2.112,2.106,2.106,2.095,2.094,2.091,2.089,2.085,2.080,2.073,2.066,2.061,2.059,2.055,2.051,2.044,2.039,2.035,2.032,2.029,2.029,2.028,2.027,2.024,2.022,2.022,2.020,2.019,2.015,2.012,2.010,2.007,2.004,1.999,2.001,1.993,1.989,1.983,1.976,1.966,1.948,1.936,1.920,1.935,3.000,3.000,0.499,0.506,0.506,0.505,0.506,0.511,0.519,0.531,0.531,3.000,3.000,3.000,3.000,1.910,1.897,1.918,1.930,1.933,1.938,1.944,1.948,1.951,1.951,1.953,1.954,1.956,1.957,1.959,1.960,1.960,1.959,1.960,1.960,1.960,1.961,1.960,1.960,1.961,1.962,1.963,1.963,1.965,1.965,1.965,1.965,1.967,1.967,1.967,1.967,1.966,1.966,1.967,1.967,1.969,1.970,1.970,1.971,1.971,1.972,1.970,1.970,1.971,1.974,1.975,1.976,1.977,1.979,1.982,1.983,1.984,1.984,1.983,1.984,1.987,1.991,1.992,1.993,1.994,1.995,1.996,1.997,2.000,2.002,2.005,2.007,2.009,2.011,2.015,2.018,2.020,2.023,2.025,2.028,2.031,2.032,2.033,2.036,2.038,2.041,2.045,2.047,2.051,2.053,2.058,2.060,2.062,2.067,2.071,2.075,2.080,2.082,2.086,2.090,2.096,2.100,2.104,2.110,2.114,2.117,2.120,2.123,2.129,2.132,2.136,2.139,2.145,2.150,2.156,2.160,2.165,2.168,2.172,2.175,2.182,2.185,2.192,2.197,2.201,2.206,2.213,2.218,2.224,2.229,2.235,2.242,2.250,2.260,2.266,2.272,2.278,2.284,2.293,2.299,2.307,2.316,2.328,2.335,2.343,2.349,2.359,2.366,2.374,2.380,2.389,2.397,2.408,2.418,2.427,2.434,2.442,2.456,2.471,2.484,2.497,2.506,2.520,2.532,2.544,2.554,2.571,2.581,2.592,2.600,2.609,2.617,2.630,2.648,2.664,2.675,2.692,2.701,2.710,2.722,2.736,2.749,2.762,2.777,2.787,2.802,2.827,2.848,2.874,2.883,2.883,3.000,3.000,3.000,3.000,3.000,3.000,3.000,3.000,3.000,3.000,3.000,3.000,3.000,3.000,3.000,3.000,3.000,3.000,3.000,3.000,3.000,3.000,3.000,3.000,3.000,3.000,3.000
3.000,3.000,3.000,3.000,3.000,3.000,3.000,3.000,3.000,3.000,3.000,3.000,3.000,3.000,3.000,3.000,3.000,3.000,3.000,3.000,3.000,3.000,3.000,3.000,3.000,3.000,3.000,2.189,2.179,2.175,2.173,2.168,2.165,2.159,2.155,2.149,2.145,2.142,2.137,2.132,2.123,2.116,2.108,2.105,2.099,2.094,2.089,2.088,2.085,2.082,2.079,2.074,2.065,2.060,2.055,2.053,2.048,2.043,2.038,2.032,2.027,2.025,2.023,2.023,2.021,2.019,2.016,2.015,2.014,2.012,2.011,2.007,2.005,2.004,2.000,1.997,1.991,1.989,1.983,1.979,1.973,1.965,1.954,1.939,1.926,1.903,1.920,3.000,3.000,0.499,0.499,0.493,0.493,0.495,0.500,0.507,0.519,0.532,0.532,3.000,3.000,3.000,1.897,1.918,1.907,1.918,1.924,1.929,1.935,1.941,1.944,1.945,1.946,1.947,1.949,1.948,1.952,1.953,1.953,1.953,1.954,1.954,1.955,1.954,1.954,1.954,1.955,1.955,1.956,1.957,1.959,1.960,1.960,1.960,1.960,1.962,1.962,1.963,1.962,1.962,1.962,1.963,1.964,1.965,1.965,1.965,1.965,1.965,1.965,1.965,1.966,1.969,1.970,1.970,1.971,1.974,1.977,1.979,1.979,1.979,1.979,1.980,1.982,1.984,1.987,1.987,1.988,1.989,1.990,1.992,1.994,1.996,1.998,2.001,2.004,2.006,2.009,2.012,2.015,2.017,2.020,2.023,2.025,2.027,2.028,2.030,2.032,2.035,2.040,2.042,2.046,2.048,2.051,2.054,2.056,2.062,2.065,2.070,2.073,2.076,2.079,2.084,2.090,2.094,2.097,2.103,2.107,2.111,2.114,2.118,2.122,2.125,2.130,2.133,2.138,2.143,2.149,2.153,2.159,2.163,2.167,2.171,2.176,2.180,2.186,2.191,2.196,2.201,2.208,2.213,2.218,2.223,2.230,2.236,2.244,2.252,2.260,2.266,2.272,2.277,2.285,2.291,2.299,2.308,2.315,2.324,2.334,2.340,2.347,2.354,2.365,2.372,2.382,2.389,2.398,2.411,2.419,2.428,2.436,2.449,2.462,2.475,2.487,2.496,2.511,2.522,2.533,2.542,2.561,2.573,2.584,2.592,2.602,2.610,2.623,2.638,2.654,2.667,2.678,2.687,2.696,2.714,2.729,2.744,2.754,2.773,2.783,2.796,2.818,2.844,2.873,2.883,2.883,3.000,3.000,3.000,3.000,3.000,3.000,3.000,3.000,3.000,3.000,3.000,3.000,3.000,3.000,3.000,3.000,3.000,3.000,3.000,3.000,3.000,3.000,3.000,3.000,3.000,3.000,3.000
3.000,3.000,3.000,3.000,3.000,3.000,3.000,3.000,3.000,3.000,3.000,3.000,3.000,3.000,3.000,3.000,3.000,3.000,3.000,3.000,3.000,3.000,3.000,3.000,3.000,3.000,3.000,2.179,2.173,2.169,2.165,2.160,2.155,2.145,2.143,2.140,2.137,2.134,2.127,2.121,2.114,2.106,2.101,2.098,2.089,2.086,2.082,2.081,2.079,2.076,2.072,2.065,2.057,2.053,2.049,2.047,2.042,2.037,2.032,2.026,2.022,2.019,2.016,2.017,2.016,2.014,2.011,2.008,2.007,2.006,2.005,2.001,1.998,1.997,1.994,1.990,1.984,1.982,1.976,1.972,1.964,1.957,1.946,1.930,1.913,1.926,1.903,3.000,3.000,0.499,0.489,0.484,0.485,0.487,0.492,0.498,0.510,0.532,0.532,3.000,3.000,3.000,3.000,1.907,1.897,1.909,1.916,1.922,1.928,1.935,1.938,1.939,1.940,1.941,1.941,1.941,1.944,1.947,1.948,1.947,1.948,1.949,1.950,1.949,1.950,1.950,1.951,1.951,1.952,1.953,1.955,1.956,1.956,1.955,1.955,1.956,1.956,1.958,1.956,1.958,1.957,1.958,1.959,1.960,1.961,1.961,1.961,1.961,1.961,1.961,1.963,1.965,1.965,1.965,1.966,1.968,1.973,1.974,1.975,1.973,1.973,1.976,1.978,1.980,1.982,1.983,1.983,1.984,1.985,1.987,1.989,1.991,1.993,1.996,1.999,2.002,2.004,2.007,2.010,2.013,2.015,2.018,2.020,2.023,2.024,2.026,2.028,2.031,2.036,2.038,2.041,2.044,2.047,2.049,2.052,2.056,2.060,2.064,2.066,2.068,2.072,2.078,2.084,2.089,2.092,2.098,2.101,2.106,2.109,2.113,2.117,2.121,2.126,2.129,2.133,2.137,2.144,2.149,2.154,2.158,2.162,2.165,2.170,2.174,2.180,2.185,2.190,2.195,2.203,2.208,2.214,2.219,2.226,2.232,2.239,2.246,2.255,2.261,2.267,2.271,2.277,2.284,2.292,2.301,2.308,2.315,2.324,2.331,2.340,2.347,2.357,2.365,2.373,2.382,2.391,2.401,2.409,2.417,2.426,2.439,2.451,2.464,2.476,2.483,2.501,2.512,2.523,2.532,2.544,2.560,2.575,2.581,2.592,2.600,2.617,2.632,2.648,2.658,2.670,2.677,2.684,2.695,2.717,2.736,2.746,2.759,2.775,2.788,2.804,2.834,2.872,2.881,2.884,2.884,3.000,3.000,3.000,3.000,3.000,3.000,3.000,3.000,3.000,3.000,3.000,3.000,3.000,3.000,3.000,3.000,3.000,3.000,3.000,3.000,3.000,3.000,3.000,3.000,3.000,3.000
3.000,3.000,3.000,3.000,3.000,3.000,3.000,3.000,3.000,3.000,3.000,3.000,3.000,3.000,3.000,3.000,3.000,3.000,3.000,3.000,3.000,3.000,3.000,3.000,3.000,2.174,2.174,2.174,2.170,2.165,2.161,2.154,2.150,2.138,2.135,2.131,2.130,2.123,2.118,2.112,2.101,2.096,2.091,2.088,2.081,2.078,2.073,2.074,2.070,2.066,2.062,2.057,2.051,2.046,2.044,2.041,2.035,2.031,2.024,2.020,2.016,2.013,2.011,2.012,2.010,2.008,2.005,2.001,2.001,1.998,1.998,1.994,1.990,1.988,1.986,1.982,1.977,1.975,1.970,1.964,1.957,1.950,1.939,1.924,1.906,1.913,3.000,3.000,3.000,0.489,0.480,0.475,0.477,0.481,0.486,0.492,0.501,0.522,0.532,3.000,3.000,3.000,3.000,1.897,1.875,1.895,1.906,1.913,1.919,1.926,1.931,1.933,1.934,1.935,1.935,1.936,1.939,1.942,1.942,1.942,1.944,1.945,1.945,1.945,1.946,1.946,1.946,1.947,1.948,1.949,1.951,1.952,1.951,1.951,1.950,1.951,1.950,1.952,1.951,1.952,1.952,1.953,1.955,1.956,1.957,1.957,1.957,1.957,1.956,1.957,1.958,1.960,1.960,1.960,1.961,1.963,1.966,1.969,1.968,1.968,1.969,1.971,1.974,1.975,1.977,1.979,1.979,1.980,1.981,1.983,1.985,1.987,1.988,1.991,1.994,1.996,1.998,2.001,2.004,2.006,2.009,2.013,2.015,2.018,2.019,2.022,2.023,2.026,2.030,2.031,2.036,2.039,2.042,2.044,2.047,2.051,2.055,2.059,2.061,2.063,2.067,2.073,2.079,2.083,2.086,2.092,2.096,2.100,2.104,2.108,2.112,2.117,2.121,2.124,2.128,2.132,2.136,2.142,2.149,2.153,2.156,2.160,2.164,2.168,2.174,2.180,2.184,2.190,2.198,2.202,2.208,2.213,2.219,2.226,2.232,2.238,2.246,2.254,2.261,2.265,2.271,2.278,2.285,2.293,2.301,2.308,2.315,2.323,2.332,2.340,2.348,2.359,2.367,2.374,2.384,2.395,2.403,2.410,2.419,2.429,2.441,2.453,2.465,2.475,2.492,2.503,2.514,2.523,2.536,2.547,2.563,2.572,2.584,2.593,2.612,2.627,2.643,2.653,2.666,2.673,2.679,2.690,2.712,2.746,2.759,2.775,2.788,2.804,2.800,2.822,2.869,2.878,2.884,2.893,3.000,3.000,3.000,3.000,3.000,3.000,3.000,3.000,3.000,3.000,3.000,3.000,3.000,3.000,3.000,3.000,3.000,3.000,3.000,3.000,3.000,3.000,3.000,3.000,3.000,3.000
3.000,3.000,3.000,3.000,3.000,3.000,3.000,3.000,3.000,3.000,3.000,3.000,3.000,3.000,3.000,3.000,3.000,3.000,3.000,3.000,3.000,3.000,3.000,3.000,3.000,2.174,2.174,2.168,2.163,2.159,2.152,2.148,2.143,2.132,2.130,2.125,2.120,2.115,2.108,2.103,2.094,2.089,2.084,2.081,2.074,2.069,2.064,2.063,2.060,2.058,2.054,2.049,2.042,2.038,2.037,2.034,2.028,2.022,2.016,2.014,2.010,2.007,2.004,2.003,2.002,1.999,1.997,1.994,1.992,1.991,1.990,1.987,1.984,1.981,1.978,1.974,1.970,1.968,1.963,1.958,1.951,1.944,1.933,1.918,1.898,1.906,3.000,3.000,3.000,0.480,0.473,0.468,0.471,0.475,0.480,0.486,0.495,0.509,0.522,3.000,3.000,3.000,3.000,1.875,1.895,1.879,1.892,1.904,1.910,1.917,1.922,1.926,1.928,1.927,1.930,1.931,1.935,1.937,1.937,1.937,1.939,1.940,1.941,1.941,1.941,1.942,1.942,1.942,1.943,1.945,1.946,1.947,1.945,1.945,1.945,1.946,1.945,1.946,1.946,1.947,1.947,1.949,1.950,1.951,1.952,1.952,1.952,1.952,1.952,1.953,1.954,1.955,1.954,1.955,1.957,1.958,1.961,1.963,1.963,1.963,1.965,1.967,1.969,1.971,1.973,1.974,1.975,1.976,1.977,1.980,1.981,1.983,1.984,1.987,1.989,1.991,1.993,1.996,1.999,2.001,2.003,2.006,2.009,2.012,2.014,2.016,2.018,2.020,2.024,2.025,2.028,2.033,2.037,2.039,2.041,2.045,2.050,2.053,2.056,2.058,2.062,2.068,2.072,2.076,2.078,2.082,2.089,2.094,2.097,2.102,2.107,2.111,2.115,2.119,2.123,2.126,2.130,2.135,2.142,2.146,2.149,2.152,2.157,2.161,2.167,2.173,2.177,2.182,2.190,2.195,2.201,2.206,2.212,2.218,2.225,2.231,2.238,2.245,2.254,2.259,2.264,2.270,2.278,2.286,2.294,2.301,2.309,2.318,2.327,2.335,2.343,2.354,2.362,2.368,2.376,2.386,2.395,2.402,2.410,2.420,2.429,2.444,2.454,2.465,2.479,2.488,2.503,2.509,2.525,2.532,2.550,2.558,2.577,2.587,2.608,2.621,2.639,2.649,2.662,2.669,2.675,2.683,2.712,2.712,3.000,3.000,3.000,2.800,2.837,2.837,2.876,2.883,2.893,2.893,3.000,3.000,3.000,3.000,3.000,3.000,3.000,3.000,3.000,3.000,3.000,3.000,3.000,3.000,3.000,3.000,3.000,3.000,3.000,3.000,3.000,3.000,3.000,3.000,3.000,3.000
3.000,3.000,3.000,3.000,3.000,3.000,3.000,3.000,3.000,3.000,3.000,3.000,3.000,3.000,3.000,3.000,3.000,3.000,3.000,3.000,3.000,3.000,3.000,3.000,2.147,2.174,2.154,2.158,2.154,2.148,2.144,2.139,2.133,2.126,2.124,2.120,2.115,2.109,2.103,2.097,2.088,2.084,2.078,2.073,2.067,2.063,2.056,2.053,2.051,2.049,2.046,2.039,2.034,2.030,2.026,2.024,2.017,2.014,2.009,2.007,2.003,1.999,1.996,1.994,1.993,1.992,1.991,1.988,1.986,1.985,1.984,1.981,1.978,1.973,1.971,1.967,1.964,1.961,1.957,1.952,1.945,1.938,1.927,1.912,1.889,1.898,3.000,3.000,3.000,0.473,0.469,0.461,0.466,0.470,0.477,0.482,0.491,0.504,0.509,3.000,3.000,3.000,3.000,3.000,1.879,1.871,1.884,1.896,1.903,1.910,1.914,1.916,1.917,1.918,1.923,1.925,1.928,1.930,1.931,1.931,1.933,1.934,1.934,1.935,1.935,1.936,1.936,1.937,1.937,1.939,1.937,1.937,1.937,1.938,1.938,1.940,1.940,1.940,1.941,1.941,1.942,1.943,1.945,1.946,1.946,1.947,1.946,1.947,1.946,1.948,1.948,1.948,1.947,1.948,1.949,1.952,1.955,1.956,1.956,1.958,1.959,1.962,1.964,1.966,1.968,1.970,1.971,1.972,1.974,1.976,1.977,1.980,1.981,1.983,1.985,1.987,1.989,1.992,1.994,1.996,1.998,2.001,2.003,2.006,2.008,2.011,2.012,2.015,2.017,2.019,2.022,2.026,2.030,2.033,2.034,2.040,2.045,2.048,2.051,2.053,2.057,2.063,2.067,2.070,2.072,2.076,2.083,2.086,2.090,2.094,2.101,2.106,2.110,2.113,2.118,2.121,2.124,2.129,2.135,2.139,2.143,2.146,2.150,2.154,2.160,2.165,2.170,2.175,2.182,2.188,2.194,2.197,2.204,2.209,2.215,2.221,2.230,2.237,2.244,2.252,2.258,2.263,2.270,2.279,2.287,2.295,2.303,2.312,2.320,2.329,2.337,2.346,2.356,2.362,2.369,2.380,2.388,2.395,2.403,2.411,2.420,2.434,2.444,2.458,2.472,2.480,2.493,2.500,2.511,2.521,2.539,2.548,2.565,2.575,2.599,2.612,2.628,2.641,2.655,2.662,2.667,2.668,2.683,3.000,3.000,3.000,3.000,3.000,2.837,2.876,2.874,2.881,2.888,2.893,3.000,3.000,3.000,3.000,3.000,3.000,3.000,3.000,3.000,3.000,3.000,3.000,3.000,3.000,3.000,3.000,3.000,3.000,3.000,3.000,3.000,3.000,3.000,3.000,3.000,3.000
3.000,3.000,3.000,3.000,3.000,3.000,3.000,3.000,3.000,3.000,3.000,3.000,3.000,3.000,3.000,3.000,3.000,3.000,3.000,3.000,3.000,3.000,3.000,3.000,2.147,2.147,2.147,2.148,2.146,2.141,2.135,2.130,2.125,2.119,2.117,2.113,2.110,2.105,2.099,2.093,2.084,2.079,2.073,2.067,2.062,2.057,2.051,2.047,2.043,2.041,2.039,2.032,2.027,2.023,2.020,2.016,2.010,2.006,2.000,1.998,1.994,1.991,1.988,1.986,1.985,1.986,1.984,1.982,1.979,1.979,1.979,1.976,1.971,1.967,1.964,1.961,1.958,1.955,1.950,1.945,1.937,1.930,1.917,1.902,1.873,1.889,1.829,3.000,3.000,0.469,0.466,0.456,0.459,0.465,0.472,0.478,0.485,0.497,0.504,3.000,3.000,3.000,3.000,3.000,1.871,1.862,1.877,1.890,1.897,1.904,1.907,1.909,1.911,1.912,1.915,1.917,1.922,1.924,1.926,1.926,1.928,1.928,1.928,1.929,1.930,1.931,1.930,1.932,1.932,1.932,1.932,1.932,1.932,1.932,1.932,1.934,1.933,1.934,1.935,1.935,1.936,1.938,1.940,1.941,1.941,1.942,1.941,1.942,1.940,1.942,1.943,1.943,1.942,1.943,1.944,1.947,1.950,1.952,1.952,1.953,1.955,1.957,1.959,1.961,1.964,1.965,1.967,1.968,1.970,1.972,1.973,1.976,1.977,1.979,1.981,1.983,1.985,1.988,1.990,1.992,1.994,1.997,1.999,2.001,2.003,2.005,2.007,2.008,2.011,2.014,2.017,2.020,2.024,2.027,2.029,2.033,2.039,2.042,2.046,2.048,2.051,2.056,2.061,2.063,2.066,2.070,2.077,2.081,2.085,2.088,2.095,2.100,2.102,2.106,2.111,2.115,2.119,2.124,2.130,2.134,2.139,2.141,2.145,2.150,2.155,2.160,2.163,2.169,2.176,2.182,2.187,2.190,2.197,2.202,2.208,2.214,2.221,2.229,2.236,2.244,2.251,2.257,2.262,2.271,2.280,2.288,2.296,2.305,2.313,2.322,2.329,2.339,2.349,2.355,2.362,2.370,2.381,2.388,2.395,2.403,2.411,2.426,2.436,2.448,2.463,2.470,2.475,2.483,2.500,2.510,2.523,2.532,2.552,2.561,2.584,2.598,2.619,2.628,2.647,2.653,2.657,2.656,2.668,3.000,3.000,3.000,3.000,3.000,3.000,2.874,2.862,2.868,2.888,2.888,3.000,3.000,3.000,3.000,3.000,3.000,3.000,3.000,3.000,3.000,3.000,3.000,3.000,3.000,3.000,3.000,3.000,3.000,3.000,3.000,3.000,3.000,3.000,3.000,3.000,3.000
3.000,3.000,3.000,3.000,3.000,3.000,3.000,3.000,3.000,3.000,3.000,3.000,3.000,3.000,3.000,3.000,3.000,3.000,3.000,3.000,3.000,3.000,3.000,3.000,2.147,2.141,2.141,2.142,2.139,2.132,2.125,2.123,2.120,2.115,2.113,2.109,2.105,2.101,2.096,2.089,2.078,2.074,2.068,2.062,2.056,2.052,2.046,2.041,2.037,2.035,2.031,2.026,2.018,2.014,2.010,2.007,2.001,1.998,1.995,1.992,1.989,1.986,1.983,1.981,1.980,1.980,1.979,1.975,1.973,1.974,1.973,1.970,1.965,1.961,1.959,1.956,1.952,1.949,1.941,1.937,1.928,1.920,1.910,1.894,1.866,1.829,1.829,3.000,3.000,0.466,0.466,0.452,0.455,0.461,0.467,0.473,0.481,0.493,0.508,0.508,3.000,3.000,3.000,3.000,1.862,1.852,1.868,1.881,1.888,1.896,1.898,1.902,1.904,1.906,1.909,1.912,1.916,1.919,1.921,1.922,1.922,1.923,1.923,1.924,1.925,1.925,1.926,1.926,1.926,1.927,1.927,1.927,1.927,1.928,1.928,1.930,1.929,1.930,1.930,1.930,1.931,1.932,1.935,1.936,1.936,1.936,1.935,1.936,1.935,1.937,1.938,1.938,1.937,1.938,1.939,1.942,1.945,1.947,1.947,1.949,1.950,1.952,1.954,1.954,1.956,1.957,1.959,1.962,1.964,1.967,1.968,1.971,1.971,1.974,1.975,1.977,1.979,1.983,1.985,1.987,1.990,1.993,1.994,1.996,1.998,2.001,2.002,2.004,2.006,2.009,2.012,2.015,2.019,2.022,2.024,2.028,2.034,2.037,2.041,2.043,2.046,2.051,2.055,2.058,2.061,2.065,2.072,2.075,2.079,2.082,2.087,2.094,2.097,2.100,2.105,2.110,2.113,2.119,2.123,2.129,2.134,2.136,2.139,2.143,2.149,2.153,2.157,2.162,2.169,2.175,2.179,2.184,2.189,2.195,2.201,2.207,2.215,2.222,2.229,2.237,2.244,2.250,2.256,2.265,2.274,2.283,2.290,2.300,2.307,2.315,2.322,2.331,2.340,2.346,2.353,2.360,2.366,2.375,2.382,2.389,2.399,2.417,2.427,2.437,2.446,2.454,2.464,2.472,2.488,2.498,2.509,2.518,2.536,2.547,2.571,2.619,2.628,2.647,2.653,2.657,2.649,2.642,2.656,3.000,3.000,3.000,3.000,3.000,3.000,2.862,2.850,2.860,2.868,3.000,3.000,3.000,3.000,3.000,3.000,3.000,3.000,3.000,3.000,3.000,3.000,3.000,3.000,3.000,3.000,3.000,3.000,3.000,3.000,3.000,3.000,3.000,3.000,3.000,3.000,3.000
3.000,3.000,3.000,3.000,3.000,3.000,3.000,3.000,3.000,3.000,3.000,3.000,3.000,3.000,3.000,3.000,3.000,3.000,3.000,3.000,3.000,3.000,3.000,2.136,2.141,2.134,2.131,2.131,2.131,2.120,2.117,2.115,2.115,2.111,2.109,2.105,2.101,2.097,2.091,2.083,2.072,2.068,2.063,2.058,2.051,2.047,2.042,2.037,2.032,2.030,2.026,2.019,2.014,2.010,2.006,2.003,1.998,1.995,1.992,1.990,1.986,1.983,1.979,1.978,1.977,1.977,1.975,1.971,1.969,1.968,1.968,1.963,1.960,1.956,1.953,1.950,1.945,1.943,1.935,1.930,1.922,1.914,1.905,1.889,1.861,1.820,1.829,3.000,3.000,3.000,0.453,0.452,0.452,0.457,0.464,0.469,0.478,0.489,0.508,0.508,3.000,3.000,3.000,3.000,1.852,1.868,1.857,1.869,1.877,1.886,1.891,1.895,1.898,1.899,1.902,1.906,1.910,1.914,1.916,1.917,1.918,1.919,1.920,1.920,1.921,1.921,1.922,1.921,1.922,1.923,1.924,1.924,1.924,1.925,1.925,1.926,1.926,1.926,1.926,1.926,1.927,1.928,1.932,1.933,1.933,1.933,1.931,1.932,1.932,1.933,1.934,1.935,1.933,1.935,1.936,1.938,1.941,1.944,1.943,1.944,1.946,1.948,1.949,1.950,1.952,1.954,1.955,1.957,1.960,1.963,1.964,1.967,1.967,1.969,1.970,1.972,1.975,1.978,1.981,1.984,1.986,1.989,1.991,1.993,1.995,1.998,1.999,2.001,2.003,2.006,2.009,2.012,2.015,2.017,2.020,2.023,2.028,2.033,2.036,2.037,2.041,2.046,2.050,2.054,2.056,2.060,2.065,2.068,2.072,2.075,2.081,2.088,2.092,2.095,2.099,2.104,2.108,2.113,2.117,2.123,2.129,2.130,2.134,2.138,2.144,2.148,2.152,2.156,2.163,2.170,2.174,2.179,2.184,2.190,2.195,2.201,2.210,2.217,2.223,2.230,2.239,2.245,2.251,2.260,2.269,2.277,2.284,2.293,2.301,2.308,2.317,2.325,2.334,2.339,2.345,2.351,2.358,2.364,2.370,2.376,2.382,2.406,2.417,2.429,2.438,2.446,2.457,2.465,2.478,2.491,2.501,2.509,2.523,2.571,2.571,2.571,3.000,3.000,3.000,2.649,2.649,2.649,2.642,3.000,3.000,3.000,3.000,3.000,3.000,2.850,2.860,2.860,2.860,3.000,3.000,3.000,3.000,3.000,3.000,3.000,3.000,3.000,3.000,3.000,3.000,3.000,3.000,3.000,3.000,3.000,3.000,3.000,3.000,3.000,3.000,3.000,3.000,3.000,3.000,3.000
3.000,3.000,3.000,3.000,3.000,3.000,3.000,3.000,3.000,3.000,3.000,3.000,3.000,3.000,3.000,3.000,3.000,3.000,3.000,3.000,3.000,3.000,2.137,2.137,2.136,2.130,2.126,2.125,2.123,2.112,2.111,2.110,2.109,2.105,2.102,2.097,2.089,2.085,2.079,2.072,2.065,2.061,2.056,2.051,2.043,2.039,2.035,2.031,2.025,2.024,2.019,2.014,2.008,2.005,2.001,1.998,1.993,1.991,1.987,1.985,1.981,1.979,1.974,1.972,1.971,1.973,1.971,1.967,1.964,1.962,1.960,1.957,1.954,1.950,1.948,1.944,1.939,1.936,1.929,1.922,1.915,1.908,1.898,1.879,1.847,1.813,1.820,3.000,3.000,3.000,0.459,0.453,0.451,0.456,0.462,0.468,0.476,0.487,0.505,0.508,3.000,3.000,3.000,3.000,3.000,1.857,1.841,1.854,1.864,1.874,1.881,1.887,1.890,1.893,1.897,1.901,1.906,1.909,1.912,1.913,1.914,1.915,1.916,1.916,1.917,1.917,1.917,1.917,1.917,1.918,1.918,1.920,1.920,1.920,1.920,1.921,1.921,1.921,1.922,1.922,1.922,1.924,1.927,1.929,1.928,1.927,1.926,1.927,1.926,1.928,1.928,1.928,1.926,1.930,1.931,1.933,1.935,1.938,1.938,1.939,1.940,1.944,1.945,1.947,1.949,1.950,1.952,1.954,1.955,1.959,1.960,1.963,1.963,1.966,1.967,1.969,1.972,1.975,1.977,1.980,1.983,1.986,1.988,1.989,1.992,1.994,1.995,1.997,1.999,2.002,2.005,2.008,2.010,2.013,2.016,2.019,2.024,2.028,2.030,2.033,2.036,2.041,2.046,2.049,2.052,2.056,2.060,2.063,2.066,2.069,2.074,2.082,2.086,2.090,2.093,2.098,2.102,2.106,2.111,2.117,2.122,2.125,2.129,2.133,2.138,2.143,2.147,2.151,2.157,2.164,2.168,2.172,2.178,2.184,2.190,2.196,2.204,2.212,2.218,2.225,2.232,2.239,2.245,2.253,2.263,2.271,2.278,2.287,2.294,2.301,2.311,2.318,2.326,2.332,2.338,2.344,2.350,2.357,2.363,2.368,2.374,2.417,2.429,2.438,2.446,2.457,2.465,2.478,2.491,2.501,2.509,2.523,2.523,2.523,3.000,3.000,3.000,3.000,3.000,3.000,3.000,3.000,3.000,3.000,3.000,3.000,3.000,3.000,3.000,3.000,3.000,3.000,3.000,3.000,3.000,3.000,3.000,3.000,3.000,3.000,3.000,3.000,3.000,3.000,3.000,3.000,3.000,3.000,3.000,3.000,3.000,3.000,3.000,3.000,3.000,3.000,3.000,3.000,3.000,3.000
3.000,3.000,3.000,3.000,3.000,3.000,3.000,3.000,3.000,3.000,3.000,3.000,3.000,3.000,3.000,3.000,3.000,3.000,3.000,3.000,3.000,3.000,2.139,2.137,2.134,2.127,2.123,2.120,2.112,2.105,2.102,2.104,2.102,2.099,2.095,2.087,2.081,2.073,2.069,2.060,2.054,2.051,2.045,2.038,2.032,2.027,2.027,2.023,2.016,2.015,2.012,2.007,2.002,1.999,1.996,1.992,1.988,1.985,1.981,1.979,1.976,1.974,1.970,1.968,1.968,1.970,1.967,1.963,1.960,1.958,1.955,1.951,1.947,1.943,1.941,1.937,1.932,1.928,1.921,1.915,1.907,1.900,1.890,1.869,1.839,1.806,1.813,3.000,3.000,3.000,0.459,0.459,0.454,0.456,0.462,0.468,0.476,0.487,0.503,0.529,0.529,3.000,3.000,3.000,3.000,1.841,1.831,1.846,1.857,1.867,1.876,1.882,1.886,1.889,1.893,1.897,1.901,1.904,1.907,1.908,1.909,1.910,1.911,1.912,1.913,1.912,1.912,1.912,1.912,1.912,1.913,1.913,1.913,1.912,1.915,1.915,1.914,1.915,1.915,1.916,1.916,1.917,1.923,1.924,1.923,1.921,1.919,1.922,1.920,1.923,1.921,1.921,1.913,1.921,1.926,1.928,1.930,1.933,1.932,1.934,1.933,1.939,1.941,1.944,1.946,1.948,1.949,1.951,1.953,1.957,1.958,1.960,1.961,1.963,1.964,1.966,1.969,1.971,1.974,1.976,1.980,1.982,1.984,1.986,1.988,1.989,1.991,1.993,1.995,1.998,2.001,2.004,2.007,2.010,2.013,2.016,2.021,2.024,2.027,2.029,2.033,2.038,2.042,2.045,2.048,2.051,2.055,2.059,2.061,2.064,2.069,2.078,2.082,2.085,2.088,2.092,2.094,2.101,2.107,2.112,2.117,2.121,2.124,2.128,2.133,2.138,2.142,2.146,2.152,2.158,2.162,2.167,2.172,2.178,2.183,2.189,2.198,2.205,2.211,2.216,2.226,2.233,2.239,2.246,2.255,2.264,2.271,2.279,2.288,2.295,2.304,2.310,2.319,2.324,2.331,2.337,2.342,2.350,2.355,2.358,2.374,2.374,3.000,3.000,3.000,3.000,3.000,3.000,3.000,3.000,3.000,3.000,3.000,3.000,3.000,3.000,3.000,3.000,3.000,3.000,3.000,3.000,3.000,3.000,3.000,3.000,3.000,3.000,3.000,3.000,3.000,3.000,3.000,3.000,3.000,3.000,3.000,3.000,3.000,3.000,3.000,3.000,3.000,3.000,3.000,3.000,3.000,3.000,3.000,3.000,3.000,3.000,3.000,3.000,3.000,3.000,3.000,3.000,3.000,3.000
3.000,3.000,3.000,3.000,3.000,3.000,3.000,3.000,3.000,3.000,3.000,3.000,3.000,3.000,3.000,3.000,3.000,3.000,3.000,3.000,3.000,2.143,2.143,2.139,2.134,2.125,2.121,2.117,2.109,2.103,2.100,2.100,2.099,2.095,2.089,2.083,2.077,2.069,2.065,2.057,2.050,2.045,2.039,2.033,2.026,2.022,2.021,2.018,2.010,2.007,2.005,2.000,1.996,1.993,1.988,1.985,1.982,1.979,1.973,1.971,1.968,1.967,1.964,1.963,1.963,1.963,1.960,1.957,1.955,1.953,1.949,1.945,1.941,1.936,1.933,1.929,1.923,1.918,1.910,1.903,1.896,1.889,1.879,1.855,1.831,1.800,1.806,3.000,3.000,3.000,0.459,0.459,0.455,0.456,0.462,0.468,0.475,0.485,0.501,0.529,0.529,3.000,3.000,3.000,3.000,1.831,1.817,1.836,1.850,1.860,1.870,1.877,1.881,1.883,1.888,1.893,1.896,1.899,1.901,1.902,1.904,1.905,1.906,1.907,1.908,1.907,1.907,1.907,1.907,1.907,1.906,1.906,1.906,1.907,1.909,1.909,1.909,1.909,1.910,1.910,1.910,1.912,1.918,1.919,1.918,1.915,1.911,1.917,1.923,1.923,1.923,1.921,1.921,1.926,1.928,1.930,1.933,1.933,1.934,1.930,1.928,1.934,1.938,1.941,1.944,1.946,1.947,1.949,1.950,1.954,1.955,1.957,1.957,1.959,1.961,1.963,1.965,1.967,1.970,1.973,1.976,1.979,1.981,1.981,1.984,1.986,1.988,1.990,1.992,1.995,1.998,2.001,2.004,2.007,2.010,2.013,2.017,2.020,2.023,2.025,2.029,2.033,2.037,2.040,2.042,2.046,2.050,2.053,2.056,2.058,2.063,2.070,2.074,2.078,2.082,2.085,2.089,2.096,2.102,2.107,2.112,2.116,2.120,2.124,2.129,2.134,2.138,2.142,2.147,2.153,2.157,2.161,2.167,2.173,2.178,2.184,2.190,2.198,2.203,2.210,2.218,2.226,2.233,2.240,2.249,2.256,2.264,2.272,2.279,2.286,2.295,2.302,2.309,2.315,2.321,2.330,2.335,2.339,2.346,2.349,2.358,3.000,3.000,3.000,3.000,3.000,3.000,3.000,3.000,3.000,3.000,3.000,3.000,3.000,3.000,3.000,3.000,3.000,3.000,3.000,3.000,3.000,3.000,3.000,3.000,3.000,3.000,3.000,3.000,3.000,3.000,3.000,3.000,3.000,3.000,3.000,3.000,3.000,3.000,3.000,3.000,3.000,3.000,3.000,3.000,3.000,3.000,3.000,3.000,3.000,3.000,3.000,3.000,3.000,3.000,3.000,3.000,3.000,3.000,3.000
3.000,3.000,3.000,3.000,3.000,3.000,3.000,3.000,3.000,3.000,3.000,3.000,3.000,3.000,3.000,3.000,3.000,3.000,3.000,3.000,3.000,2.147,2.143,2.142,2.136,2.125,2.120,2.115,2.108,2.101,2.097,2.096,2.094,2.092,2.087,2.082,2.075,2.068,2.063,2.056,2.049,2.043,2.036,2.029,2.023,2.019,2.018,2.013,2.006,2.002,1.999,1.996,1.991,1.988,1.983,1.980,1.976,1.974,1.966,1.965,1.962,1.961,1.960,1.959,1.959,1.959,1.956,1.953,1.951,1.949,1.945,1.939,1.935,1.930,1.926,1.922,1.916,1.909,1.900,1.896,1.888,1.881,1.870,1.848,1.825,1.794,1.800,3.000,3.000,3.000,3.000,0.456,0.456,0.456,0.462,0.467,0.474,0.483,0.496,0.521,0.529,3.000,3.000,3.000,3.000,1.817,1.801,1.825,1.841,1.852,1.863,1.870,1.873,1.877,1.881,1.887,1.891,1.893,1.895,1.896,1.899,1.900,1.902,1.903,1.903,1.903,1.903,1.903,1.903,1.902,1.902,1.901,1.901,1.902,1.903,1.904,1.904,1.904,1.905,1.903,1.904,1.906,1.912,1.913,1.907,1.898,1.917,1.917,1.917,3.000,3.000,3.000,3.000,3.000,3.000,3.000,3.000,3.000,1.930,1.930,1.934,1.928,1.932,1.938,1.941,1.943,1.944,1.946,1.947,1.949,1.950,1.953,1.952,1.955,1.955,1.958,1.960,1.963,1.966,1.969,1.973,1.975,1.977,1.978,1.981,1.983,1.985,1.987,1.989,1.993,1.995,1.998,2.000,2.003,2.006,2.010,2.013,2.016,2.019,2.021,2.024,2.028,2.032,2.034,2.037,2.041,2.045,2.048,2.050,2.052,2.058,2.063,2.069,2.072,2.076,2.079,2.084,2.088,2.096,2.102,2.107,2.111,2.115,2.119,2.125,2.130,2.134,2.138,2.143,2.149,2.153,2.158,2.164,2.169,2.174,2.179,2.185,2.193,2.198,2.205,2.212,2.219,2.226,2.234,2.243,2.250,2.258,2.265,2.272,2.279,2.288,2.294,2.301,2.308,2.314,2.322,2.327,2.330,2.334,2.334,2.349,3.000,3.000,3.000,3.000,3.000,3.000,3.000,3.000,3.000,3.000,3.000,3.000,3.000,3.000,3.000,3.000,3.000,3.000,3.000,3.000,3.000,3.000,3.000,3.000,3.000,3.000,3.000,3.000,3.000,3.000,3.000,3.000,3.000,3.000,3.000,3.000,3.000,3.000,3.000,3.000,3.000,3.000,3.000,3.000,3.000,3.000,3.000,3.000,3.000,3.000,3.000,3.000,3.000,3.000,3.000,3.000,3.000,3.000,3.000
3.000,3.000,3.000,3.000,3.000,3.000,3.000,3.000,3.000,3.000,3.000,3.000,3.000,3.000,3.000,3.000,3.000,3.000,3.000,3.000,2.154,2.154,2.147,2.144,2.136,2.125,2.119,2.113,2.107,2.100,2.095,2.093,2.091,2.088,2.083,2.078,2.072,2.065,2.061,2.053,2.047,2.040,2.032,2.025,2.019,2.015,2.013,2.008,2.000,1.997,1.993,1.990,1.984,1.981,1.977,1.974,1.971,1.967,1.961,1.960,1.957,1.955,1.955,1.955,1.955,1.955,1.951,1.949,1.947,1.945,1.940,1.933,1.929,1.925,1.920,1.914,1.907,1.899,1.891,1.887,1.880,1.873,1.862,1.841,1.819,1.787,1.794,3.000,3.000,3.000,3.000,0.456,0.455,0.455,0.460,0.465,0.472,0.480,0.493,0.513,0.521,3.000,3.000,3.000,3.000,1.801,1.825,1.809,1.831,1.844,1.856,1.863,1.867,1.871,1.874,1.879,1.885,1.886,1.888,1.889,1.893,1.895,1.896,1.897,1.897,1.898,1.898,1.897,1.897,1.896,1.896,1.896,1.895,1.896,1.897,1.897,1.897,1.898,1.896,1.896,1.898,1.898,1.907,1.913,1.913,1.907,1.898,3.000,3.000,3.000,3.000,3.000,3.000,3.000,3.000,3.000,3.000,3.000,3.000,3.000,1.928,1.932,1.938,1.941,1.940,1.942,1.942,1.944,1.943,1.946,1.946,1.948,1.947,1.949,1.951,1.953,1.955,1.958,1.961,1.964,1.969,1.971,1.973,1.973,1.977,1.980,1.981,1.983,1.986,1.989,1.992,1.994,1.996,1.999,2.002,2.005,2.009,2.012,2.014,2.016,2.019,2.022,2.026,2.029,2.032,2.037,2.041,2.044,2.046,2.048,2.053,2.058,2.064,2.067,2.072,2.074,2.079,2.083,2.088,2.094,2.100,2.105,2.110,2.114,2.120,2.125,2.130,2.134,2.138,2.144,2.149,2.154,2.158,2.163,2.169,2.175,2.181,2.188,2.193,2.200,2.205,2.211,2.217,2.226,2.234,2.240,2.250,2.256,2.264,2.270,2.278,2.284,2.292,2.299,2.305,2.312,2.318,2.321,2.325,2.325,2.334,3.000,3.000,3.000,3.000,3.000,3.000,3.000,3.000,3.000,3.000,3.000,3.000,3.000,3.000,3.000,3.000,3.000,3.000,3.000,3.000,3.000,3.000,3.000,3.000,3.000,3.000,3.000,3.000,3.000,3.000,3.000,3.000,3.000,3.000,3.000,3.000,3.000,3.000,3.000,3.000,3.000,3.000,3.000,3.000,3.000,3.000,3.000,3.000,3.000,3.000,3.000,3.000,3.000,3.000,3.000,3.000,3.000,3.000,3.000
3.000,3.000,3.000,3.000,3.000,3.000,3.000,3.000,3.000,3.000,3.000,3.000,3.000,3.000,3.000,3.000,3.000,3.000,3.000,2.155,2.155,2.154,2.145,2.141,2.131,2.122,2.115,2.110,2.104,2.098,2.093,2.089,2.087,2.083,2.078,2.072,2.068,2.061,2.056,2.049,2.043,2.037,2.027,2.020,2.011,2.010,2.006,2.000,1.993,1.991,1.987,1.983,1.978,1.975,1.970,1.968,1.964,1.962,1.957,1.956,1.952,1.951,1.950,1.950,1.950,1.951,1.947,1.944,1.941,1.938,1.931,1.927,1.922,1.918,1.913,1.907,1.898,1.892,1.884,1.879,1.870,1.864,1.851,1.834,1.812,1.778,1.787,3.000,3.000,3.000,3.000,0.455,0.450,0.450,0.457,0.461,0.468,0.476,0.488,0.505,0.513,3.000,3.000,3.000,3.000,3.000,1.809,1.798,1.822,1.837,1.850,1.857,1.861,1.866,1.869,1.873,1.878,1.879,1.882,1.883,1.887,1.889,1.891,1.892,1.892,1.892,1.891,1.891,1.891,1.891,1.890,1.890,1.890,1.889,1.890,1.890,1.890,1.888,1.888,1.889,1.893,1.907,1.907,1.907,3.000,3.000,3.000,3.000,3.000,3.000,3.000,3.000,3.000,3.000,3.000,3.000,3.000,3.000,3.000,3.000,3.000,3.000,3.000,1.940,1.942,1.942,1.941,1.942,1.940,1.943,1.942,1.943,1.942,1.944,1.945,1.947,1.949,1.951,1.955,1.958,1.962,1.964,1.966,1.967,1.972,1.974,1.976,1.978,1.981,1.985,1.987,1.989,1.992,1.994,1.997,1.999,2.004,2.007,2.009,2.011,2.014,2.017,2.020,2.024,2.028,2.033,2.037,2.040,2.042,2.044,2.048,2.054,2.060,2.063,2.066,2.070,2.074,2.078,2.083,2.088,2.094,2.100,2.105,2.109,2.114,2.120,2.124,2.128,2.132,2.139,2.144,2.149,2.154,2.159,2.164,2.170,2.176,2.183,2.189,2.195,2.199,2.205,2.210,2.218,2.226,2.232,2.238,2.244,2.254,2.261,2.270,2.276,2.283,2.292,2.298,2.304,2.311,2.315,2.319,2.319,2.325,2.317,3.000,3.000,3.000,3.000,3.000,3.000,3.000,3.000,3.000,3.000,3.000,3.000,3.000,3.000,3.000,3.000,3.000,3.000,3.000,3.000,3.000,3.000,3.000,3.000,3.000,3.000,3.000,3.000,3.000,3.000,3.000,3.000,3.000,3.000,3.000,3.000,3.000,3.000,3.000,3.000,3.000,3.000,3.000,3.000,3.000,3.000,3.000,3.000,3.000,3.000,3.000,3.000,3.000,3.000,3.000,3.000,3.000,3.000
3.000,3.000,3.000,3.000,3.000,3.000,3.000,3.000,3.000,3.000,3.000,3.000,3.000,3.000,3.000,3.000,3.000,3.000,2.150,2.155,2.155,2.151,2.139,2.137,2.127,2.118,2.111,2.106,2.100,2.093,2.088,2.084,2.082,2.078,2.073,2.068,2.063,2.056,2.052,2.044,2.038,2.031,2.022,2.010,2.004,2.003,1.997,1.994,1.987,1.986,1.981,1.977,1.973,1.969,1.964,1.962,1.959,1.958,1.953,1.952,1.948,1.947,1.946,1.946,1.946,1.946,1.942,1.939,1.936,1.930,1.924,1.921,1.916,1.911,1.905,1.898,1.890,1.882,1.874,1.868,1.860,1.854,1.842,1.825,1.799,1.768,1.778,3.000,3.000,3.000,3.000,0.456,0.451,0.448,0.454,0.459,0.464,0.472,0.484,0.498,0.509,0.509,3.000,3.000,3.000,3.000,1.798,1.783,1.807,1.826,1.842,1.850,1.854,1.859,1.862,1.867,1.871,1.873,1.875,1.877,1.880,1.883,1.884,1.885,1.885,1.885,1.885,1.886,1.885,1.885,1.885,1.885,1.885,1.883,1.884,1.882,1.881,1.879,1.872,1.872,1.883,1.893,3.000,3.000,3.000,3.000,3.000,3.000,3.000,3.000,3.000,3.000,3.000,3.000,3.000,3.000,3.000,3.000,3.000,3.000,3.000,3.000,3.000,3.000,3.000,1.941,1.942,1.937,1.930,1.933,1.932,1.934,1.933,1.937,1.939,1.940,1.942,1.944,1.947,1.951,1.956,1.958,1.959,1.961,1.966,1.970,1.972,1.974,1.977,1.980,1.983,1.985,1.988,1.990,1.993,1.995,1.999,2.003,2.005,2.006,2.008,2.011,2.014,2.017,2.023,2.028,2.032,2.035,2.037,2.039,2.043,2.049,2.055,2.058,2.061,2.064,2.069,2.073,2.077,2.082,2.087,2.091,2.099,2.103,2.108,2.114,2.118,2.122,2.127,2.133,2.140,2.145,2.149,2.154,2.159,2.165,2.171,2.176,2.183,2.189,2.194,2.199,2.205,2.213,2.220,2.225,2.231,2.237,2.244,2.255,2.263,2.269,2.277,2.285,2.292,2.297,2.304,2.309,2.313,2.314,2.317,2.317,3.000,3.000,3.000,3.000,3.000,3.000,3.000,3.000,3.000,3.000,3.000,3.000,3.000,3.000,3.000,3.000,3.000,3.000,3.000,3.000,3.000,3.000,3.000,3.000,3.000,3.000,3.000,3.000,3.000,3.000,3.000,3.000,3.000,3.000,3.000,3.000,3.000,3.000,3.000,3.000,3.000,3.000,3.000,3.000,3.000,3.000,3.000,3.000,3.000,3.000,3.000,3.000,3.000,3.000,3.000,3.000,3.000,3.000
3.000,3.000,3.000,3.000,3.000,3.000,3.000,3.000,3.000,3.000,3.000,3.000,3.000,3.000,3.000,3.000,3.000,3.000,2.150,2.150,2.147,2.143,2.133,2.129,2.121,2.112,2.106,2.102,2.096,2.090,2.084,2.078,2.076,2.073,2.068,2.061,2.057,2.051,2.044,2.038,2.032,2.026,2.011,2.003,1.998,1.995,1.991,1.987,1.982,1.980,1.977,1.973,1.969,1.964,1.958,1.957,1.955,1.954,1.949,1.949,1.944,1.943,1.941,1.941,1.940,1.940,1.937,1.934,1.929,1.924,1.916,1.914,1.908,1.902,1.896,1.888,1.879,1.872,1.862,1.856,1.850,1.842,1.830,1.811,1.825,1.799,1.768,3.000,3.000,3.000,3.000,0.456,0.456,0.449,0.453,0.457,0.462,0.469,0.479,0.491,0.509,0.509,3.000,3.000,3.000,3.000,1.783,1.807,1.797,1.817,1.833,1.843,1.847,1.852,1.857,1.861,1.866,1.868,1.870,1.872,1.874,1.878,1.879,1.881,1.880,1.880,1.880,1.881,1.880,1.880,1.880,1.880,1.880,1.878,1.879,1.876,1.874,1.865,1.862,1.883,1.883,1.883,3.000,3.000,3.000,3.000,3.000,3.000,3.000,3.000,3.000,3.000,3.000,3.000,3.000,3.000,3.000,3.000,3.000,3.000,3.000,3.000,3.000,3.000,3.000,3.000,1.937,1.937,1.937,1.925,1.923,1.925,1.924,1.929,1.931,1.933,1.935,1.938,1.941,1.945,1.951,1.952,1.954,1.957,1.962,1.967,1.968,1.971,1.974,1.977,1.979,1.982,1.984,1.987,1.990,1.992,1.996,1.999,2.001,2.002,2.005,2.007,2.010,2.013,2.019,2.023,2.026,2.030,2.032,2.035,2.038,2.042,2.049,2.052,2.056,2.059,2.063,2.067,2.071,2.075,2.080,2.084,2.089,2.093,2.098,2.107,2.113,2.117,2.122,2.129,2.136,2.141,2.144,2.149,2.153,2.159,2.165,2.170,2.175,2.181,2.186,2.192,2.198,2.205,2.213,2.218,2.223,2.229,2.238,2.249,2.256,2.263,2.269,2.278,2.287,2.292,2.299,2.305,2.309,2.310,2.312,2.317,3.000,3.000,3.000,3.000,3.000,3.000,3.000,3.000,3.000,3.000,3.000,3.000,3.000,3.000,3.000,3.000,3.000,3.000,3.000,3.000,3.000,3.000,3.000,3.000,3.000,3.000,3.000,3.000,3.000,3.000,3.000,3.000,3.000,3.000,3.000,3.000,3.000,3.000,3.000,3.000,3.000,3.000,3.000,3.000,3.000,3.000,3.000,3.000,3.000,3.000,3.000,3.000,3.000,3.000,3.000,3.000,3.000,3.000
3.000,3.000,3.000,3.000,3.000,3.000,3.000,3.000,3.000,3.000,3.000,3.000,3.000,3.000,3.000,3.000,3.000,3.000,2.150,2.146,2.142,2.137,2.129,2.125,2.117,2.108,2.102,2.098,2.091,2.086,2.079,2.073,2.069,2.065,2.062,2.056,2.052,2.045,2.039,2.033,2.028,2.021,2.008,1.999,1.994,1.990,1.987,1.983,1.978,1.975,1.972,1.968,1.964,1.956,1.953,1.951,1.949,1.949,1.945,1.944,1.939,1.937,1.936,1.936,1.935,1.933,1.931,1.928,1.923,1.919,1.910,1.905,1.899,1.892,1.886,1.879,1.870,1.863,1.850,1.842,1.837,1.828,1.815,1.830,1.811,3.000,3.000,3.000,3.000,3.000,3.000,0.456,0.456,0.449,0.450,0.453,0.456,0.464,0.473,0.485,0.500,0.515,0.515,3.000,3.000,3.000,3.000,1.797,1.779,1.807,1.822,1.833,1.840,1.846,1.852,1.856,1.861,1.863,1.865,1.867,1.869,1.873,1.874,1.876,1.876,1.876,1.876,1.876,1.876,1.876,1.876,1.875,1.874,1.872,1.873,1.869,1.865,1.854,1.848,1.862,3.000,3.000,3.000,3.000,3.000,3.000,3.000,3.000,3.000,3.000,3.000,3.000,3.000,3.000,3.000,3.000,3.000,3.000,3.000,3.000,3.000,3.000,3.000,3.000,3.000,3.000,3.000,3.000,1.925,1.915,1.911,1.917,1.912,1.920,1.924,1.927,1.929,1.932,1.935,1.940,1.945,1.947,1.950,1.953,1.956,1.962,1.964,1.967,1.970,1.973,1.976,1.978,1.980,1.983,1.987,1.989,1.992,1.995,1.997,1.999,2.001,2.004,2.006,2.010,2.016,2.019,2.023,2.025,2.027,2.030,2.033,2.038,2.044,2.048,2.051,2.054,2.058,2.063,2.067,2.071,2.076,2.080,2.084,2.088,2.093,2.099,2.107,2.113,2.117,2.124,2.130,2.135,2.139,2.144,2.148,2.154,2.158,2.165,2.169,2.175,2.180,2.186,2.192,2.199,2.206,2.211,2.217,2.223,2.231,2.239,2.246,2.252,2.259,2.270,2.277,2.285,2.293,2.299,2.303,2.305,2.308,2.312,3.000,3.000,3.000,3.000,3.000,3.000,3.000,3.000,3.000,3.000,3.000,3.000,3.000,3.000,3.000,3.000,3.000,3.000,3.000,3.000,3.000,3.000,3.000,3.000,3.000,3.000,3.000,3.000,3.000,3.000,3.000,3.000,3.000,3.000,3.000,3.000,3.000,3.000,3.000,3.000,3.000,3.000,3.000,3.000,3.000,3.000,3.000,3.000,3.000,3.000,3.000,3.000,3.000,3.000,3.000,3.000,3.000,3.000
3.000,3.000,3.000,3.000,3.000,3.000,3.000,3.000,3.000,3.000,3.000,3.000,3.000,3.000,3.000,3.000,3.000,2.140,2.146,2.144,2.139,2.135,2.128,2.124,2.117,2.105,2.098,2.095,2.089,2.084,2.077,2.070,2.065,2.060,2.056,2.050,2.046,2.039,2.034,2.028,2.022,2.015,2.004,1.996,1.990,1.986,1.983,1.978,1.973,1.971,1.967,1.964,1.960,1.953,1.949,1.946,1.945,1.943,1.940,1.937,1.933,1.930,1.928,1.929,1.928,1.927,1.925,1.921,1.917,1.912,1.902,1.898,1.888,1.883,1.876,1.869,1.858,1.851,1.837,1.829,1.821,1.837,1.828,1.815,3.000,3.000,3.000,3.000,3.000,3.000,3.000,3.000,0.458,0.456,0.451,0.452,0.454,0.459,0.468,0.477,0.492,0.515,0.515,3.000,3.000,3.000,3.000,1.779,1.807,1.793,1.813,1.826,1.833,1.841,1.847,1.852,1.856,1.859,1.861,1.863,1.865,1.869,1.869,1.871,1.872,1.872,1.872,1.872,1.871,1.871,1.870,1.869,1.868,1.865,1.866,1.860,1.854,1.865,1.854,1.848,3.000,3.000,3.000,3.000,3.000,3.000,3.000,3.000,3.000,3.000,3.000,3.000,3.000,3.000,3.000,3.000,3.000,3.000,3.000,3.000,3.000,3.000,3.000,3.000,3.000,3.000,3.000,3.000,1.915,1.915,1.917,1.910,1.902,1.913,1.918,1.921,1.924,1.927,1.931,1.936,1.941,1.944,1.946,1.949,1.952,1.957,1.960,1.963,1.966,1.969,1.972,1.974,1.976,1.979,1.984,1.986,1.989,1.992,1.994,1.996,1.998,2.001,2.003,2.007,2.013,2.017,2.020,2.023,2.025,2.027,2.030,2.035,2.040,2.044,2.048,2.051,2.055,2.059,2.063,2.067,2.072,2.077,2.081,2.084,2.088,2.094,2.101,2.108,2.112,2.118,2.125,2.131,2.135,2.139,2.143,2.148,2.153,2.160,2.164,2.170,2.176,2.182,2.188,2.194,2.202,2.207,2.213,2.218,2.226,2.234,2.241,2.247,2.253,2.262,2.271,2.279,2.285,2.293,2.298,2.301,2.303,2.308,3.000,3.000,3.000,3.000,3.000,3.000,3.000,3.000,3.000,3.000,3.000,3.000,3.000,3.000,3.000,3.000,3.000,3.000,3.000,3.000,3.000,3.000,3.000,3.000,3.000,3.000,3.000,3.000,3.000,3.000,3.000,3.000,3.000,3.000,3.000,3.000,3.000,3.000,3.000,3.000,3.000,3.000,3.000,3.000,3.000,3.000,3.000,3.000,3.000,3.000,3.000,3.000,3.000,3.000,3.000,3.000,3.000,3.000
3.000,3.000,3.000,3.000,3.000,3.000,3.000,3.000,3.000,3.000,3.000,3.000,3.000,3.000,3.000,3.000,3.000,2.140,2.140,2.137,2.134,2.130,2.123,2.118,2.110,2.102,2.095,2.092,2.087,2.083,2.075,2.068,2.062,2.056,2.051,2.044,2.041,2.033,2.028,2.023,2.017,2.009,2.000,1.993,1.988,1.984,1.980,1.975,1.970,1.965,1.962,1.958,1.956,1.950,1.947,1.943,1.942,1.940,1.937,1.932,1.928,1.926,1.924,1.924,1.923,1.921,1.918,1.914,1.909,1.903,1.893,1.885,1.877,1.870,1.862,1.854,1.844,1.831,1.819,1.837,1.829,1.821,3.000,3.000,3.000,3.000,3.000,3.000,3.000,3.000,3.000,3.000,0.465,0.458,0.451,0.448,0.448,0.452,0.460,0.468,0.482,0.498,0.515,3.000,3.000,3.000,3.000,3.000,1.793,1.768,1.796,1.813,1.823,1.831,1.839,1.846,1.850,1.854,1.856,1.859,1.861,1.864,1.864,1.866,1.867,1.867,1.867,1.866,1.865,1.864,1.863,1.860,1.858,1.853,1.858,1.848,1.845,1.854,3.000,3.000,3.000,3.000,3.000,3.000,3.000,3.000,3.000,3.000,3.000,3.000,3.000,3.000,3.000,3.000,3.000,3.000,3.000,3.000,3.000,3.000,3.000,3.000,3.000,3.000,3.000,3.000,3.000,3.000,3.000,3.000,1.910,1.901,1.887,1.904,1.911,1.915,1.919,1.921,1.926,1.931,1.936,1.940,1.942,1.945,1.948,1.952,1.955,1.959,1.962,1.965,1.968,1.971,1.973,1.976,1.980,1.983,1.985,1.988,1.990,1.993,1.995,1.999,2.001,2.005,2.010,2.014,2.017,2.020,2.022,2.024,2.027,2.030,2.036,2.040,2.044,2.047,2.050,2.054,2.058,2.063,2.069,2.074,2.077,2.081,2.085,2.090,2.097,2.104,2.108,2.114,2.119,2.125,2.130,2.135,2.139,2.144,2.148,2.154,2.160,2.166,2.171,2.178,2.184,2.190,2.197,2.202,2.207,2.213,2.222,2.229,2.236,2.242,2.248,2.257,2.266,2.273,2.279,2.285,2.292,2.296,2.299,2.303,3.000,3.000,3.000,3.000,3.000,3.000,3.000,3.000,3.000,3.000,3.000,3.000,3.000,3.000,3.000,3.000,3.000,3.000,3.000,3.000,3.000,3.000,3.000,3.000,3.000,3.000,3.000,3.000,3.000,3.000,3.000,3.000,3.000,3.000,3.000,3.000,3.000,3.000,3.000,3.000,3.000,3.000,3.000,3.000,3.000,3.000,3.000,3.000,3.000,3.000,3.000,3.000,3.000,3.000,3.000,3.000,3.000,3.000
3.000,3.000,3.000,3.000,3.000,3.000,3.000,3.000,3.000,3.000,3.000,3.000,3.000,3.000,3.000,3.000,3.000,2.140,2.134,2.131,2.126,2.124,2.115,2.111,2.105,2.098,2.093,2.090,2.085,2.080,2.073,2.065,2.058,2.052,2.047,2.040,2.035,2.029,2.023,2.016,2.009,2.003,1.997,1.989,1.985,1.981,1.978,1.973,1.967,1.963,1.959,1.955,1.953,1.948,1.945,1.942,1.940,1.937,1.935,1.930,1.926,1.923,1.920,1.920,1.916,1.915,1.912,1.907,1.901,1.892,1.884,1.875,1.867,1.857,1.848,1.838,1.814,1.844,1.831,1.819,3.000,3.000,3.000,3.000,3.000,3.000,3.000,3.000,3.000,3.000,3.000,3.000,0.465,0.465,0.452,0.447,0.445,0.447,0.454,0.461,0.472,0.486,0.498,0.492,3.000,3.000,3.000,3.000,1.768,1.753,1.783,1.803,1.815,1.824,1.831,1.839,1.843,1.848,1.851,1.854,1.856,1.859,1.860,1.862,1.861,1.862,1.861,1.860,1.859,1.858,1.857,1.854,1.850,1.843,1.850,1.858,1.848,1.845,3.000,3.000,3.000,3.000,3.000,3.000,3.000,3.000,3.000,3.000,3.000,3.000,3.000,3.000,3.000,3.000,3.000,3.000,3.000,3.000,3.000,3.000,3.000,3.000,3.000,3.000,3.000,3.000,3.000,3.000,3.000,3.000,1.901,1.901,1.874,1.886,1.901,1.907,1.912,1.915,1.921,1.926,1.930,1.935,1.938,1.941,1.943,1.947,1.949,1.954,1.957,1.961,1.964,1.967,1.969,1.972,1.975,1.979,1.981,1.984,1.986,1.989,1.992,1.996,1.998,2.002,2.005,2.010,2.012,2.016,2.018,2.021,2.023,2.026,2.030,2.034,2.040,2.043,2.046,2.049,2.054,2.058,2.064,2.070,2.074,2.077,2.081,2.085,2.092,2.100,2.105,2.110,2.115,2.121,2.126,2.131,2.135,2.140,2.144,2.151,2.156,2.161,2.166,2.173,2.179,2.185,2.191,2.196,2.201,2.207,2.215,2.224,2.231,2.237,2.243,2.252,2.260,2.267,2.273,2.280,2.285,2.290,2.294,2.299,2.282,3.000,3.000,3.000,3.000,3.000,3.000,3.000,3.000,3.000,3.000,3.000,3.000,3.000,3.000,3.000,3.000,3.000,3.000,3.000,3.000,3.000,3.000,3.000,3.000,3.000,3.000,3.000,3.000,3.000,3.000,3.000,3.000,3.000,3.000,3.000,3.000,3.000,3.000,3.000,3.000,3.000,3.000,3.000,3.000,3.000,3.000,3.000,3.000,3.000,3.000,3.000,3.000,3.000,3.000,3.000,3.000,3.000
3.000,3.000,3.000,3.000,3.000,3.000,3.000,3.000,3.000,3.000,3.000,3.000,3.000,3.000,3.000,3.000,2.142,2.142,2.131,2.128,2.123,2.121,2.113,2.109,2.103,2.097,2.092,2.089,2.086,2.081,2.072,2.063,2.055,2.048,2.042,2.036,2.030,2.024,2.018,2.010,2.004,1.997,1.991,1.985,1.981,1.977,1.975,1.970,1.964,1.960,1.956,1.952,1.950,1.945,1.942,1.939,1.937,1.933,1.931,1.926,1.922,1.919,1.916,1.915,1.909,1.908,1.901,1.896,1.888,1.879,1.872,1.862,1.853,1.840,1.826,1.809,1.773,1.814,3.000,3.000,3.000,3.000,3.000,3.000,3.000,3.000,3.000,3.000,3.000,3.000,3.000,3.000,0.465,0.465,0.451,0.444,0.441,0.440,0.442,0.449,0.461,0.473,0.492,0.492,3.000,3.000,3.000,3.000,1.753,1.783,1.766,1.792,1.807,1.816,1.824,1.831,1.838,1.842,1.846,1.850,1.852,1.855,1.855,1.856,1.857,1.857,1.856,1.855,1.853,1.853,1.851,1.845,1.840,1.833,1.841,1.850,3.000,3.000,3.000,3.000,3.000,3.000,3.000,3.000,3.000,3.000,3.000,3.000,3.000,3.000,3.000,3.000,3.000,3.000,3.000,3.000,3.000,3.000,3.000,3.000,3.000,3.000,3.000,3.000,3.000,3.000,3.000,3.000,3.000,3.000,3.000,1.874,1.886,1.901,1.885,1.898,1.904,1.909,1.914,1.919,1.923,1.927,1.932,1.936,1.938,1.941,1.944,1.947,1.951,1.956,1.959,1.962,1.964,1.967,1.971,1.974,1.977,1.980,1.982,1.985,1.988,1.992,1.995,1.999,2.001,2.006,2.008,2.013,2.015,2.018,2.019,2.022,2.026,2.030,2.034,2.039,2.042,2.045,2.049,2.054,2.058,2.064,2.069,2.072,2.077,2.081,2.088,2.096,2.101,2.106,2.111,2.116,2.121,2.127,2.131,2.136,2.141,2.147,2.152,2.156,2.161,2.169,2.174,2.179,2.185,2.190,2.195,2.200,2.207,2.217,2.225,2.229,2.235,2.245,2.254,2.260,2.265,2.270,2.276,2.281,2.284,2.282,2.282,3.000,3.000,3.000,3.000,3.000,3.000,3.000,3.000,3.000,3.000,3.000,3.000,3.000,3.000,3.000,3.000,3.000,3.000,3.000,3.000,3.000,3.000,3.000,3.000,3.000,3.000,3.000,3.000,3.000,3.000,3.000,3.000,3.000,3.000,3.000,3.000,3.000,3.000,3.000,3.000,3.000,3.000,3.000,3.000,3.000,3.000,3.000,3.000,3.000,3.000,3.000,3.000,3.000,3.000,3.000,3.000,3.000
3.000,3.000,3.000,3.000,3.000,3.000,3.000,3.000,3.000,3.000,3.000,3.000,3.000,3.000,3.000,2.147,2.147,2.142,2.129,2.126,2.118,2.115,2.110,2.106,2.100,2.095,2.091,2.089,2.085,2.080,2.072,2.062,2.052,2.044,2.038,2.031,2.026,2.020,2.014,2.006,1.998,1.993,1.987,1.981,1.976,1.972,1.971,1.965,1.961,1.955,1.951,1.948,1.946,1.940,1.938,1.933,1.932,1.928,1.926,1.920,1.917,1.914,1.910,1.909,1.903,1.900,1.894,1.889,1.879,1.872,1.864,1.854,1.844,1.830,1.812,1.794,1.809,1.773,3.000,3.000,3.000,3.000,3.000,3.000,3.000,3.000,3.000,3.000,3.000,3.000,3.000,0.489,0.489,0.463,0.450,0.442,0.437,0.435,0.434,0.437,0.444,0.455,0.475,0.492,0.481,3.000,3.000,3.000,3.000,1.766,1.752,1.784,1.800,1.811,1.819,1.827,1.833,1.838,1.843,1.846,1.848,1.850,1.851,1.852,1.853,1.853,1.852,1.850,1.849,1.848,1.846,1.839,1.833,1.826,1.841,1.841,3.000,3.000,3.000,3.000,3.000,3.000,3.000,3.000,3.000,3.000,3.000,3.000,3.000,3.000,3.000,3.000,3.000,3.000,3.000,3.000,3.000,3.000,3.000,3.000,3.000,3.000,3.000,3.000,3.000,3.000,3.000,3.000,3.000,3.000,3.000,3.000,3.000,1.885,1.898,1.884,1.895,1.901,1.908,1.913,1.918,1.922,1.926,1.929,1.933,1.936,1.939,1.943,1.946,1.950,1.955,1.958,1.961,1.964,1.966,1.970,1.973,1.976,1.978,1.981,1.984,1.989,1.990,1.995,1.998,2.002,2.005,2.009,2.012,2.014,2.016,2.019,2.022,2.026,2.031,2.036,2.039,2.042,2.046,2.050,2.054,2.061,2.065,2.069,2.073,2.078,2.085,2.093,2.098,2.102,2.107,2.112,2.117,2.123,2.127,2.132,2.136,2.143,2.147,2.152,2.156,2.162,2.168,2.174,2.178,2.184,2.190,2.195,2.202,2.210,2.218,2.223,2.228,2.236,2.247,2.253,2.257,2.262,2.267,2.272,2.276,2.271,2.282,3.000,3.000,3.000,3.000,3.000,3.000,3.000,3.000,3.000,3.000,3.000,3.000,3.000,3.000,3.000,3.000,3.000,3.000,3.000,3.000,3.000,3.000,3.000,3.000,3.000,3.000,3.000,3.000,3.000,3.000,3.000,3.000,3.000,3.000,3.000,3.000,3.000,3.000,3.000,3.000,3.000,3.000,3.000,3.000,3.000,3.000,3.000,3.000,3.000,3.000,3.000,3.000,3.000,3.000,3.000,3.000,3.000
3.000,3.000,3.000,3.000,3.000,3.000,3.000,3.000,3.000,3.000,3.000,3.000,3.000,3.000,2.159,2.159,2.147,2.140,2.126,2.125,2.116,2.113,2.109,2.105,2.098,2.093,2.089,2.087,2.084,2.079,2.071,2.060,2.048,2.038,2.032,2.024,2.018,2.013,2.007,1.997,1.992,1.988,1.983,1.978,1.973,1.969,1.966,1.961,1.958,1.952,1.948,1.945,1.942,1.936,1.933,1.930,1.928,1.924,1.922,1.916,1.913,1.910,1.906,1.904,1.898,1.894,1.888,1.881,1.872,1.864,1.856,1.846,1.833,1.813,1.789,1.812,1.794,3.000,3.000,3.000,3.000,3.000,3.000,3.000,3.000,3.000,3.000,3.000,3.000,0.502,0.502,0.502,0.489,0.468,0.452,0.444,0.438,0.434,0.432,0.434,0.441,0.449,0.466,0.481,0.481,3.000,3.000,3.000,3.000,1.752,1.784,1.775,1.793,1.806,1.814,1.822,1.828,1.834,1.838,1.841,1.843,1.845,1.846,1.847,1.848,1.848,1.847,1.846,1.844,1.842,1.838,1.832,1.824,1.833,1.826,3.000,3.000,3.000,3.000,0.916,0.916,0.916,0.913,0.908,0.901,3.000,3.000,3.000,3.000,3.000,3.000,3.000,3.000,3.000,3.000,3.000,3.000,3.000,3.000,3.000,3.000,3.000,3.000,3.000,3.000,3.000,3.000,3.000,3.000,3.000,3.000,3.000,3.000,3.000,1.884,1.895,1.885,1.894,1.902,1.908,1.913,1.917,1.921,1.925,1.929,1.932,1.935,1.938,1.943,1.946,1.952,1.955,1.958,1.961,1.963,1.967,1.969,1.972,1.975,1.978,1.980,1.984,1.987,1.992,1.994,1.999,2.001,2.006,2.008,2.011,2.013,2.015,2.019,2.023,2.028,2.034,2.037,2.040,2.043,2.047,2.051,2.056,2.061,2.065,2.069,2.073,2.079,2.087,2.094,2.098,2.103,2.109,2.114,2.119,2.124,2.129,2.133,2.139,2.143,2.147,2.151,2.157,2.163,2.169,2.173,2.180,2.185,2.190,2.197,2.205,2.211,2.217,2.222,2.231,2.239,2.245,2.250,2.256,2.261,2.266,2.269,2.265,2.271,3.000,3.000,3.000,3.000,3.000,3.000,3.000,3.000,3.000,3.000,3.000,3.000,3.000,3.000,3.000,3.000,3.000,3.000,3.000,3.000,3.000,3.000,3.000,3.000,3.000,3.000,3.000,3.000,3.000,3.000,3.000,3.000,3.000,3.000,3.000,3.000,3.000,3.000,3.000,3.000,3.000,3.000,3.000,3.000,3.000,3.000,3.000,3.000,3.000,3.000,3.000,3.000,3.000,3.000,3.000,3.000,3.000
3.000,3.000,3.000,3.000,3.000,3.000,3.000,3.000,3.000,3.000,3.000,3.000,3.000,2.163,2.163,2.159,2.153,2.143,2.131,2.127,2.119,2.116,2.112,2.107,2.101,2.093,2.089,2.086,2.083,2.078,2.070,2.058,2.044,2.032,2.026,2.019,2.012,2.007,1.999,1.993,1.988,1.985,1.981,1.976,1.971,1.967,1.964,1.959,1.956,1.950,1.946,1.942,1.939,1.934,1.930,1.927,1.925,1.921,1.916,1.911,1.908,1.905,1.901,1.899,1.892,1.888,1.881,1.873,1.864,1.857,1.848,1.836,1.822,1.795,1.772,1.789,3.000,3.000,3.000,3.000,3.000,0.507,0.507,0.507,0.500,0.496,0.492,0.490,0.489,0.502,0.502,0.487,0.477,0.463,0.455,0.448,0.441,0.437,0.434,0.435,0.440,0.447,0.461,0.473,0.484,0.484,3.000,3.000,3.000,3.000,1.775,1.757,1.784,1.798,1.807,1.816,1.822,1.828,1.833,1.836,1.838,1.840,1.841,1.843,1.843,1.843,1.843,1.840,1.838,1.835,1.830,1.822,1.832,1.824,3.000,3.000,3.000,3.000,0.926,0.926,0.916,0.913,0.908,0.901,0.901,0.885,0.880,0.879,0.879,0.879,0.882,0.886,0.888,0.888,0.895,0.895,0.895,3.000,3.000,3.000,3.000,3.000,3.000,3.000,3.000,3.000,3.000,3.000,3.000,3.000,3.000,3.000,3.000,3.000,3.000,1.885,1.874,1.886,1.896,1.904,1.909,1.913,1.918,1.922,1.927,1.930,1.933,1.936,1.940,1.943,1.949,1.951,1.955,1.958,1.960,1.963,1.966,1.969,1.972,1.974,1.977,1.981,1.984,1.988,1.991,1.994,1.997,2.002,2.005,2.008,2.009,2.012,2.016,2.020,2.024,2.031,2.035,2.038,2.041,2.045,2.049,2.054,2.059,2.063,2.066,2.070,2.075,2.082,2.090,2.094,2.099,2.104,2.110,2.116,2.120,2.125,2.130,2.135,2.139,2.143,2.148,2.153,2.160,2.166,2.170,2.177,2.182,2.188,2.194,2.201,2.208,2.213,2.218,2.227,2.234,2.239,2.244,2.251,2.256,2.261,2.264,2.260,2.265,3.000,3.000,3.000,3.000,3.000,3.000,3.000,3.000,3.000,3.000,3.000,3.000,3.000,3.000,3.000,3.000,3.000,3.000,3.000,3.000,3.000,3.000,3.000,3.000,3.000,3.000,3.000,3.000,3.000,3.000,3.000,3.000,3.000,3.000,3.000,3.000,3.000,3.000,3.000,3.000,3.000,3.000,3.000,3.000,3.000,3.000,3.000,3.000,3.000,3.000,3.000,3.000,3.000,3.000,3.000,3.000,3.000
3.000,3.000,3.000,3.000,3.000,3.000,3.000,3.000,3.000,3.000,3.000,3.000,3.000,2.163,2.163,2.156,2.150,2.139,2.130,2.125,2.118,2.115,2.110,2.105,2.098,2.090,2.086,2.082,2.078,2.073,2.064,2.053,2.040,2.029,2.022,2.015,2.007,2.002,1.996,1.990,1.986,1.982,1.979,1.974,1.970,1.965,1.962,1.957,1.954,1.948,1.944,1.940,1.937,1.932,1.928,1.924,1.922,1.917,1.913,1.907,1.903,1.899,1.895,1.891,1.885,1.879,1.872,1.863,1.854,1.847,1.837,1.823,1.799,1.779,1.795,1.772,3.000,3.000,3.000,0.503,0.503,0.507,0.507,0.500,0.496,0.492,0.490,0.489,0.487,0.486,0.485,0.476,0.471,0.462,0.456,0.452,0.448,0.445,0.443,0.442,0.448,0.452,0.461,0.470,0.484,0.484,3.000,3.000,3.000,3.000,1.757,1.748,1.773,1.791,1.800,1.810,1.816,1.822,1.826,1.829,1.831,1.835,1.835,1.837,1.837,1.837,1.834,1.832,1.827,1.821,1.813,1.830,1.822,3.000,3.000,3.000,3.000,0.932,0.932,0.926,0.909,0.900,0.894,0.888,0.885,0.880,0.879,0.879,0.878,0.878,0.879,0.882,0.886,0.888,0.887,0.895,0.895,0.909,0.914,0.917,0.921,0.927,0.933,0.935,0.935,0.935,3.000,3.000,3.000,3.000,3.000,3.000,3.000,3.000,3.000,1.874,1.886,1.878,1.890,1.899,1.905,1.909,1.913,1.918,1.924,1.927,1.930,1.933,1.937,1.940,1.945,1.947,1.951,1.954,1.956,1.959,1.961,1.963,1.966,1.970,1.973,1.976,1.980,1.984,1.987,1.990,1.993,1.998,2.001,2.004,2.006,2.009,2.013,2.017,2.021,2.028,2.032,2.035,2.038,2.042,2.045,2.050,2.054,2.059,2.062,2.065,2.071,2.077,2.084,2.089,2.095,2.100,2.106,2.112,2.116,2.121,2.125,2.131,2.135,2.139,2.143,2.149,2.156,2.161,2.166,2.173,2.178,2.184,2.189,2.196,2.203,2.208,2.214,2.222,2.229,2.234,2.240,2.246,2.251,2.256,2.259,2.257,2.260,3.000,3.000,3.000,3.000,3.000,3.000,3.000,3.000,3.000,3.000,3.000,3.000,3.000,3.000,3.000,3.000,3.000,3.000,3.000,3.000,3.000,3.000,3.000,3.000,3.000,3.000,3.000,3.000,3.000,3.000,3.000,3.000,3.000,3.000,3.000,3.000,3.000,3.000,3.000,3.000,3.000,3.000,3.000,3.000,3.000,3.000,3.000,3.000,3.000,3.000,3.000,3.000,3.000,3.000,3.000,3.000,3.000
3.000,3.000,3.000,3.000,3.000,3.000,3.000,3.000,3.000,3.000,3.000,3.000,2.154,2.163,2.157,2.151,2.139,2.133,2.122,2.120,2.114,2.111,2.107,2.100,2.090,2.085,2.080,2.076,2.072,2.067,2.060,2.044,2.037,2.027,2.021,2.013,2.005,1.999,1.993,1.988,1.984,1.978,1.976,1.970,1.968,1.964,1.961,1.956,1.951,1.945,1.943,1.939,1.935,1.930,1.925,1.922,1.919,1.914,1.910,1.903,1.899,1.894,1.889,1.883,1.877,1.872,1.864,1.853,1.844,1.837,1.827,1.808,1.785,1.762,1.779,3.000,3.000,3.000,0.491,0.503,0.503,0.495,0.489,0.483,0.480,0.477,0.475,0.475,0.474,0.472,0.473,0.467,0.463,0.458,0.455,0.451,0.449,0.448,0.449,0.449,0.451,0.453,0.459,0.466,0.477,0.484,0.483,3.000,3.000,3.000,1.748,1.738,1.764,1.784,1.794,1.804,1.810,1.816,1.821,1.824,1.826,1.829,1.830,1.832,1.831,1.831,1.828,1.824,1.818,1.810,1.799,1.813,3.000,3.000,3.000,3.000,0.950,0.950,0.932,0.922,0.904,0.897,0.888,0.883,0.880,0.876,0.874,0.875,0.874,0.874,0.875,0.877,0.882,0.884,0.884,0.887,0.888,0.893,0.909,0.914,0.917,0.921,0.927,0.933,0.935,0.935,0.945,0.963,0.975,0.994,0.994,0.994,3.000,3.000,3.000,3.000,1.878,1.866,1.881,1.891,1.898,1.903,1.908,1.913,1.918,1.923,1.926,1.929,1.933,1.936,1.940,1.943,1.946,1.949,1.951,1.954,1.956,1.959,1.962,1.965,1.969,1.972,1.975,1.979,1.982,1.985,1.987,1.992,1.996,1.999,2.001,2.005,2.009,2.013,2.017,2.022,2.028,2.030,2.033,2.036,2.041,2.045,2.050,2.053,2.056,2.059,2.064,2.071,2.078,2.084,2.089,2.095,2.101,2.107,2.112,2.117,2.121,2.126,2.130,2.134,2.139,2.144,2.152,2.157,2.162,2.168,2.174,2.179,2.184,2.190,2.197,2.204,2.210,2.218,2.225,2.230,2.235,2.242,2.246,2.251,2.254,2.253,2.257,2.251,3.000,3.000,3.000,3.000,3.000,3.000,3.000,3.000,3.000,3.000,3.000,3.000,3.000,3.000,3.000,3.000,3.000,3.000,3.000,3.000,3.000,3.000,3.000,3.000,3.000,3.000,3.000,3.000,3.000,3.000,3.000,3.000,3.000,3.000,3.000,3.000,3.000,3.000,3.000,3.000,3.000,3.000,3.000,3.000,3.000,3.000,3.000,3.000,3.000,3.000,3.000,3.000,3.000,3.000,3.000,3.000
3.000,3.000,3.000,3.000,3.000,3.000,3.000,3.000,3.000,3.000,3.000,3.000,2.154,2.154,2.145,2.143,2.134,2.128,2.118,2.115,2.110,2.107,2.102,2.091,2.084,2.079,2.075,2.071,2.065,2.057,2.051,2.040,2.034,2.026,2.020,2.012,2.003,1.997,1.991,1.986,1.982,1.976,1.972,1.968,1.966,1.962,1.959,1.953,1.948,1.943,1.940,1.937,1.932,1.927,1.923,1.919,1.916,1.910,1.905,1.899,1.894,1.889,1.883,1.876,1.871,1.863,1.854,1.844,1.834,1.826,1.815,1.796,1.772,1.785,1.762,3.000,3.000,3.000,0.491,0.491,0.481,0.475,0.472,0.467,0.463,0.460,0.458,0.458,0.457,0.456,0.455,0.453,0.453,0.449,0.447,0.445,0.445,0.445,0.447,0.448,0.450,0.451,0.456,0.461,0.470,0.483,0.483,3.000,3.000,3.000,1.738,1.764,1.755,1.775,1.787,1.797,1.803,1.810,1.815,1.818,1.821,1.824,1.825,1.827,1.826,1.825,1.821,1.816,1.809,1.798,1.782,1.799,3.000,3.000,3.000,0.962,0.962,0.950,0.934,0.922,0.904,0.895,0.886,0.881,0.877,0.873,0.870,0.869,0.868,0.868,0.869,0.869,0.872,0.873,0.874,0.878,0.880,0.885,0.893,0.896,0.899,0.905,0.916,0.922,0.924,0.930,0.933,0.945,0.963,0.975,0.994,0.998,0.998,3.000,3.000,3.000,1.866,1.858,1.873,1.886,1.893,1.899,1.905,1.910,1.916,1.920,1.924,1.926,1.930,1.934,1.937,1.939,1.942,1.945,1.948,1.950,1.953,1.955,1.958,1.962,1.965,1.969,1.971,1.975,1.977,1.980,1.983,1.988,1.992,1.995,1.998,2.001,2.005,2.010,2.014,2.020,2.024,2.027,2.029,2.033,2.037,2.041,2.046,2.049,2.052,2.055,2.060,2.067,2.073,2.078,2.084,2.090,2.095,2.102,2.107,2.113,2.117,2.121,2.126,2.130,2.134,2.139,2.147,2.153,2.158,2.163,2.169,2.174,2.179,2.184,2.191,2.197,2.204,2.211,2.219,2.224,2.230,2.236,2.242,2.246,2.250,2.250,2.251,2.251,3.000,3.000,3.000,3.000,3.000,3.000,3.000,3.000,3.000,3.000,3.000,3.000,3.000,3.000,3.000,3.000,3.000,3.000,3.000,3.000,3.000,3.000,3.000,3.000,3.000,3.000,3.000,3.000,3.000,3.000,3.000,3.000,3.000,3.000,3.000,3.000,3.000,3.000,3.000,3.000,3.000,3.000,3.000,3.000,3.000,3.000,3.000,3.000,3.000,3.000,3.000,3.000,3.000,3.000,3.000,3.000
3.000,3.000,3.000,3.000,3.000,3.000,3.000,3.000,3.000,3.000,3.000,2.149,2.154,2.145,2.137,2.134,2.131,2.125,2.115,2.111,2.106,2.102,2.097,2.085,2.078,2.075,2.070,2.065,2.059,2.049,2.043,2.036,2.030,2.023,2.017,2.008,2.001,1.995,1.989,1.984,1.980,1.974,1.971,1.967,1.964,1.960,1.956,1.950,1.945,1.939,1.935,1.932,1.928,1.923,1.920,1.917,1.912,1.905,1.900,1.895,1.891,1.885,1.879,1.872,1.866,1.858,1.848,1.838,1.827,1.817,1.801,1.782,1.796,1.772,3.000,3.000,3.000,0.474,0.491,0.476,0.468,0.462,0.457,0.452,0.449,0.446,0.443,0.441,0.440,0.439,0.437,0.435,0.437,0.435,0.434,0.434,0.436,0.437,0.440,0.442,0.444,0.446,0.451,0.455,0.462,0.473,0.483,3.000,3.000,3.000,3.000,1.755,1.748,1.770,1.783,1.793,1.800,1.806,1.812,1.815,1.817,1.820,1.821,1.822,1.820,1.819,1.815,1.810,1.801,1.789,1.798,1.782,3.000,3.000,3.000,0.962,0.962,0.942,0.927,0.912,0.897,0.890,0.883,0.878,0.874,0.870,0.867,0.865,0.864,0.863,0.864,0.864,0.866,0.868,0.868,0.873,0.875,0.879,0.884,0.887,0.890,0.896,0.904,0.913,0.916,0.921,0.924,0.936,0.951,0.964,0.980,0.998,0.998,3.000,3.000,3.000,1.858,1.844,1.865,1.879,1.888,1.895,1.901,1.907,1.913,1.917,1.921,1.924,1.928,1.931,1.935,1.937,1.941,1.944,1.946,1.949,1.951,1.953,1.956,1.960,1.963,1.967,1.969,1.972,1.975,1.977,1.980,1.984,1.988,1.992,1.995,1.999,2.002,2.007,2.012,2.017,2.021,2.023,2.026,2.030,2.033,2.037,2.042,2.045,2.048,2.052,2.056,2.064,2.070,2.075,2.081,2.086,2.091,2.097,2.103,2.108,2.113,2.117,2.122,2.126,2.130,2.136,2.142,2.149,2.154,2.159,2.165,2.170,2.175,2.180,2.186,2.192,2.198,2.206,2.213,2.218,2.224,2.231,2.237,2.241,2.245,2.246,2.249,2.251,3.000,3.000,3.000,3.000,3.000,3.000,3.000,3.000,3.000,3.000,3.000,3.000,3.000,3.000,3.000,3.000,3.000,3.000,3.000,3.000,3.000,3.000,3.000,3.000,3.000,3.000,3.000,3.000,3.000,3.000,3.000,3.000,3.000,3.000,3.000,3.000,3.000,3.000,3.000,3.000,3.000,3.000,3.000,3.000,3.000,3.000,3.000,3.000,3.000,3.000,3.000,3.000,3.000,3.000,3.000,3.000
3.000,3.000,3.000,3.000,3.000,3.000,3.000,3.000,3.000,3.000,3.000,2.149,2.149,2.136,2.131,2.127,2.124,2.118,2.108,2.105,2.100,2.096,2.087,2.080,2.074,2.071,2.066,2.062,2.053,2.046,2.041,2.034,2.029,2.021,2.016,2.007,1.999,1.993,1.987,1.982,1.977,1.972,1.968,1.964,1.961,1.957,1.953,1.947,1.940,1.935,1.931,1.926,1.923,1.919,1.916,1.913,1.906,1.900,1.895,1.890,1.886,1.881,1.874,1.867,1.860,1.851,1.840,1.830,1.814,1.801,1.787,1.761,1.782,3.000,3.000,3.000,3.000,0.474,0.474,0.463,0.456,0.451,0.447,0.443,0.439,0.435,0.433,0.431,0.429,0.428,0.426,0.424,0.424,0.423,0.425,0.425,0.425,0.427,0.432,0.435,0.438,0.440,0.445,0.449,0.456,0.467,0.477,0.477,3.000,3.000,3.000,1.748,1.770,1.762,1.777,1.788,1.795,1.802,1.808,1.811,1.813,1.816,1.817,1.818,1.816,1.814,1.810,1.804,1.795,1.782,1.789,3.000,3.000,3.000,0.981,0.981,0.953,0.936,0.922,0.906,0.894,0.887,0.881,0.876,0.872,0.868,0.864,0.863,0.861,0.860,0.860,0.861,0.862,0.863,0.864,0.866,0.868,0.872,0.877,0.879,0.882,0.887,0.892,0.902,0.906,0.911,0.915,0.924,0.939,0.952,0.967,0.987,0.998,3.000,3.000,3.000,1.844,1.865,1.859,1.873,1.883,1.890,1.897,1.904,1.910,1.914,1.918,1.921,1.925,1.928,1.932,1.934,1.938,1.941,1.944,1.946,1.949,1.951,1.953,1.956,1.961,1.964,1.966,1.969,1.972,1.974,1.977,1.980,1.985,1.988,1.992,1.996,1.999,2.003,2.009,2.013,2.016,2.020,2.023,2.027,2.030,2.033,2.038,2.042,2.045,2.049,2.053,2.060,2.067,2.071,2.076,2.082,2.086,2.091,2.097,2.103,2.108,2.113,2.117,2.122,2.126,2.131,2.138,2.144,2.150,2.155,2.161,2.166,2.171,2.175,2.181,2.187,2.192,2.198,2.205,2.210,2.219,2.225,2.231,2.235,2.239,2.240,2.243,2.249,3.000,3.000,3.000,3.000,3.000,3.000,3.000,3.000,3.000,3.000,3.000,3.000,3.000,3.000,3.000,3.000,3.000,3.000,3.000,3.000,3.000,3.000,3.000,3.000,3.000,3.000,3.000,3.000,3.000,3.000,3.000,3.000,3.000,3.000,3.000,3.000,3.000,3.000,3.000,3.000,3.000,3.000,3.000,3.000,3.000,3.000,3.000,3.000,3.000,3.000,3.000,3.000,3.000,3.000,3.000,3.000
3.000,3.000,3.000,3.000,3.000,3.000,3.000,3.000,3.000,3.000,3.000,2.149,2.141,2.132,2.127,2.123,2.118,2.112,2.102,2.099,2.095,2.090,2.083,2.077,2.071,2.068,2.064,2.059,2.050,2.044,2.039,2.033,2.027,2.020,2.014,2.007,1.998,1.991,1.985,1.979,1.974,1.969,1.965,1.961,1.958,1.954,1.949,1.943,1.936,1.931,1.928,1.922,1.919,1.916,1.913,1.909,1.902,1.896,1.891,1.886,1.882,1.876,1.869,1.860,1.852,1.843,1.827,1.815,1.803,1.789,1.773,1.787,1.761,3.000,3.000,3.000,3.000,0.474,0.466,0.455,0.448,0.444,0.439,0.436,0.432,0.428,0.425,0.422,0.420,0.419,0.417,0.416,0.415,0.416,0.416,0.417,0.418,0.420,0.423,0.425,0.429,0.433,0.439,0.444,0.451,0.462,0.477,0.477,3.000,3.000,3.000,3.000,1.762,1.752,1.770,1.781,1.789,1.796,1.802,1.806,1.808,1.810,1.812,1.812,1.810,1.808,1.804,1.798,1.787,1.771,1.782,3.000,3.000,3.000,0.981,0.981,0.953,0.935,0.921,0.907,0.894,0.887,0.880,0.876,0.871,0.868,0.864,0.863,0.861,0.859,0.858,0.858,0.859,0.860,0.861,0.863,0.864,0.867,0.871,0.874,0.877,0.881,0.886,0.895,0.898,0.904,0.909,0.917,0.928,0.944,0.959,0.980,0.987,3.000,3.000,3.000,3.000,1.859,1.851,1.867,1.878,1.886,1.893,1.899,1.906,1.911,1.914,1.918,1.921,1.925,1.929,1.932,1.935,1.938,1.940,1.944,1.946,1.948,1.951,1.953,1.958,1.961,1.964,1.966,1.969,1.972,1.975,1.978,1.982,1.986,1.989,1.993,1.997,2.000,2.005,2.009,2.013,2.016,2.020,2.023,2.027,2.030,2.034,2.039,2.042,2.046,2.050,2.055,2.061,2.066,2.071,2.076,2.081,2.086,2.092,2.098,2.104,2.108,2.113,2.118,2.122,2.128,2.134,2.140,2.146,2.151,2.158,2.163,2.168,2.171,2.177,2.182,2.187,2.193,2.200,2.204,2.211,2.218,2.224,2.228,2.233,2.234,2.237,2.243,3.000,3.000,3.000,3.000,3.000,3.000,3.000,3.000,3.000,3.000,3.000,3.000,3.000,3.000,3.000,3.000,3.000,3.000,3.000,3.000,3.000,3.000,3.000,3.000,3.000,3.000,3.000,3.000,3.000,3.000,3.000,3.000,3.000,3.000,3.000,3.000,3.000,3.000,3.000,3.000,3.000,3.000,3.000,3.000,3.000,3.000,3.000,3.000,3.000,3.000,3.000,3.000,3.000,3.000,3.000,3.000
3.000,3.000,3.000,3.000,3.000,3.000,3.000,3.000,3.000,3.000,2.153,2.153,2.141,2.133,2.127,2.122,2.117,2.110,2.100,2.096,2.092,2.087,2.080,2.074,2.069,2.067,2.062,2.055,2.047,2.042,2.038,2.032,2.025,2.018,2.012,2.005,1.997,1.989,1.982,1.975,1.970,1.965,1.961,1.956,1.953,1.949,1.945,1.936,1.931,1.926,1.923,1.918,1.916,1.913,1.910,1.906,1.899,1.893,1.888,1.882,1.877,1.872,1.863,1.853,1.844,1.832,1.818,1.805,1.792,1.774,1.789,1.773,3.000,3.000,3.000,3.000,3.000,0.466,0.460,0.450,0.442,0.437,0.433,0.429,0.425,0.421,0.418,0.416,0.413,0.411,0.408,0.407,0.407,0.408,0.409,0.411,0.412,0.413,0.416,0.418,0.422,0.425,0.432,0.440,0.448,0.459,0.473,0.477,3.000,3.000,3.000,3.000,1.752,1.740,1.762,1.775,1.783,1.791,1.797,1.801,1.803,1.804,1.805,1.806,1.805,1.803,1.799,1.791,1.780,1.762,1.771,3.000,3.000,3.000,0.981,0.975,0.948,0.932,0.918,0.905,0.892,0.886,0.879,0.875,0.870,0.867,0.864,0.862,0.860,0.858,0.857,0.857,0.857,0.858,0.858,0.859,0.860,0.862,0.865,0.869,0.871,0.875,0.878,0.885,0.888,0.894,0.901,0.909,0.919,0.930,0.944,0.971,0.998,0.998,3.000,3.000,3.000,1.851,1.845,1.862,1.874,1.882,1.890,1.896,1.902,1.907,1.910,1.913,1.916,1.920,1.925,1.928,1.932,1.935,1.938,1.941,1.944,1.946,1.948,1.950,1.954,1.957,1.960,1.963,1.966,1.969,1.972,1.976,1.979,1.983,1.987,1.990,1.993,1.996,2.001,2.005,2.010,2.013,2.017,2.020,2.024,2.027,2.032,2.036,2.040,2.043,2.047,2.051,2.056,2.061,2.065,2.071,2.076,2.081,2.087,2.093,2.100,2.104,2.109,2.114,2.119,2.125,2.131,2.137,2.142,2.147,2.153,2.159,2.164,2.168,2.174,2.179,2.184,2.190,2.196,2.201,2.207,2.214,2.220,2.224,2.229,2.230,2.233,2.237,3.000,3.000,3.000,3.000,3.000,3.000,3.000,3.000,3.000,3.000,3.000,3.000,3.000,3.000,3.000,3.000,3.000,3.000,3.000,3.000,3.000,3.000,3.000,3.000,3.000,3.000,3.000,3.000,3.000,3.000,3.000,3.000,3.000,3.000,3.000,3.000,3.000,3.000,3.000,3.000,3.000,3.000,3.000,3.000,3.000,3.000,3.000,3.000,3.000,3.000,3.000,3.000,3.000,3.000,3.000,3.000
3.000,3.000,3.000,3.000,3.000,3.000,3.000,3.000,3.000,2.161,2.161,2.153,2.142,2.134,2.128,2.122,2.117,2.110,2.099,2.093,2.087,2.082,2.071,2.067,2.066,2.064,2.060,2.053,2.045,2.040,2.035,2.029,2.021,2.015,2.008,2.001,1.993,1.984,1.977,1.970,1.965,1.961,1.957,1.952,1.948,1.945,1.941,1.932,1.928,1.924,1.921,1.915,1.913,1.910,1.907,1.904,1.896,1.890,1.884,1.878,1.872,1.865,1.856,1.847,1.836,1.822,1.810,1.795,1.780,1.754,1.774,3.000,3.000,3.000,3.000,3.000,3.000,0.460,0.456,0.445,0.436,0.431,0.424,0.421,0.418,0.415,0.412,0.409,0.406,0.404,0.401,0.400,0.400,0.402,0.402,0.404,0.405,0.406,0.408,0.410,0.411,0.415,0.426,0.435,0.444,0.456,0.470,0.473,3.000,3.000,3.000,3.000,1.740,1.731,1.752,1.768,1.778,1.785,1.792,1.796,1.798,1.799,1.801,1.802,1.800,1.797,1.793,1.785,1.774,1.780,1.762,3.000,3.000,0.994,0.994,0.969,0.942,0.929,0.913,0.902,0.891,0.884,0.878,0.874,0.869,0.867,0.863,0.862,0.860,0.858,0.856,0.856,0.856,0.856,0.856,0.857,0.858,0.859,0.862,0.865,0.867,0.871,0.875,0.880,0.884,0.891,0.898,0.906,0.916,0.927,0.941,0.966,0.998,0.998,3.000,3.000,3.000,1.845,1.841,1.858,1.871,1.880,1.887,1.893,1.899,1.904,1.907,1.910,1.913,1.916,1.920,1.924,1.929,1.932,1.935,1.938,1.941,1.944,1.946,1.948,1.952,1.955,1.958,1.961,1.964,1.967,1.970,1.973,1.977,1.981,1.984,1.987,1.990,1.993,1.998,2.003,2.007,2.011,2.015,2.018,2.022,2.025,2.030,2.033,2.037,2.041,2.044,2.049,2.053,2.057,2.062,2.067,2.071,2.077,2.083,2.089,2.095,2.100,2.105,2.111,2.116,2.122,2.128,2.133,2.138,2.143,2.149,2.154,2.161,2.166,2.171,2.177,2.182,2.187,2.193,2.198,2.204,2.209,2.215,2.218,2.224,2.225,2.228,2.233,3.000,3.000,3.000,3.000,3.000,3.000,3.000,3.000,3.000,3.000,3.000,3.000,3.000,3.000,3.000,3.000,3.000,3.000,3.000,3.000,3.000,3.000,3.000,3.000,3.000,3.000,3.000,3.000,3.000,3.000,3.000,3.000,3.000,3.000,3.000,3.000,3.000,3.000,3.000,3.000,3.000,3.000,3.000,3.000,3.000,3.000,3.000,3.000,3.000,3.000,3.000,3.000,3.000,3.000,3.000,3.000
3.000,3.000,3.000,3.000,3.000,3.000,3.000,3.000,3.000,2.161,2.161,2.153,2.143,2.135,2.129,2.123,2.118,2.112,2.100,2.091,2.084,2.077,2.068,2.064,2.064,2.062,2.057,2.048,2.042,2.036,2.031,2.023,2.015,2.008,2.002,1.995,1.988,1.976,1.971,1.965,1.961,1.956,1.953,1.948,1.945,1.942,1.938,1.929,1.925,1.921,1.918,1.913,1.910,1.907,1.904,1.900,1.893,1.887,1.880,1.873,1.864,1.856,1.848,1.837,1.828,1.814,1.800,1.781,1.758,1.780,1.754,3.000,3.000,3.000,3.000,3.000,0.462,0.462,0.452,0.441,0.431,0.425,0.419,0.416,0.413,0.411,0.408,0.405,0.402,0.399,0.396,0.395,0.394,0.394,0.394,0.397,0.398,0.399,0.399,0.401,0.403,0.409,0.417,0.431,0.442,0.455,0.468,0.491,0.491,3.000,3.000,3.000,1.731,1.752,1.746,1.763,1.773,1.780,1.786,1.790,1.792,1.795,1.796,1.796,1.796,1.793,1.787,1.779,1.768,1.774,3.000,3.000,3.000,0.994,0.994,0.967,0.939,0.926,0.911,0.900,0.890,0.883,0.877,0.873,0.868,0.866,0.863,0.862,0.859,0.858,0.856,0.856,0.855,0.856,0.855,0.856,0.856,0.858,0.860,0.862,0.865,0.868,0.871,0.877,0.881,0.888,0.895,0.904,0.914,0.926,0.941,0.963,0.993,1.007,1.007,3.000,3.000,1.841,1.837,1.854,1.867,1.876,1.883,1.889,1.895,1.900,1.904,1.906,1.909,1.912,1.917,1.921,1.925,1.929,1.932,1.935,1.938,1.941,1.944,1.946,1.950,1.952,1.955,1.958,1.961,1.964,1.968,1.971,1.976,1.979,1.983,1.986,1.988,1.991,1.996,2.000,2.004,2.008,2.012,2.016,2.020,2.023,2.027,2.030,2.035,2.038,2.041,2.045,2.049,2.053,2.057,2.060,2.066,2.072,2.077,2.084,2.090,2.095,2.100,2.105,2.111,2.117,2.123,2.128,2.133,2.139,2.145,2.150,2.156,2.162,2.168,2.174,2.179,2.184,2.190,2.195,2.201,2.206,2.211,2.213,2.218,2.220,2.225,2.228,3.000,3.000,3.000,3.000,3.000,3.000,3.000,3.000,3.000,3.000,3.000,3.000,3.000,3.000,3.000,3.000,3.000,3.000,3.000,3.000,3.000,3.000,3.000,3.000,3.000,3.000,3.000,3.000,3.000,3.000,3.000,3.000,3.000,3.000,3.000,3.000,3.000,3.000,3.000,3.000,3.000,3.000,3.000,3.000,3.000,3.000,3.000,3.000,3.000,3.000,3.000,3.000,3.000,3.000,3.000,3.000
3.000,3.000,3.000,3.000,3.000,3.000,3.000,3.000,3.000,2.161,2.159,2.153,2.143,2.135,2.129,2.122,2.118,2.109,2.097,2.090,2.081,2.071,2.064,2.061,2.061,2.058,2.053,2.044,2.036,2.031,2.025,2.019,2.011,2.003,1.997,1.990,1.984,1.972,1.968,1.963,1.959,1.954,1.950,1.945,1.941,1.938,1.932,1.925,1.921,1.917,1.915,1.909,1.905,1.902,1.899,1.895,1.888,1.883,1.876,1.867,1.858,1.850,1.841,1.830,1.820,1.805,1.790,1.765,1.739,1.758,3.000,3.000,3.000,3.000,3.000,3.000,0.462,0.462,0.448,0.435,0.426,0.420,0.414,0.411,0.409,0.407,0.405,0.403,0.400,0.397,0.394,0.392,0.390,0.389,0.389,0.390,0.391,0.391,0.392,0.393,0.398,0.404,0.414,0.427,0.439,0.455,0.468,0.491,0.491,3.000,3.000,3.000,3.000,1.746,1.742,1.758,1.769,1.775,1.782,1.786,1.789,1.791,1.793,1.793,1.792,1.789,1.784,1.776,1.763,1.768,3.000,3.000,3.000,0.994,0.989,0.961,0.937,0.925,0.910,0.900,0.889,0.883,0.876,0.872,0.867,0.865,0.863,0.861,0.859,0.857,0.855,0.855,0.855,0.855,0.854,0.855,0.856,0.856,0.858,0.860,0.862,0.867,0.870,0.876,0.880,0.886,0.894,0.902,0.913,0.925,0.941,0.960,0.984,1.007,1.007,3.000,3.000,1.837,1.854,1.850,1.863,1.872,1.879,1.885,1.891,1.895,1.900,1.902,1.906,1.909,1.914,1.917,1.921,1.925,1.929,1.933,1.936,1.938,1.941,1.943,1.947,1.949,1.952,1.954,1.958,1.960,1.964,1.968,1.972,1.975,1.980,1.983,1.986,1.988,1.993,1.997,2.001,2.004,2.009,2.013,2.017,2.020,2.024,2.026,2.031,2.033,2.038,2.042,2.045,2.050,2.053,2.056,2.062,2.068,2.073,2.081,2.087,2.092,2.097,2.102,2.108,2.114,2.119,2.125,2.129,2.136,2.142,2.147,2.153,2.158,2.165,2.170,2.175,2.180,2.186,2.192,2.197,2.202,2.207,2.210,2.216,2.218,2.223,2.225,2.221,3.000,3.000,3.000,3.000,3.000,3.000,3.000,3.000,3.000,3.000,3.000,3.000,3.000,3.000,3.000,3.000,3.000,3.000,3.000,3.000,3.000,3.000,3.000,3.000,3.000,3.000,3.000,3.000,3.000,3.000,3.000,3.000,3.000,3.000,3.000,3.000,3.000,3.000,3.000,3.000,3.000,3.000,3.000,3.000,3.000,3.000,3.000,3.000,3.000,3.000,3.000,3.000,3.000,3.000,3.000
3.000,3.000,3.000,3.000,3.000,3.000,3.000,3.000,3.000,2.159,2.157,2.152,2.143,2.134,2.129,2.122,2.119,2.108,2.095,2.088,2.079,2.068,2.061,2.057,2.057,2.054,2.048,2.041,2.033,2.027,2.022,2.016,2.008,2.000,1.993,1.985,1.980,1.970,1.967,1.962,1.958,1.953,1.949,1.944,1.940,1.935,1.929,1.922,1.918,1.914,1.912,1.906,1.902,1.898,1.894,1.890,1.883,1.878,1.872,1.861,1.854,1.843,1.834,1.823,1.813,1.794,1.774,1.746,1.765,1.739,3.000,3.000,3.000,3.000,0.514,0.514,0.514,0.457,0.444,0.431,0.423,0.416,0.411,0.408,0.406,0.405,0.403,0.402,0.399,0.397,0.393,0.390,0.389,0.388,0.387,0.388,0.388,0.389,0.390,0.391,0.396,0.402,0.412,0.425,0.438,0.456,0.470,0.491,0.493,3.000,3.000,3.000,3.000,1.742,1.737,1.754,1.764,1.772,1.778,1.783,1.786,1.788,1.790,1.790,1.789,1.786,1.780,1.772,1.759,1.763,3.000,3.000,3.000,0.997,0.990,0.963,0.938,0.926,0.911,0.901,0.889,0.883,0.876,0.872,0.867,0.865,0.862,0.861,0.858,0.856,0.855,0.854,0.854,0.854,0.854,0.855,0.855,0.856,0.857,0.860,0.862,0.866,0.870,0.875,0.880,0.886,0.893,0.902,0.912,0.926,0.941,0.960,0.983,1.006,1.014,3.000,3.000,1.823,1.850,1.845,1.857,1.866,1.875,1.881,1.887,1.892,1.896,1.899,1.903,1.906,1.910,1.914,1.917,1.921,1.926,1.930,1.933,1.935,1.938,1.940,1.944,1.946,1.949,1.952,1.955,1.958,1.961,1.965,1.969,1.972,1.977,1.980,1.983,1.985,1.991,1.994,1.998,2.001,2.005,2.010,2.014,2.017,2.021,2.023,2.028,2.030,2.035,2.038,2.042,2.045,2.049,2.053,2.058,2.064,2.070,2.077,2.084,2.089,2.094,2.099,2.104,2.109,2.116,2.121,2.126,2.132,2.138,2.143,2.149,2.154,2.160,2.165,2.171,2.176,2.182,2.189,2.194,2.199,2.203,2.207,2.212,2.215,2.220,2.221,2.221,3.000,3.000,3.000,3.000,3.000,3.000,3.000,3.000,3.000,3.000,3.000,3.000,3.000,3.000,3.000,3.000,3.000,3.000,3.000,3.000,3.000,3.000,3.000,3.000,3.000,3.000,3.000,3.000,3.000,3.000,3.000,3.000,3.000,3.000,3.000,3.000,3.000,3.000,3.000,3.000,3.000,3.000,3.000,3.000,3.000,3.000,3.000,3.000,3.000,3.000,3.000,3.000,3.000,3.000,3.000
3.000,3.000,3.000,3.000,3.000,3.000,3.000,3.000,3.000,2.157,2.153,2.150,2.143,2.133,2.128,2.122,2.119,2.107,2.093,2.085,2.077,2.065,2.058,2.054,2.052,2.049,2.044,2.038,2.029,2.023,2.018,2.012,2.005,1.998,1.990,1.983,1.978,1.971,1.967,1.963,1.958,1.953,1.949,1.944,1.940,1.935,1.929,1.922,1.919,1.914,1.911,1.906,1.900,1.896,1.891,1.886,1.879,1.874,1.867,1.857,1.849,1.839,1.829,1.817,1.805,1.785,1.761,1.728,1.746,3.000,3.000,3.000,3.000,3.000,0.514,0.514,0.484,0.453,0.440,0.429,0.421,0.415,0.410,0.407,0.405,0.405,0.404,0.403,0.401,0.398,0.393,0.391,0.390,0.389,0.389,0.389,0.389,0.390,0.391,0.392,0.397,0.403,0.414,0.425,0.438,0.457,0.472,0.493,0.493,3.000,3.000,3.000,3.000,1.737,1.730,1.749,1.760,1.769,1.775,1.780,1.784,1.786,1.788,1.788,1.786,1.783,1.778,1.769,1.756,1.759,1.733,3.000,3.000,0.999,0.997,0.967,0.941,0.928,0.914,0.903,0.892,0.885,0.877,0.873,0.868,0.866,0.863,0.861,0.858,0.857,0.855,0.854,0.854,0.854,0.854,0.855,0.856,0.857,0.858,0.860,0.862,0.866,0.870,0.875,0.880,0.886,0.893,0.902,0.912,0.927,0.943,0.963,0.987,1.014,1.014,3.000,3.000,1.823,1.823,1.842,1.854,1.863,1.871,1.878,1.885,1.889,1.893,1.896,1.900,1.903,1.907,1.910,1.914,1.917,1.922,1.927,1.930,1.932,1.935,1.937,1.941,1.944,1.947,1.949,1.953,1.956,1.959,1.963,1.967,1.970,1.975,1.977,1.980,1.982,1.987,1.991,1.995,1.998,2.001,2.006,2.011,2.015,2.019,2.021,2.025,2.028,2.032,2.034,2.037,2.041,2.046,2.050,2.055,2.060,2.066,2.072,2.080,2.085,2.090,2.095,2.101,2.106,2.111,2.117,2.121,2.129,2.135,2.140,2.146,2.151,2.156,2.161,2.167,2.173,2.179,2.185,2.191,2.195,2.198,2.203,2.209,2.212,2.216,2.216,2.221,3.000,3.000,3.000,3.000,3.000,3.000,3.000,3.000,3.000,3.000,3.000,3.000,3.000,3.000,3.000,3.000,3.000,3.000,3.000,3.000,3.000,3.000,3.000,3.000,3.000,3.000,3.000,3.000,3.000,3.000,3.000,3.000,3.000,3.000,3.000,3.000,3.000,3.000,3.000,3.000,3.000,3.000,3.000,3.000,3.000,3.000,3.000,3.000,3.000,3.000,3.000,3.000,3.000,3.000,3.000
3.000,3.000,3.000,3.000,3.000,3.000,3.000,3.000,3.000,2.153,2.151,2.147,2.140,2.127,2.124,2.114,2.111,2.098,2.088,2.081,2.073,2.060,2.054,2.051,2.049,2.046,2.041,2.035,2.026,2.020,2.015,2.009,2.003,1.996,1.988,1.981,1.976,1.970,1.967,1.962,1.959,1.953,1.948,1.942,1.938,1.933,1.928,1.920,1.917,1.912,1.909,1.903,1.897,1.893,1.889,1.882,1.875,1.870,1.864,1.854,1.846,1.834,1.824,1.811,1.796,1.778,1.745,1.717,1.728,3.000,3.000,3.000,0.515,0.515,0.515,0.493,0.469,0.447,0.437,0.428,0.421,0.415,0.411,0.408,0.407,0.407,0.406,0.406,0.404,0.401,0.396,0.394,0.393,0.392,0.392,0.391,0.391,0.392,0.393,0.395,0.400,0.406,0.415,0.425,0.438,0.458,0.474,0.493,0.495,3.000,3.000,3.000,3.000,1.730,1.726,1.743,1.756,1.765,1.772,1.777,1.781,1.783,1.785,1.785,1.783,1.780,1.774,1.766,1.752,1.733,1.733,3.000,3.000,1.001,0.999,0.969,0.943,0.929,0.915,0.904,0.892,0.884,0.876,0.872,0.867,0.865,0.863,0.861,0.859,0.857,0.855,0.855,0.855,0.855,0.855,0.856,0.857,0.858,0.859,0.861,0.864,0.868,0.872,0.876,0.881,0.887,0.894,0.904,0.915,0.930,0.948,0.968,0.996,1.014,1.014,3.000,3.000,1.823,1.821,1.839,1.852,1.860,1.868,1.876,1.882,1.886,1.890,1.893,1.897,1.901,1.905,1.908,1.911,1.915,1.919,1.924,1.927,1.929,1.931,1.933,1.938,1.940,1.944,1.947,1.950,1.953,1.957,1.961,1.964,1.967,1.971,1.974,1.976,1.978,1.981,1.987,1.991,1.994,1.998,2.002,2.007,2.011,2.015,2.018,2.022,2.025,2.029,2.031,2.034,2.038,2.043,2.047,2.052,2.056,2.061,2.068,2.076,2.082,2.087,2.092,2.097,2.102,2.108,2.112,2.117,2.125,2.131,2.136,2.142,2.147,2.152,2.157,2.162,2.169,2.176,2.182,2.188,2.192,2.195,2.199,2.205,2.209,2.212,2.213,2.216,3.000,3.000,3.000,3.000,3.000,3.000,3.000,3.000,3.000,3.000,3.000,3.000,3.000,3.000,3.000,3.000,3.000,3.000,3.000,3.000,3.000,3.000,3.000,3.000,3.000,3.000,3.000,3.000,3.000,3.000,3.000,3.000,3.000,3.000,3.000,3.000,3.000,3.000,3.000,3.000,3.000,3.000,3.000,3.000,3.000,3.000,3.000,3.000,3.000,3.000,3.000,3.000,3.000,3.000,3.000
3.000,3.000,3.000,3.000,3.000,3.000,3.000,3.000,3.000,2.151,2.147,2.143,2.136,2.123,2.116,2.108,2.102,2.091,2.082,2.074,2.066,2.054,2.048,2.046,2.044,2.041,2.037,2.030,2.022,2.017,2.011,2.006,2.000,1.992,1.985,1.979,1.974,1.968,1.965,1.961,1.957,1.951,1.946,1.940,1.936,1.930,1.923,1.916,1.912,1.908,1.906,1.899,1.895,1.891,1.886,1.880,1.874,1.868,1.862,1.851,1.842,1.831,1.820,1.807,1.790,1.771,1.738,1.709,1.717,3.000,3.000,3.000,0.515,0.515,0.499,0.478,0.460,0.443,0.434,0.427,0.421,0.417,0.413,0.411,0.410,0.410,0.410,0.410,0.409,0.407,0.404,0.402,0.399,0.397,0.396,0.395,0.394,0.394,0.396,0.398,0.404,0.410,0.418,0.428,0.440,0.463,0.477,0.495,0.495,3.000,3.000,3.000,3.000,1.726,1.722,1.739,1.752,1.762,1.768,1.773,1.777,1.779,1.782,1.781,1.780,1.777,1.772,1.763,1.749,1.731,1.733,3.000,3.000,1.001,1.001,0.969,0.942,0.927,0.914,0.903,0.892,0.883,0.875,0.870,0.866,0.864,0.862,0.862,0.860,0.858,0.857,0.856,0.856,0.856,0.856,0.858,0.859,0.860,0.861,0.864,0.866,0.870,0.874,0.878,0.883,0.889,0.897,0.906,0.919,0.936,0.955,0.976,1.005,1.005,3.000,3.000,3.000,1.821,1.819,1.837,1.849,1.858,1.865,1.872,1.879,1.883,1.888,1.891,1.895,1.899,1.902,1.905,1.909,1.913,1.917,1.921,1.924,1.925,1.928,1.930,1.935,1.937,1.940,1.943,1.947,1.950,1.954,1.957,1.961,1.964,1.968,1.970,1.972,1.974,1.978,1.982,1.988,1.991,1.994,1.999,2.004,2.008,2.011,2.014,2.018,2.021,2.025,2.027,2.031,2.034,2.039,2.043,2.048,2.052,2.057,2.063,2.071,2.076,2.083,2.088,2.093,2.098,2.104,2.109,2.114,2.120,2.127,2.131,2.136,2.143,2.148,2.153,2.158,2.164,2.172,2.179,2.185,2.189,2.193,2.197,2.202,2.206,2.210,2.211,2.213,3.000,3.000,3.000,3.000,3.000,3.000,3.000,3.000,3.000,3.000,3.000,3.000,3.000,3.000,3.000,3.000,3.000,3.000,3.000,3.000,3.000,3.000,3.000,3.000,3.000,3.000,3.000,3.000,3.000,3.000,3.000,3.000,3.000,3.000,3.000,3.000,3.000,3.000,3.000,3.000,3.000,3.000,3.000,3.000,3.000,3.000,3.000,3.000,3.000,3.000,3.000,3.000,3.000,3.000,3.000
3.000,3.000,3.000,3.000,3.000,3.000,3.000,3.000,3.000,2.147,2.145,2.141,2.133,2.120,2.112,2.103,2.090,2.078,2.069,2.065,2.060,2.047,2.043,2.041,2.040,2.038,2.034,2.028,2.019,2.014,2.009,2.003,1.997,1.990,1.983,1.976,1.971,1.966,1.963,1.960,1.956,1.949,1.944,1.938,1.934,1.928,1.921,1.915,1.910,1.906,1.903,1.898,1.893,1.889,1.884,1.878,1.872,1.867,1.859,1.849,1.837,1.827,1.816,1.802,1.785,1.766,1.731,1.738,1.709,3.000,3.000,0.471,0.515,0.485,0.471,0.459,0.446,0.436,0.428,0.422,0.418,0.415,0.411,0.409,0.408,0.409,0.409,0.409,0.408,0.407,0.405,0.403,0.400,0.398,0.396,0.396,0.396,0.396,0.398,0.401,0.409,0.413,0.421,0.430,0.442,0.463,0.477,0.494,0.495,3.000,3.000,3.000,3.000,1.722,1.720,1.736,1.748,1.759,1.765,1.770,1.774,1.775,1.779,1.778,1.777,1.774,1.769,1.761,1.747,1.730,1.731,3.000,3.000,1.001,1.001,0.970,0.943,0.928,0.915,0.905,0.894,0.885,0.876,0.870,0.866,0.864,0.863,0.863,0.862,0.860,0.859,0.858,0.858,0.858,0.858,0.860,0.861,0.863,0.864,0.867,0.869,0.873,0.877,0.880,0.885,0.891,0.899,0.910,0.923,0.941,0.962,0.989,1.005,1.005,3.000,3.000,3.000,1.821,1.819,1.836,1.848,1.856,1.863,1.870,1.877,1.881,1.885,1.889,1.893,1.896,1.900,1.903,1.907,1.910,1.914,1.918,1.921,1.922,1.925,1.927,1.932,1.935,1.938,1.940,1.944,1.947,1.951,1.955,1.959,1.962,1.966,1.968,1.971,1.973,1.976,1.980,1.986,1.989,1.993,1.997,2.001,2.005,2.008,2.012,2.015,2.018,2.022,2.025,2.028,2.032,2.036,2.040,2.045,2.049,2.053,2.059,2.066,2.071,2.077,2.082,2.089,2.094,2.100,2.105,2.110,2.116,2.122,2.127,2.133,2.139,2.144,2.149,2.155,2.161,2.168,2.175,2.181,2.186,2.190,2.193,2.198,2.203,2.207,2.208,2.211,3.000,3.000,3.000,3.000,3.000,3.000,3.000,3.000,3.000,3.000,3.000,3.000,3.000,3.000,3.000,3.000,3.000,3.000,3.000,3.000,3.000,3.000,3.000,3.000,3.000,3.000,3.000,3.000,3.000,3.000,3.000,3.000,3.000,3.000,3.000,3.000,3.000,3.000,3.000,3.000,3.000,3.000,3.000,3.000,3.000,3.000,3.000,3.000,3.000,3.000,3.000,3.000,3.000,3.000,3.000
3.000,3.000,3.000,3.000,3.000,3.000,3.000,3.000,2.152,2.152,2.145,2.142,2.132,2.121,2.112,2.103,2.093,2.074,2.065,2.060,2.056,2.044,2.041,2.039,2.038,2.037,2.033,2.027,2.018,2.012,2.006,2.001,1.995,1.988,1.982,1.976,1.971,1.965,1.963,1.959,1.955,1.947,1.943,1.937,1.933,1.927,1.920,1.914,1.910,1.906,1.902,1.897,1.892,1.888,1.882,1.876,1.870,1.864,1.856,1.843,1.832,1.823,1.811,1.797,1.780,1.758,1.766,1.731,3.000,3.000,3.000,0.471,0.471,0.459,0.451,0.442,0.434,0.427,0.421,0.417,0.413,0.410,0.408,0.406,0.405,0.405,0.405,0.406,0.406,0.404,0.403,0.400,0.398,0.397,0.396,0.396,0.396,0.398,0.402,0.406,0.412,0.418,0.424,0.433,0.446,0.464,0.478,0.495,0.495,3.000,3.000,3.000,3.000,1.720,1.718,1.735,1.746,1.757,1.763,1.768,1.772,1.773,1.776,1.775,1.775,1.772,1.768,1.760,1.748,1.731,1.731,3.000,3.000,1.001,0.999,0.971,0.946,0.930,0.918,0.908,0.900,0.890,0.878,0.873,0.867,0.866,0.864,0.865,0.863,0.862,0.860,0.860,0.859,0.859,0.860,0.861,0.863,0.864,0.866,0.868,0.871,0.875,0.878,0.882,0.886,0.892,0.901,0.912,0.926,0.946,0.971,1.002,1.002,3.000,3.000,3.000,3.000,1.821,1.821,1.836,1.847,1.855,1.862,1.868,1.874,1.879,1.883,1.887,1.891,1.894,1.898,1.900,1.904,1.908,1.911,1.915,1.919,1.921,1.923,1.926,1.930,1.933,1.936,1.938,1.942,1.946,1.950,1.954,1.958,1.960,1.964,1.966,1.970,1.972,1.976,1.980,1.985,1.988,1.991,1.995,2.000,2.003,2.006,2.009,2.013,2.015,2.019,2.023,2.026,2.030,2.034,2.038,2.042,2.046,2.051,2.056,2.062,2.067,2.073,2.078,2.084,2.090,2.096,2.102,2.106,2.112,2.119,2.124,2.130,2.136,2.140,2.145,2.151,2.157,2.163,2.170,2.177,2.182,2.186,2.189,2.193,2.197,2.203,2.202,2.208,3.000,3.000,3.000,3.000,3.000,3.000,3.000,3.000,3.000,3.000,3.000,3.000,3.000,3.000,3.000,3.000,3.000,3.000,3.000,3.000,3.000,3.000,3.000,3.000,3.000,3.000,3.000,3.000,3.000,3.000,3.000,3.000,3.000,3.000,3.000,3.000,3.000,3.000,3.000,3.000,3.000,3.000,3.000,3.000,3.000,3.000,3.000,3.000,3.000,3.000,3.000,3.000,3.000,3.000,3.000
3.000,3.000,3.000,3.000,3.000,3.000,3.000,3.000,2.153,2.152,2.145,2.141,2.130,2.119,2.108,2.100,2.090,2.071,2.062,2.057,2.054,2.040,2.038,2.036,2.035,2.034,2.031,2.026,2.016,2.010,2.004,1.998,1.992,1.986,1.981,1.975,1.970,1.964,1.960,1.957,1.952,1.945,1.942,1.936,1.932,1.926,1.920,1.915,1.911,1.906,1.901,1.897,1.891,1.887,1.881,1.874,1.867,1.861,1.852,1.840,1.828,1.818,1.805,1.791,1.773,1.750,1.758,3.000,3.000,3.000,3.000,0.471,0.453,0.445,0.439,0.429,0.424,0.419,0.415,0.411,0.408,0.405,0.403,0.401,0.401,0.401,0.401,0.401,0.401,0.399,0.398,0.397,0.395,0.395,0.395,0.395,0.396,0.399,0.403,0.408,0.414,0.421,0.430,0.439,0.450,0.465,0.479,0.495,0.496,3.000,3.000,3.000,3.000,1.718,1.717,1.733,1.744,1.755,1.762,1.766,1.770,1.772,1.774,1.774,1.773,1.771,1.767,1.759,1.747,1.731,1.731,3.000,3.000,1.006,1.001,0.973,0.947,0.931,0.920,0.910,0.903,0.893,0.885,0.879,0.871,0.869,0.868,0.867,0.865,0.863,0.862,0.861,0.860,0.860,0.861,0.863,0.864,0.866,0.868,0.870,0.873,0.877,0.880,0.883,0.888,0.894,0.903,0.915,0.932,0.951,0.977,1.002,1.002,3.000,3.000,3.000,1.797,1.821,1.821,1.834,1.845,1.852,1.860,1.866,1.872,1.877,1.881,1.884,1.888,1.892,1.895,1.897,1.901,1.904,1.908,1.911,1.915,1.917,1.921,1.923,1.928,1.931,1.933,1.936,1.940,1.944,1.948,1.952,1.956,1.959,1.962,1.965,1.969,1.972,1.975,1.979,1.984,1.987,1.990,1.994,1.998,2.001,2.004,2.008,2.011,2.013,2.016,2.020,2.024,2.028,2.033,2.036,2.040,2.044,2.048,2.053,2.059,2.064,2.070,2.074,2.080,2.085,2.091,2.097,2.103,2.108,2.115,2.120,2.126,2.132,2.136,2.140,2.145,2.152,2.158,2.165,2.170,2.176,2.181,2.183,2.188,2.192,2.199,2.198,2.202,3.000,3.000,3.000,3.000,3.000,3.000,3.000,3.000,3.000,3.000,3.000,3.000,3.000,3.000,3.000,3.000,3.000,3.000,3.000,3.000,3.000,3.000,3.000,3.000,3.000,3.000,3.000,3.000,3.000,3.000,3.000,3.000,3.000,3.000,3.000,3.000,3.000,3.000,3.000,3.000,3.000,3.000,3.000,3.000,3.000,3.000,3.000,3.000,3.000,3.000,3.000,3.000,3.000,3.000,3.000
3.000,3.000,3.000,3.000,3.000,3.000,3.000,2.161,2.161,2.153,2.145,2.142,2.130,2.117,2.106,2.100,2.087,2.090,2.071,2.062,2.057,2.054,2.034,2.032,2.031,2.031,2.029,2.023,2.015,2.008,2.001,1.996,1.990,1.985,1.980,1.974,1.970,1.963,1.959,1.955,1.950,1.945,1.940,1.936,1.931,1.926,1.921,1.916,1.912,1.906,1.901,1.896,1.890,1.885,1.879,1.872,1.863,1.856,1.848,1.837,1.824,1.812,1.800,1.785,1.764,1.739,1.750,3.000,3.000,3.000,0.455,0.455,0.442,0.434,0.427,0.421,0.417,0.413,0.410,0.407,0.404,0.402,0.400,0.398,0.397,0.397,0.396,0.396,0.396,0.395,0.394,0.393,0.392,0.392,0.392,0.393,0.394,0.397,0.401,0.406,0.413,0.422,0.432,0.442,0.453,0.466,0.479,0.496,0.498,3.000,3.000,3.000,3.000,1.717,1.716,1.732,1.743,1.753,1.759,1.764,1.768,1.770,1.772,1.772,1.772,1.769,1.764,1.757,1.745,1.729,1.731,3.000,3.000,1.006,1.006,0.975,0.948,0.930,0.919,0.909,0.901,0.892,0.884,0.877,0.872,0.872,0.870,0.868,0.866,0.863,0.862,0.861,0.860,0.860,0.861,0.863,0.865,0.867,0.868,0.871,0.874,0.878,0.881,0.885,0.890,0.896,0.906,0.919,0.937,0.955,0.981,0.981,3.000,3.000,3.000,3.000,1.799,1.797,1.821,1.834,1.844,1.851,1.858,1.864,1.870,1.875,1.879,1.882,1.886,1.889,1.891,1.894,1.898,1.901,1.905,1.908,1.911,1.914,1.917,1.920,1.924,1.927,1.930,1.932,1.935,1.941,1.945,1.950,1.954,1.957,1.961,1.964,1.967,1.970,1.973,1.977,1.981,1.984,1.988,1.991,1.995,1.999,2.002,2.005,2.009,2.011,2.014,2.018,2.022,2.026,2.030,2.034,2.038,2.042,2.045,2.051,2.056,2.062,2.067,2.072,2.077,2.082,2.088,2.094,2.100,2.106,2.112,2.117,2.124,2.129,2.133,2.137,2.142,2.147,2.155,2.160,2.166,2.172,2.176,2.179,2.184,2.186,2.193,2.192,2.198,2.189,3.000,3.000,3.000,3.000,3.000,3.000,3.000,3.000,3.000,3.000,3.000,3.000,3.000,3.000,3.000,3.000,3.000,3.000,3.000,3.000,3.000,3.000,3.000,3.000,3.000,3.000,3.000,3.000,3.000,3.000,3.000,3.000,3.000,3.000,3.000,3.000,3.000,3.000,3.000,3.000,3.000,3.000,3.000,3.000,3.000,3.000,3.000,3.000,3.000,3.000,3.000,3.000,3.000,3.000
3.000,3.000,3.000,3.000,3.000,3.000,3.000,2.162,2.161,2.154,2.146,2.142,2.130,2.116,2.106,2.100,2.105,2.087,3.000,3.000,3.000,2.034,2.027,2.026,2.026,2.026,2.025,2.020,2.012,2.005,1.998,1.993,1.987,1.982,1.977,1.972,1.967,1.961,1.958,1.954,1.948,1.941,1.937,1.933,1.929,1.925,1.920,1.917,1.913,1.907,1.901,1.896,1.889,1.884,1.877,1.868,1.860,1.853,1.845,1.833,1.819,1.807,1.794,1.779,1.755,1.764,1.739,3.000,3.000,3.000,0.455,0.455,0.439,0.430,0.424,0.418,0.413,0.410,0.407,0.404,0.402,0.399,0.397,0.394,0.393,0.392,0.392,0.391,0.390,0.390,0.389,0.388,0.388,0.388,0.389,0.389,0.390,0.392,0.397,0.402,0.410,0.421,0.433,0.445,0.455,0.468,0.480,0.498,0.500,3.000,3.000,3.000,3.000,1.716,1.715,1.730,1.741,1.750,1.757,1.761,1.765,1.768,1.769,1.769,1.769,1.766,1.762,1.754,1.743,1.728,1.729,3.000,3.000,1.006,1.006,0.978,0.946,0.927,0.914,0.904,0.896,0.889,0.881,0.876,0.872,0.873,0.871,0.868,0.865,0.863,0.861,0.861,0.860,0.860,0.861,0.865,0.867,0.870,0.871,0.875,0.878,0.880,0.884,0.888,0.893,0.900,0.911,0.928,0.943,0.962,0.981,0.981,3.000,3.000,3.000,3.000,1.801,1.799,1.820,1.832,1.842,1.849,1.856,1.862,1.867,1.872,1.876,1.878,1.881,1.884,1.887,1.890,1.894,1.898,1.902,1.905,1.907,1.911,1.915,1.918,1.922,1.925,1.927,1.929,1.933,1.938,1.942,1.947,1.951,1.954,1.957,1.960,1.964,1.967,1.970,1.974,1.978,1.982,1.985,1.989,1.993,1.996,2.000,2.003,2.007,2.009,2.012,2.016,2.020,2.024,2.028,2.033,2.036,2.039,2.043,2.049,2.054,2.059,2.065,2.070,2.075,2.079,2.086,2.091,2.098,2.103,2.110,2.114,2.121,2.125,2.131,2.135,2.139,2.145,2.153,2.158,2.163,2.168,2.173,2.176,2.181,2.183,2.189,2.189,2.189,2.189,3.000,3.000,3.000,3.000,3.000,3.000,3.000,3.000,3.000,3.000,3.000,3.000,3.000,3.000,3.000,3.000,3.000,3.000,3.000,3.000,3.000,3.000,3.000,3.000,3.000,3.000,3.000,3.000,3.000,3.000,3.000,3.000,3.000,3.000,3.000,3.000,3.000,3.000,3.000,3.000,3.000,3.000,3.000,3.000,3.000,3.000,3.000,3.000,3.000,3.000,3.000,3.000,3.000,3.000
3.000,3.000,3.000,3.000,3.000,3.000,2.170,2.170,2.162,2.154,2.149,2.144,2.134,2.123,2.111,2.105,2.105,3.000,3.000,3.000,3.000,2.027,2.021,2.023,2.023,2.024,2.023,2.019,2.011,2.004,1.996,1.990,1.985,1.980,1.976,1.970,1.965,1.961,1.957,1.953,1.946,1.939,1.935,1.931,1.927,1.923,1.919,1.915,1.912,1.906,1.901,1.895,1.888,1.883,1.875,1.865,1.857,1.850,1.841,1.826,1.813,1.801,1.788,1.770,1.745,1.755,3.000,3.000,3.000,3.000,0.455,0.455,0.440,0.431,0.423,0.417,0.413,0.409,0.406,0.403,0.400,0.398,0.395,0.392,0.390,0.389,0.388,0.387,0.386,0.385,0.384,0.383,0.382,0.382,0.383,0.384,0.385,0.387,0.392,0.397,0.407,0.419,0.434,0.448,0.459,0.471,0.483,0.500,0.505,3.000,3.000,3.000,3.000,1.715,1.712,1.727,1.738,1.748,1.754,1.759,1.762,1.764,1.766,1.765,1.765,1.763,1.760,1.753,1.743,1.729,1.729,1.709,3.000,3.000,0.988,0.981,0.952,0.927,0.912,0.901,0.893,0.887,0.881,0.877,0.875,0.874,0.871,0.869,0.866,0.864,0.862,0.861,0.860,0.861,0.862,0.864,0.868,0.871,0.873,0.877,0.879,0.883,0.886,0.890,0.896,0.903,0.916,0.931,0.950,0.969,0.971,3.000,3.000,3.000,3.000,1.778,1.801,1.801,1.820,1.831,1.841,1.848,1.854,1.861,1.866,1.870,1.874,1.877,1.880,1.883,1.885,1.888,1.892,1.896,1.899,1.901,1.904,1.908,1.912,1.915,1.920,1.923,1.925,1.927,1.930,1.935,1.938,1.943,1.947,1.951,1.954,1.957,1.961,1.964,1.967,1.971,1.976,1.979,1.983,1.987,1.991,1.994,1.998,2.001,2.005,2.007,2.010,2.013,2.017,2.021,2.026,2.029,2.033,2.036,2.040,2.045,2.051,2.056,2.062,2.066,2.072,2.076,2.084,2.089,2.096,2.101,2.108,2.113,2.119,2.124,2.129,2.133,2.138,2.143,2.151,2.156,2.160,2.165,2.170,2.173,2.177,2.180,2.185,2.185,2.186,2.189,3.000,3.000,3.000,3.000,3.000,3.000,3.000,3.000,3.000,3.000,3.000,3.000,3.000,3.000,3.000,3.000,3.000,3.000,3.000,3.000,3.000,3.000,3.000,3.000,3.000,3.000,3.000,3.000,3.000,3.000,3.000,3.000,3.000,3.000,3.000,3.000,3.000,3.000,3.000,3.000,3.000,3.000,3.000,3.000,3.000,3.000,3.000,3.000,3.000,3.000,3.000,3.000,3.000,3.000
3.000,3.000,3.000,3.000,3.000,3.000,2.171,2.170,2.162,2.153,2.148,2.143,2.134,2.122,2.112,2.105,2.105,3.000,3.000,3.000,3.000,2.021,2.011,2.019,2.020,2.021,2.020,2.017,2.007,2.001,1.994,1.988,1.983,1.978,1.973,1.968,1.964,1.959,1.956,1.951,1.944,1.936,1.933,1.929,1.926,1.921,1.918,1.914,1.910,1.905,1.900,1.894,1.886,1.880,1.872,1.863,1.854,1.847,1.838,1.823,1.808,1.796,1.781,1.763,1.770,1.745,3.000,3.000,3.000,3.000,3.000,0.444,0.443,0.432,0.424,0.417,0.412,0.408,0.405,0.402,0.399,0.397,0.394,0.390,0.388,0.387,0.386,0.384,0.383,0.381,0.380,0.379,0.378,0.378,0.378,0.379,0.380,0.381,0.385,0.391,0.404,0.419,0.436,0.452,0.465,0.478,0.490,0.505,0.513,3.000,3.000,3.000,1.682,1.712,1.709,1.723,1.735,1.744,1.750,1.754,1.758,1.760,1.762,1.761,1.762,1.760,1.757,1.751,1.741,1.728,1.709,1.711,3.000,3.000,0.988,0.988,0.956,0.928,0.912,0.901,0.892,0.887,0.881,0.878,0.875,0.874,0.871,0.869,0.866,0.864,0.862,0.861,0.860,0.860,0.861,0.864,0.867,0.871,0.874,0.878,0.881,0.884,0.888,0.892,0.898,0.905,0.918,0.933,0.952,0.971,0.971,3.000,3.000,3.000,3.000,1.779,1.778,1.801,1.819,1.830,1.839,1.846,1.852,1.858,1.864,1.868,1.872,1.875,1.878,1.880,1.883,1.886,1.890,1.893,1.896,1.899,1.902,1.906,1.910,1.913,1.917,1.920,1.923,1.924,1.928,1.932,1.936,1.941,1.945,1.948,1.951,1.955,1.958,1.961,1.965,1.969,1.973,1.977,1.980,1.984,1.989,1.992,1.995,1.999,2.002,2.005,2.008,2.011,2.015,2.019,2.023,2.026,2.030,2.033,2.037,2.042,2.048,2.053,2.058,2.062,2.069,2.074,2.081,2.086,2.093,2.098,2.104,2.109,2.115,2.121,2.127,2.131,2.136,2.141,2.149,2.153,2.158,2.163,2.167,2.170,2.175,2.178,2.183,2.184,2.185,2.186,3.000,3.000,3.000,3.000,3.000,3.000,3.000,3.000,3.000,3.000,3.000,3.000,3.000,3.000,3.000,3.000,3.000,3.000,3.000,3.000,3.000,3.000,3.000,3.000,3.000,3.000,3.000,3.000,3.000,3.000,3.000,3.000,3.000,3.000,3.000,3.000,3.000,3.000,3.000,3.000,3.000,3.000,3.000,3.000,3.000,3.000,3.000,3.000,3.000,3.000,3.000,3.000,3.000,3.000
3.000,3.000,3.000,3.000,3.000,3.000,2.171,2.171,2.162,2.153,2.148,2.140,2.130,2.120,2.111,2.099,2.105,3.000,3.000,3.000,3.000,2.011,2.009,2.016,2.018,2.019,2.017,2.015,2.004,1.998,1.992,1.987,1.982,1.977,1.973,1.967,1.962,1.958,1.954,1.950,1.943,1.935,1.931,1.927,1.924,1.919,1.916,1.912,1.908,1.903,1.898,1.891,1.881,1.875,1.866,1.858,1.850,1.843,1.833,1.819,1.804,1.790,1.775,1.757,1.763,3.000,3.000,3.000,3.000,3.000,0.463,0.463,0.444,0.433,0.424,0.417,0.412,0.408,0.404,0.401,0.398,0.396,0.393,0.390,0.387,0.386,0.384,0.383,0.380,0.379,0.377,0.376,0.375,0.375,0.375,0.376,0.377,0.378,0.382,0.388,0.402,0.423,0.443,0.463,0.474,0.485,0.497,0.513,0.513,3.000,3.000,3.000,1.682,1.682,1.709,1.722,1.732,1.740,1.748,1.752,1.756,1.758,1.759,1.759,1.759,1.758,1.756,1.749,1.741,1.728,1.711,1.713,3.000,3.000,0.988,0.988,0.968,0.931,0.915,0.902,0.893,0.887,0.881,0.878,0.874,0.873,0.870,0.868,0.865,0.863,0.861,0.860,0.859,0.859,0.860,0.862,0.865,0.870,0.872,0.877,0.879,0.882,0.886,0.891,0.897,0.904,0.916,0.931,0.947,0.969,0.971,3.000,3.000,3.000,3.000,1.782,1.779,1.801,1.817,1.828,1.837,1.843,1.850,1.855,1.861,1.864,1.868,1.871,1.874,1.876,1.879,1.882,1.887,1.891,1.894,1.897,1.900,1.903,1.907,1.911,1.915,1.917,1.920,1.921,1.926,1.930,1.933,1.938,1.942,1.945,1.949,1.952,1.956,1.959,1.963,1.967,1.971,1.974,1.978,1.981,1.986,1.989,1.992,1.996,2.000,2.004,2.007,2.011,2.014,2.018,2.022,2.025,2.028,2.032,2.035,2.041,2.046,2.051,2.056,2.060,2.065,2.070,2.077,2.083,2.089,2.094,2.100,2.105,2.111,2.117,2.123,2.128,2.132,2.137,2.146,2.151,2.155,2.160,2.164,2.168,2.173,2.176,2.183,2.184,2.186,2.187,3.000,3.000,3.000,3.000,3.000,3.000,3.000,3.000,3.000,3.000,3.000,3.000,3.000,3.000,3.000,3.000,3.000,3.000,3.000,3.000,3.000,3.000,3.000,3.000,3.000,3.000,3.000,3.000,3.000,3.000,3.000,3.000,3.000,3.000,3.000,3.000,3.000,3.000,3.000,3.000,3.000,3.000,3.000,3.000,3.000,3.000,3.000,3.000,3.000,3.000,3.000,3.000,3.000,3.000
3.000,3.000,3.000,3.000,3.000,3.000,2.171,2.171,2.159,2.146,2.140,2.134,2.127,2.117,2.108,2.096,2.099,3.000,3.000,3.000,3.000,2.014,2.011,2.017,2.020,2.020,2.018,2.015,2.004,1.998,1.991,1.986,1.981,1.975,1.971,1.966,1.961,1.957,1.954,1.950,1.943,1.934,1.931,1.927,1.925,1.918,1.915,1.911,1.907,1.903,1.897,1.889,1.879,1.873,1.863,1.855,1.848,1.840,1.831,1.817,1.801,1.785,1.771,1.752,1.757,3.000,3.000,3.000,3.000,3.000,0.463,0.463,0.446,0.432,0.423,0.416,0.411,0.407,0.403,0.400,0.397,0.395,0.393,0.390,0.387,0.386,0.385,0.383,0.380,0.379,0.377,0.375,0.374,0.374,0.374,0.373,0.374,0.375,0.379,0.387,0.403,0.427,0.459,0.474,0.486,0.495,0.508,0.519,0.513,3.000,3.000,3.000,1.682,1.682,1.708,1.721,1.732,1.739,1.746,1.750,1.754,1.756,1.757,1.757,1.757,1.757,1.755,1.748,1.740,1.728,1.713,1.716,3.000,3.000,3.000,0.974,0.974,0.933,0.917,0.904,0.894,0.888,0.882,0.878,0.874,0.872,0.869,0.867,0.865,0.862,0.860,0.859,0.858,0.857,0.858,0.861,0.863,0.867,0.869,0.874,0.877,0.881,0.885,0.890,0.896,0.903,0.914,0.928,0.945,0.968,0.971,3.000,3.000,3.000,3.000,1.786,1.782,1.802,1.816,1.827,1.835,1.841,1.847,1.852,1.858,1.862,1.865,1.867,1.871,1.873,1.876,1.879,1.883,1.888,1.891,1.894,1.897,1.901,1.904,1.908,1.912,1.914,1.916,1.919,1.922,1.927,1.931,1.935,1.939,1.942,1.946,1.949,1.953,1.956,1.960,1.964,1.968,1.971,1.975,1.978,1.983,1.986,1.990,1.993,1.998,2.002,2.005,2.009,2.013,2.016,2.020,2.024,2.027,2.030,2.034,2.039,2.044,2.049,2.053,2.057,2.062,2.067,2.073,2.077,2.084,2.089,2.096,2.102,2.108,2.113,2.120,2.124,2.129,2.134,2.141,2.147,2.153,2.157,2.161,2.165,2.171,2.175,2.183,2.185,2.187,2.187,3.000,3.000,3.000,3.000,3.000,3.000,3.000,3.000,3.000,3.000,3.000,3.000,3.000,3.000,3.000,3.000,3.000,3.000,3.000,3.000,3.000,3.000,3.000,3.000,3.000,3.000,3.000,3.000,3.000,3.000,3.000,3.000,3.000,3.000,3.000,3.000,3.000,3.000,3.000,3.000,3.000,3.000,3.000,3.000,3.000,3.000,3.000,3.000,3.000,3.000,3.000,3.000,3.000,3.000
3.000,3.000,3.000,3.000,3.000,3.000,3.000,2.159,2.152,2.142,2.137,2.132,2.126,2.115,2.105,2.093,2.096,3.000,3.000,3.000,3.000,2.025,2.014,2.021,2.022,2.022,2.019,2.016,2.006,1.999,1.991,1.985,1.979,1.974,1.970,1.964,1.960,1.956,1.953,1.949,1.943,1.935,1.933,1.929,1.926,1.921,1.917,1.912,1.908,1.904,1.899,1.892,1.880,1.873,1.863,1.855,1.847,1.840,1.831,1.817,1.798,1.782,1.767,1.747,1.752,3.000,3.000,3.000,3.000,3.000,0.463,0.460,0.444,0.431,0.423,0.416,0.410,0.406,0.402,0.400,0.397,0.395,0.392,0.390,0.389,0.389,0.388,0.389,0.387,0.386,0.382,0.379,0.377,0.375,0.375,0.374,0.373,0.374,0.378,0.388,0.411,0.438,0.468,0.482,0.495,0.506,0.519,0.519,3.000,3.000,3.000,3.000,1.682,1.682,1.708,1.721,1.731,1.738,1.745,1.749,1.753,1.755,1.756,1.756,1.757,1.756,1.754,1.748,1.740,1.730,1.716,1.716,1.698,3.000,3.000,0.974,0.974,0.937,0.920,0.906,0.895,0.888,0.882,0.878,0.874,0.871,0.869,0.866,0.864,0.862,0.859,0.858,0.857,0.856,0.857,0.860,0.862,0.865,0.868,0.873,0.876,0.880,0.885,0.890,0.896,0.903,0.914,0.928,0.945,0.971,0.971,3.000,3.000,3.000,1.766,1.788,1.786,1.802,1.816,1.826,1.834,1.840,1.845,1.850,1.855,1.858,1.861,1.864,1.868,1.870,1.873,1.877,1.880,1.885,1.888,1.892,1.895,1.898,1.902,1.905,1.910,1.911,1.914,1.917,1.921,1.926,1.929,1.932,1.936,1.939,1.943,1.947,1.950,1.953,1.957,1.961,1.965,1.969,1.973,1.976,1.981,1.984,1.988,1.992,1.996,2.000,2.003,2.008,2.011,2.015,2.019,2.023,2.026,2.029,2.032,2.036,2.042,2.046,2.050,2.054,2.059,2.064,2.070,2.074,2.081,2.086,2.093,2.099,2.105,2.110,2.117,2.122,2.127,2.132,2.139,2.146,2.151,2.156,2.160,2.165,2.170,2.174,2.182,2.185,2.187,2.187,3.000,3.000,3.000,3.000,3.000,3.000,3.000,3.000,3.000,3.000,3.000,3.000,3.000,3.000,3.000,3.000,3.000,3.000,3.000,3.000,3.000,3.000,3.000,3.000,3.000,3.000,3.000,3.000,3.000,3.000,3.000,3.000,3.000,3.000,3.000,3.000,3.000,3.000,3.000,3.000,3.000,3.000,3.000,3.000,3.000,3.000,3.000,3.000,3.000,3.000,3.000,3.000,3.000,3.000
3.000,3.000,3.000,3.000,3.000,3.000,2.171,2.171,2.153,2.142,2.137,2.132,2.126,2.115,2.103,2.092,2.093,2.080,3.000,3.000,2.032,2.032,2.025,2.025,2.024,2.023,2.021,2.018,2.009,2.000,1.991,1.984,1.978,1.973,1.968,1.963,1.959,1.955,1.952,1.949,1.943,1.937,1.934,1.930,1.927,1.922,1.918,1.913,1.909,1.904,1.899,1.892,1.880,1.872,1.862,1.854,1.846,1.838,1.829,1.814,1.794,1.779,1.764,1.744,1.747,3.000,3.000,3.000,3.000,0.464,0.464,0.454,0.437,0.427,0.420,0.413,0.408,0.404,0.401,0.398,0.396,0.394,0.392,0.391,0.391,0.392,0.392,0.392,0.390,0.388,0.385,0.382,0.380,0.379,0.378,0.377,0.376,0.377,0.382,0.393,0.418,0.455,0.476,0.489,0.503,0.516,0.523,0.519,3.000,3.000,3.000,3.000,1.682,1.680,1.706,1.719,1.729,1.736,1.743,1.747,1.752,1.754,1.754,1.754,1.755,1.754,1.751,1.745,1.737,1.728,1.716,1.698,1.701,3.000,3.000,3.000,0.945,0.940,0.922,0.908,0.896,0.890,0.882,0.878,0.874,0.871,0.868,0.866,0.863,0.861,0.858,0.857,0.855,0.855,0.856,0.859,0.861,0.864,0.867,0.872,0.875,0.880,0.885,0.890,0.897,0.904,0.915,0.928,0.946,0.971,0.971,3.000,3.000,3.000,1.773,1.766,1.788,1.803,1.816,1.825,1.833,1.839,1.843,1.847,1.852,1.855,1.858,1.861,1.865,1.868,1.871,1.875,1.878,1.882,1.886,1.890,1.893,1.896,1.900,1.903,1.908,1.910,1.912,1.915,1.919,1.924,1.927,1.930,1.934,1.937,1.941,1.944,1.948,1.951,1.955,1.958,1.963,1.966,1.971,1.975,1.979,1.983,1.986,1.990,1.995,1.998,2.002,2.006,2.009,2.013,2.018,2.022,2.025,2.028,2.031,2.035,2.040,2.044,2.048,2.052,2.056,2.062,2.068,2.071,2.077,2.084,2.090,2.097,2.103,2.109,2.115,2.121,2.126,2.131,2.138,2.144,2.149,2.154,2.159,2.164,2.169,2.174,2.180,2.183,2.186,2.187,3.000,3.000,3.000,3.000,3.000,3.000,3.000,3.000,3.000,3.000,3.000,3.000,3.000,3.000,3.000,3.000,3.000,3.000,3.000,3.000,3.000,3.000,3.000,3.000,3.000,3.000,3.000,3.000,3.000,3.000,3.000,3.000,3.000,3.000,3.000,3.000,3.000,3.000,3.000,3.000,3.000,3.000,3.000,3.000,3.000,3.000,3.000,3.000,3.000,3.000,3.000,3.000,3.000,3.000
3.000,3.000,3.000,3.000,3.000,2.184,2.184,2.171,2.156,2.141,2.136,2.130,2.122,2.105,2.095,2.086,2.080,2.080,2.066,2.056,2.050,2.032,2.029,2.027,2.025,2.023,2.020,2.016,2.005,1.997,1.989,1.982,1.976,1.971,1.966,1.960,1.956,1.953,1.950,1.947,1.942,1.936,1.933,1.930,1.927,1.923,1.919,1.913,1.908,1.904,1.898,1.890,1.879,1.870,1.861,1.853,1.844,1.837,1.828,1.812,1.796,1.779,1.763,1.742,1.744,3.000,3.000,3.000,3.000,0.464,0.464,0.447,0.432,0.424,0.416,0.411,0.406,0.402,0.399,0.397,0.395,0.394,0.393,0.394,0.394,0.396,0.395,0.394,0.393,0.390,0.388,0.385,0.384,0.384,0.385,0.385,0.385,0.385,0.391,0.409,0.432,0.460,0.479,0.493,0.508,0.523,0.529,3.000,3.000,3.000,3.000,3.000,1.680,1.677,1.702,1.716,1.726,1.733,1.740,1.744,1.749,1.751,1.752,1.752,1.753,1.752,1.749,1.743,1.736,1.728,1.717,1.701,1.703,3.000,3.000,3.000,0.945,0.945,0.926,0.910,0.899,0.891,0.883,0.879,0.874,0.871,0.868,0.865,0.863,0.860,0.857,0.855,0.854,0.854,0.854,0.858,0.860,0.863,0.866,0.871,0.875,0.880,0.885,0.891,0.897,0.905,0.915,0.930,0.949,0.953,3.000,3.000,3.000,1.755,1.777,1.773,1.792,1.805,1.816,1.825,1.832,1.837,1.841,1.845,1.850,1.853,1.856,1.859,1.863,1.866,1.870,1.873,1.876,1.880,1.883,1.887,1.890,1.894,1.897,1.901,1.905,1.907,1.910,1.913,1.917,1.921,1.924,1.928,1.931,1.935,1.939,1.942,1.945,1.948,1.952,1.956,1.960,1.964,1.969,1.972,1.977,1.981,1.985,1.989,1.993,1.997,2.001,2.004,2.007,2.012,2.016,2.020,2.024,2.026,2.029,2.033,2.037,2.042,2.046,2.050,2.055,2.060,2.066,2.070,2.075,2.082,2.089,2.096,2.103,2.109,2.115,2.120,2.125,2.130,2.136,2.142,2.147,2.153,2.158,2.164,2.169,2.173,2.179,2.183,2.186,2.186,3.000,3.000,3.000,3.000,3.000,3.000,3.000,3.000,3.000,3.000,3.000,3.000,3.000,3.000,3.000,3.000,3.000,3.000,3.000,3.000,3.000,3.000,3.000,3.000,3.000,3.000,3.000,3.000,3.000,3.000,3.000,3.000,3.000,3.000,3.000,3.000,3.000,3.000,3.000,3.000,3.000,3.000,3.000,3.000,3.000,3.000,3.000,3.000,3.000,3.000,3.000,3.000,3.000,3.000
3.000,3.000,3.000,3.000,3.000,2.184,2.184,2.170,2.155,2.140,2.135,2.129,2.120,2.102,2.092,2.083,2.077,2.066,2.056,2.050,2.043,2.034,2.030,2.026,2.024,2.021,2.018,2.013,2.004,1.996,1.987,1.980,1.974,1.969,1.965,1.959,1.955,1.951,1.948,1.946,1.942,1.935,1.933,1.929,1.927,1.923,1.918,1.913,1.908,1.903,1.897,1.889,1.878,1.869,1.860,1.852,1.843,1.835,1.825,1.811,1.795,1.779,1.763,1.740,1.742,3.000,3.000,3.000,3.000,0.464,0.444,0.435,0.425,0.418,0.412,0.407,0.403,0.401,0.398,0.396,0.394,0.394,0.393,0.394,0.394,0.396,0.396,0.395,0.393,0.392,0.390,0.388,0.389,0.390,0.391,0.393,0.396,0.398,0.407,0.427,0.446,0.465,0.481,0.494,0.510,0.529,0.551,0.551,3.000,3.000,3.000,3.000,1.677,1.674,1.699,1.712,1.721,1.729,1.736,1.741,1.745,1.748,1.749,1.750,1.751,1.749,1.746,1.740,1.734,1.727,1.717,1.703,1.704,3.000,3.000,3.000,0.945,0.945,0.929,0.912,0.900,0.892,0.884,0.879,0.874,0.871,0.868,0.865,0.862,0.860,0.856,0.855,0.854,0.853,0.854,0.857,0.859,0.863,0.865,0.871,0.874,0.880,0.885,0.891,0.898,0.905,0.917,0.932,0.953,0.953,3.000,3.000,3.000,1.760,1.755,1.777,1.793,1.805,1.815,1.824,1.830,1.835,1.839,1.843,1.847,1.850,1.853,1.857,1.861,1.864,1.868,1.871,1.874,1.878,1.881,1.885,1.888,1.891,1.895,1.898,1.902,1.905,1.908,1.911,1.915,1.919,1.922,1.926,1.929,1.932,1.936,1.939,1.943,1.946,1.950,1.954,1.958,1.961,1.966,1.970,1.975,1.979,1.983,1.987,1.992,1.996,1.999,2.003,2.006,2.010,2.013,2.018,2.022,2.025,2.028,2.031,2.035,2.041,2.045,2.049,2.054,2.059,2.065,2.068,2.074,2.080,2.088,2.095,2.102,2.107,2.113,2.119,2.124,2.129,2.135,2.141,2.146,2.152,2.157,2.163,2.168,2.173,2.178,2.182,2.186,2.186,2.185,3.000,3.000,3.000,3.000,3.000,3.000,3.000,3.000,3.000,3.000,3.000,3.000,3.000,3.000,3.000,3.000,3.000,3.000,3.000,3.000,3.000,3.000,3.000,3.000,3.000,3.000,3.000,3.000,3.000,3.000,3.000,3.000,3.000,3.000,3.000,3.000,3.000,3.000,3.000,3.000,3.000,3.000,3.000,3.000,3.000,3.000,3.000,3.000,3.000,3.000,3.000,3.000,3.000
3.000,3.000,3.000,3.000,3.000,2.184,2.175,2.157,2.148,2.137,2.132,2.126,2.115,2.099,2.090,2.081,2.076,2.066,2.058,2.052,2.045,2.038,2.033,2.028,2.025,2.022,2.018,2.013,2.005,1.997,1.986,1.979,1.974,1.969,1.964,1.958,1.953,1.950,1.947,1.945,1.941,1.936,1.932,1.928,1.926,1.922,1.917,1.911,1.906,1.901,1.896,1.887,1.875,1.867,1.859,1.850,1.840,1.832,1.822,1.809,1.791,1.775,1.759,1.763,1.740,3.000,3.000,3.000,0.449,0.449,0.435,0.426,0.418,0.413,0.409,0.405,0.402,0.400,0.397,0.395,0.393,0.392,0.392,0.393,0.394,0.395,0.395,0.395,0.395,0.394,0.394,0.394,0.396,0.398,0.399,0.400,0.405,0.410,0.426,0.437,0.452,0.467,0.481,0.494,0.515,0.531,0.551,0.551,3.000,3.000,3.000,3.000,1.674,1.671,1.695,1.709,1.718,1.726,1.733,1.737,1.742,1.745,1.746,1.747,1.749,1.747,1.744,1.738,1.733,1.726,1.717,1.704,1.706,3.000,3.000,3.000,3.000,0.940,0.935,0.916,0.903,0.895,0.886,0.881,0.876,0.872,0.869,0.866,0.863,0.861,0.857,0.856,0.854,0.854,0.855,0.857,0.860,0.863,0.866,0.871,0.874,0.880,0.885,0.892,0.899,0.908,0.920,0.938,0.953,0.953,3.000,3.000,1.738,1.767,1.760,1.780,1.795,1.805,1.814,1.822,1.828,1.833,1.837,1.840,1.845,1.848,1.851,1.854,1.858,1.862,1.865,1.868,1.871,1.875,1.878,1.882,1.885,1.888,1.892,1.896,1.900,1.903,1.906,1.909,1.913,1.917,1.920,1.923,1.926,1.930,1.934,1.938,1.941,1.945,1.949,1.952,1.956,1.960,1.963,1.968,1.974,1.977,1.981,1.985,1.990,1.994,1.997,2.001,2.004,2.007,2.011,2.015,2.019,2.022,2.025,2.028,2.032,2.038,2.042,2.047,2.053,2.057,2.063,2.067,2.072,2.079,2.087,2.093,2.100,2.106,2.112,2.117,2.122,2.128,2.134,2.140,2.145,2.151,2.156,2.162,2.167,2.172,2.176,2.180,2.182,2.185,2.187,2.185,2.176,2.179,2.184,2.184,2.190,2.218,2.218,2.218,3.000,3.000,3.000,3.000,3.000,3.000,3.000,3.000,3.000,3.000,3.000,3.000,3.000,3.000,3.000,3.000,3.000,3.000,3.000,3.000,3.000,3.000,3.000,3.000,3.000,3.000,3.000,3.000,3.000,3.000,3.000,3.000,3.000,3.000,3.000,3.000,3.000,3.000,3.000,3.000,3.000,3.000,3.000,3.000
3.000,3.000,3.000,3.000,3.000,2.175,2.175,2.156,2.146,2.131,2.129,2.123,2.113,2.097,2.089,2.080,2.077,2.070,2.064,2.056,2.049,2.041,2.037,2.029,2.026,2.022,2.018,2.013,2.005,1.996,1.985,1.979,1.973,1.969,1.963,1.958,1.953,1.949,1.947,1.944,1.941,1.936,1.932,1.926,1.925,1.920,1.916,1.910,1.904,1.900,1.894,1.886,1.875,1.866,1.857,1.848,1.837,1.830,1.820,1.806,1.789,1.773,1.756,1.759,3.000,3.000,3.000,3.000,0.449,0.449,0.431,0.423,0.416,0.412,0.408,0.404,0.402,0.399,0.397,0.395,0.393,0.392,0.391,0.391,0.392,0.393,0.393,0.394,0.394,0.394,0.394,0.395,0.398,0.401,0.403,0.407,0.415,0.423,0.435,0.447,0.457,0.470,0.482,0.495,0.516,0.530,0.548,0.551,3.000,3.000,3.000,3.000,1.671,1.667,1.691,1.704,1.715,1.723,1.729,1.734,1.739,1.741,1.742,1.743,1.746,1.744,1.741,1.736,1.731,1.725,1.718,1.706,1.708,1.690,3.000,3.000,3.000,0.946,0.940,0.919,0.906,0.897,0.888,0.883,0.877,0.874,0.870,0.867,0.864,0.862,0.859,0.857,0.856,0.856,0.857,0.859,0.861,0.864,0.867,0.872,0.875,0.881,0.886,0.893,0.901,0.910,0.924,0.942,0.951,3.000,3.000,3.000,1.747,1.738,1.767,1.783,1.796,1.805,1.814,1.821,1.827,1.831,1.835,1.838,1.842,1.845,1.848,1.852,1.856,1.860,1.863,1.866,1.869,1.872,1.876,1.880,1.882,1.886,1.890,1.894,1.898,1.901,1.904,1.908,1.911,1.915,1.918,1.922,1.925,1.928,1.933,1.936,1.940,1.943,1.948,1.951,1.955,1.958,1.962,1.966,1.972,1.975,1.980,1.984,1.989,1.992,1.996,1.999,2.002,2.005,2.009,2.012,2.016,2.019,2.022,2.026,2.030,2.036,2.040,2.045,2.051,2.056,2.062,2.065,2.070,2.078,2.084,2.091,2.097,2.103,2.109,2.114,2.119,2.125,2.131,2.138,2.144,2.150,2.155,2.161,2.167,2.172,2.177,2.181,2.184,2.187,2.185,2.174,2.169,2.176,2.179,2.184,2.184,2.190,2.218,2.289,2.299,2.307,2.307,2.307,3.000,3.000,3.000,3.000,3.000,3.000,3.000,3.000,3.000,3.000,3.000,3.000,3.000,3.000,3.000,3.000,3.000,3.000,3.000,3.000,3.000,3.000,3.000,3.000,3.000,3.000,3.000,3.000,3.000,3.000,3.000,3.000,3.000,3.000,3.000,3.000,3.000,3.000,3.000,3.000
3.000,3.000,3.000,3.000,3.000,3.000,2.166,2.163,2.143,2.127,2.126,2.120,2.111,2.094,2.089,2.082,2.079,2.074,2.069,2.060,2.052,2.045,2.040,2.032,2.028,2.023,2.019,2.013,2.004,1.995,1.984,1.977,1.971,1.966,1.962,1.956,1.951,1.948,1.946,1.943,1.940,1.935,1.930,1.926,1.924,1.921,1.916,1.908,1.903,1.898,1.892,1.885,1.875,1.866,1.857,1.845,1.835,1.827,1.817,1.801,1.785,1.769,1.751,1.756,3.000,3.000,3.000,3.000,0.449,0.446,0.429,0.422,0.415,0.411,0.407,0.404,0.401,0.399,0.396,0.394,0.391,0.390,0.389,0.388,0.388,0.388,0.388,0.388,0.388,0.389,0.389,0.391,0.394,0.398,0.402,0.407,0.417,0.426,0.439,0.450,0.460,0.471,0.482,0.499,0.516,0.529,0.545,0.555,0.555,3.000,3.000,3.000,1.667,1.661,1.687,1.701,1.711,1.720,1.727,1.731,1.736,1.738,1.739,1.740,1.742,1.741,1.738,1.734,1.730,1.725,1.718,1.708,1.690,1.694,3.000,3.000,3.000,0.954,0.946,0.924,0.909,0.900,0.890,0.884,0.879,0.875,0.871,0.868,0.866,0.864,0.861,0.859,0.858,0.858,0.859,0.861,0.863,0.866,0.869,0.874,0.877,0.883,0.888,0.896,0.904,0.914,0.929,0.951,0.959,3.000,3.000,3.000,1.752,1.747,1.771,1.785,1.797,1.806,1.814,1.820,1.825,1.830,1.833,1.837,1.841,1.844,1.846,1.849,1.854,1.858,1.861,1.864,1.867,1.870,1.873,1.877,1.879,1.883,1.887,1.891,1.896,1.899,1.902,1.905,1.909,1.913,1.917,1.921,1.923,1.927,1.930,1.935,1.939,1.942,1.946,1.950,1.953,1.957,1.960,1.965,1.970,1.973,1.978,1.982,1.987,1.990,1.993,1.997,2.000,2.004,2.007,2.011,2.015,2.017,2.021,2.025,2.029,2.034,2.038,2.043,2.049,2.054,2.059,2.063,2.068,2.074,2.082,2.087,2.093,2.099,2.106,2.111,2.116,2.123,2.129,2.136,2.142,2.149,2.155,2.161,2.167,2.174,2.180,2.185,2.190,2.195,2.199,2.201,2.205,2.211,2.219,2.229,2.237,2.250,2.262,2.271,2.289,2.299,2.307,2.329,2.340,2.349,2.357,2.368,2.377,2.385,2.396,2.405,2.405,2.405,3.000,3.000,3.000,3.000,3.000,3.000,3.000,3.000,3.000,3.000,2.598,2.603,2.603,2.603,3.000,3.000,3.000,3.000,3.000,3.000,3.000,3.000,3.000,3.000,3.000,3.000,3.000,3.000,3.000,3.000
3.000,3.000,3.000,3.000,3.000,3.000,2.166,2.166,2.166,2.143,2.127,2.126,2.109,2.094,2.090,2.083,2.081,2.076,2.072,2.065,2.055,2.048,2.044,2.037,2.031,2.026,2.020,2.014,2.005,1.995,1.984,1.977,1.971,1.966,1.961,1.955,1.951,1.947,1.945,1.943,1.940,1.935,1.931,1.927,1.925,1.921,1.916,1.908,1.903,1.898,1.891,1.884,1.874,1.865,1.856,1.843,1.833,1.824,1.815,1.799,1.783,1.766,1.746,1.751,3.000,3.000,3.000,3.000,0.446,0.446,0.430,0.423,0.417,0.412,0.408,0.405,0.402,0.400,0.397,0.394,0.391,0.389,0.387,0.386,0.386,0.385,0.384,0.384,0.384,0.384,0.385,0.386,0.389,0.394,0.399,0.406,0.417,0.428,0.441,0.452,0.461,0.471,0.482,0.497,0.510,0.522,0.536,0.555,0.555,3.000,3.000,3.000,1.661,1.687,1.683,1.697,1.708,1.716,1.724,1.728,1.733,1.734,1.735,1.736,1.738,1.737,1.735,1.731,1.728,1.723,1.717,1.709,1.694,1.694,1.671,3.000,3.000,0.962,0.954,0.929,0.912,0.903,0.892,0.886,0.881,0.877,0.873,0.870,0.867,0.865,0.863,0.861,0.860,0.860,0.861,0.863,0.865,0.868,0.871,0.875,0.879,0.885,0.890,0.898,0.907,0.919,0.934,0.959,0.959,3.000,3.000,1.732,1.756,1.752,1.774,1.786,1.797,1.805,1.813,1.819,1.824,1.828,1.832,1.835,1.839,1.842,1.844,1.847,1.852,1.856,1.859,1.862,1.865,1.868,1.871,1.874,1.877,1.880,1.885,1.889,1.894,1.897,1.900,1.903,1.907,1.911,1.914,1.919,1.921,1.925,1.928,1.932,1.936,1.939,1.944,1.948,1.951,1.954,1.958,1.962,1.967,1.971,1.976,1.979,1.984,1.986,1.990,1.993,1.997,2.001,2.005,2.009,2.013,2.016,2.019,2.023,2.028,2.032,2.036,2.041,2.047,2.052,2.058,2.061,2.066,2.072,2.079,2.085,2.091,2.097,2.103,2.108,2.114,2.120,2.127,2.134,2.140,2.148,2.154,2.160,2.166,2.174,2.180,2.185,2.192,2.197,2.202,2.205,2.211,2.218,2.228,2.239,2.248,2.259,2.269,2.279,2.292,2.301,2.309,2.316,2.329,2.340,2.349,2.357,2.368,2.377,2.385,2.396,2.405,2.419,2.419,2.419,3.000,3.000,3.000,3.000,3.000,3.000,3.000,2.600,2.606,2.598,2.603,2.624,2.624,2.624,3.000,3.000,3.000,3.000,3.000,3.000,3.000,3.000,3.000,3.000,3.000,3.000,3.000,3.000
3.000,3.000,3.000,3.000,3.000,2.168,2.168,2.168,2.166,3.000,3.000,2.109,2.109,2.094,2.091,2.085,2.082,2.077,2.073,2.066,2.060,2.051,2.047,2.040,2.034,2.028,2.022,2.015,2.005,1.995,1.984,1.977,1.972,1.966,1.961,1.956,1.951,1.948,1.945,1.943,1.940,1.935,1.931,1.927,1.925,1.921,1.913,1.907,1.902,1.897,1.891,1.884,1.874,1.866,1.857,1.845,1.832,1.823,1.813,1.799,1.781,1.763,1.738,1.746,3.000,3.000,3.000,3.000,3.000,0.439,0.435,0.428,0.421,0.417,0.412,0.407,0.404,0.401,0.398,0.395,0.391,0.388,0.386,0.385,0.384,0.383,0.382,0.382,0.381,0.381,0.382,0.383,0.385,0.389,0.394,0.402,0.417,0.430,0.448,0.457,0.464,0.474,0.486,0.495,0.505,0.513,0.525,0.545,0.555,3.000,3.000,3.000,3.000,1.683,1.678,1.693,1.705,1.714,1.720,1.725,1.730,1.731,1.732,1.733,1.735,1.734,1.732,1.727,1.724,1.720,1.715,1.707,1.694,1.671,1.672,3.000,3.000,0.962,0.962,0.933,0.916,0.906,0.895,0.888,0.882,0.878,0.874,0.871,0.868,0.867,0.865,0.863,0.862,0.861,0.862,0.864,0.866,0.869,0.872,0.876,0.881,0.886,0.893,0.901,0.911,0.923,0.940,0.959,0.959,3.000,3.000,1.738,1.732,1.756,1.776,1.787,1.797,1.804,1.812,1.817,1.822,1.826,1.830,1.833,1.837,1.840,1.842,1.845,1.849,1.853,1.856,1.859,1.862,1.866,1.869,1.872,1.875,1.879,1.883,1.886,1.891,1.893,1.897,1.900,1.903,1.907,1.911,1.915,1.919,1.922,1.925,1.929,1.933,1.937,1.941,1.945,1.949,1.952,1.956,1.960,1.964,1.968,1.972,1.976,1.981,1.983,1.987,1.991,1.995,1.999,2.003,2.007,2.012,2.014,2.019,2.022,2.026,2.031,2.035,2.040,2.045,2.050,2.056,2.060,2.065,2.070,2.077,2.083,2.089,2.095,2.101,2.107,2.112,2.119,2.125,2.131,2.139,2.146,2.153,2.159,2.165,2.172,2.178,2.184,2.191,2.197,2.202,2.207,2.213,2.221,2.232,2.242,2.252,2.264,2.274,2.283,2.295,2.303,2.311,2.318,2.331,2.342,2.349,2.357,2.367,2.376,2.384,2.396,2.404,2.409,2.419,2.421,3.000,3.000,3.000,3.000,3.000,3.000,3.000,2.600,2.600,2.606,2.609,2.618,2.624,2.639,2.647,2.647,2.647,3.000,3.000,3.000,3.000,3.000,3.000,3.000,2.660,2.660,2.660,2.660
3.000,3.000,3.000,3.000,3.000,2.173,2.168,2.173,3.000,3.000,3.000,3.000,2.094,2.093,2.089,2.084,2.081,2.075,2.071,2.066,2.061,2.052,2.049,2.041,2.035,2.027,2.020,2.013,2.003,1.994,1.984,1.977,1.972,1.966,1.961,1.957,1.952,1.948,1.945,1.943,1.940,1.935,1.931,1.927,1.925,1.921,1.914,1.908,1.903,1.897,1.891,1.884,1.874,1.866,1.857,1.845,1.832,1.823,1.813,1.799,1.782,1.762,1.736,1.739,3.000,3.000,3.000,3.000,3.000,0.440,0.439,0.431,0.424,0.419,0.414,0.409,0.405,0.402,0.399,0.395,0.391,0.388,0.386,0.384,0.382,0.381,0.380,0.379,0.379,0.379,0.378,0.379,0.380,0.383,0.389,0.399,0.415,0.431,0.450,0.458,0.466,0.475,0.486,0.494,0.500,0.508,0.518,0.532,0.545,3.000,3.000,3.000,3.000,1.678,1.675,1.690,1.702,1.711,1.718,1.723,1.727,1.728,1.729,1.730,1.730,1.730,1.727,1.723,1.720,1.717,1.712,1.705,1.693,1.672,1.673,1.643,3.000,0.962,0.962,0.937,0.919,0.908,0.897,0.891,0.884,0.880,0.876,0.873,0.870,0.868,0.866,0.865,0.863,0.863,0.864,0.866,0.868,0.871,0.874,0.878,0.883,0.889,0.896,0.905,0.915,0.928,0.947,0.957,3.000,3.000,1.719,1.744,1.738,1.759,1.775,1.787,1.796,1.803,1.809,1.815,1.819,1.824,1.828,1.831,1.835,1.837,1.840,1.843,1.846,1.851,1.854,1.857,1.860,1.864,1.867,1.870,1.873,1.877,1.881,1.884,1.888,1.891,1.894,1.897,1.901,1.904,1.907,1.911,1.915,1.919,1.922,1.926,1.930,1.933,1.938,1.941,1.945,1.948,1.952,1.956,1.961,1.964,1.969,1.973,1.977,1.980,1.985,1.988,1.992,1.996,2.001,2.005,2.009,2.012,2.017,2.020,2.024,2.028,2.033,2.038,2.043,2.048,2.054,2.058,2.063,2.069,2.075,2.081,2.087,2.092,2.099,2.105,2.111,2.117,2.123,2.129,2.137,2.144,2.151,2.157,2.164,2.171,2.178,2.184,2.190,2.197,2.202,2.208,2.214,2.222,2.234,2.244,2.255,2.266,2.276,2.285,2.296,2.304,2.312,2.319,2.333,2.342,2.350,2.357,2.367,2.376,2.384,2.397,2.404,2.411,2.421,2.433,2.433,3.000,3.000,3.000,3.000,3.000,3.000,2.600,2.624,2.614,2.620,2.626,2.628,2.634,2.639,2.647,2.647,2.646,3.000,3.000,3.000,3.000,3.000,3.000,2.660,2.660,2.660,2.659
3.000,3.000,3.000,3.000,2.174,2.174,2.173,2.173,3.000,3.000,3.000,3.000,2.093,2.092,2.089,2.084,2.080,2.076,2.071,2.067,2.062,2.056,2.052,2.045,2.038,2.028,2.020,2.011,2.003,1.994,1.985,1.978,1.973,1.968,1.962,1.958,1.953,1.948,1.945,1.943,1.939,1.935,1.930,1.925,1.923,1.920,1.915,1.909,1.903,1.897,1.890,1.883,1.874,1.865,1.857,1.841,1.831,1.823,1.813,1.800,1.784,1.763,1.739,1.741,3.000,3.000,3.000,3.000,3.000,0.440,0.440,0.432,0.425,0.420,0.415,0.410,0.406,0.403,0.400,0.397,0.392,0.389,0.386,0.384,0.382,0.381,0.379,0.378,0.378,0.377,0.376,0.375,0.376,0.379,0.386,0.398,0.422,0.442,0.455,0.463,0.470,0.479,0.487,0.493,0.498,0.504,0.513,0.525,0.538,0.538,3.000,3.000,3.000,1.675,1.671,1.686,1.699,1.709,1.716,1.720,1.724,1.725,1.726,1.726,1.726,1.725,1.722,1.718,1.716,1.712,1.708,1.702,1.691,1.673,1.643,1.643,3.000,3.000,0.947,0.943,0.925,0.913,0.901,0.894,0.887,0.883,0.878,0.875,0.872,0.869,0.867,0.866,0.865,0.865,0.866,0.868,0.869,0.873,0.876,0.881,0.886,0.892,0.900,0.909,0.920,0.935,0.957,0.957,3.000,3.000,1.725,1.719,1.744,1.762,1.777,1.786,1.795,1.802,1.808,1.813,1.818,1.822,1.826,1.829,1.833,1.836,1.839,1.841,1.845,1.849,1.852,1.855,1.858,1.861,1.865,1.867,1.871,1.874,1.878,1.881,1.885,1.888,1.891,1.894,1.897,1.902,1.905,1.909,1.912,1.916,1.920,1.923,1.927,1.930,1.934,1.937,1.943,1.946,1.949,1.954,1.958,1.962,1.967,1.971,1.976,1.979,1.983,1.987,1.991,1.994,1.999,2.003,2.008,2.011,2.015,2.018,2.022,2.026,2.031,2.036,2.042,2.046,2.051,2.055,2.061,2.067,2.074,2.079,2.084,2.089,2.096,2.104,2.109,2.116,2.122,2.128,2.135,2.142,2.150,2.155,2.162,2.170,2.176,2.183,2.190,2.197,2.203,2.209,2.215,2.224,2.236,2.245,2.257,2.267,2.277,2.286,2.296,2.304,2.313,2.321,2.334,2.343,2.350,2.357,2.367,2.376,2.386,2.397,2.406,2.412,2.421,2.433,2.436,2.436,3.000,3.000,3.000,3.000,3.000,3.000,2.627,2.624,2.627,2.628,2.628,2.633,2.637,2.644,2.646,2.646,2.644,3.000,3.000,3.000,3.000,3.000,2.660,2.656,2.655,2.652
3.000,3.000,3.000,3.000,2.174,2.174,2.171,2.173,3.000,3.000,3.000,3.000,2.092,2.092,2.089,2.084,2.080,2.075,2.071,2.067,2.063,2.057,2.053,2.046,2.039,2.028,2.019,2.011,2.002,1.993,1.985,1.977,1.972,1.968,1.962,1.958,1.953,1.948,1.944,1.942,1.938,1.933,1.927,1.923,1.920,1.917,1.913,1.908,1.903,1.897,1.890,1.882,1.874,1.865,1.857,1.842,1.832,1.825,1.815,1.801,1.786,1.767,1.741,1.742,3.000,3.000,3.000,3.000,3.000,0.440,0.439,0.431,0.424,0.419,0.415,0.411,0.407,0.405,0.402,0.400,0.397,0.394,0.389,0.387,0.385,0.383,0.381,0.380,0.378,0.376,0.375,0.373,0.373,0.375,0.385,0.399,0.425,0.448,0.459,0.466,0.473,0.482,0.489,0.494,0.498,0.503,0.510,0.521,0.538,0.538,3.000,3.000,3.000,1.671,1.667,1.683,1.696,1.706,1.713,1.717,1.720,1.721,1.722,1.722,1.721,1.719,1.716,1.711,1.709,1.706,1.702,1.696,1.685,1.669,1.642,1.643,3.000,3.000,0.954,0.947,0.929,0.916,0.904,0.896,0.890,0.885,0.880,0.876,0.873,0.870,0.868,0.867,0.866,0.867,0.868,0.870,0.872,0.876,0.879,0.884,0.889,0.896,0.904,0.914,0.926,0.942,0.957,0.957,3.000,3.000,1.730,1.725,1.746,1.763,1.777,1.785,1.793,1.800,1.806,1.811,1.815,1.820,1.824,1.827,1.830,1.833,1.836,1.839,1.843,1.847,1.850,1.853,1.856,1.859,1.862,1.864,1.868,1.871,1.875,1.879,1.882,1.885,1.888,1.891,1.895,1.899,1.902,1.907,1.910,1.914,1.917,1.921,1.925,1.928,1.932,1.935,1.940,1.943,1.947,1.951,1.956,1.960,1.965,1.969,1.974,1.977,1.981,1.985,1.989,1.993,1.998,2.002,2.006,2.009,2.013,2.017,2.021,2.025,2.029,2.035,2.040,2.044,2.048,2.052,2.058,2.065,2.071,2.076,2.081,2.087,2.094,2.102,2.108,2.115,2.120,2.126,2.132,2.139,2.148,2.153,2.161,2.167,2.174,2.181,2.189,2.197,2.203,2.208,2.216,2.224,2.234,2.244,2.255,2.265,2.276,2.285,2.294,2.302,2.311,2.321,2.333,2.341,2.349,2.357,2.366,2.375,2.385,2.396,2.403,2.410,2.418,2.428,2.436,2.436,3.000,3.000,3.000,3.000,3.000,3.000,2.628,2.627,2.630,2.630,2.630,2.633,2.636,2.643,2.644,2.644,2.646,3.000,3.000,3.000,3.000,3.000,2.656,2.648,2.643,2.637
3.000,3.000,3.000,3.000,2.174,2.168,2.166,2.171,3.000,3.000,3.000,3.000,2.092,2.088,2.085,2.081,2.078,2.074,2.071,2.067,2.063,2.058,2.053,2.047,2.039,2.028,2.019,2.010,2.002,1.993,1.984,1.977,1.972,1.968,1.963,1.959,1.954,1.949,1.945,1.942,1.938,1.933,1.928,1.923,1.920,1.916,1.913,1.909,1.903,1.896,1.890,1.883,1.874,1.865,1.856,1.843,1.834,1.826,1.815,1.802,1.787,1.769,1.742,1.746,3.000,3.000,3.000,3.000,3.000,0.439,0.434,0.427,0.421,0.417,0.414,0.411,0.408,0.407,0.404,0.403,0.400,0.399,0.396,0.396,0.394,0.391,0.388,0.385,0.382,0.379,0.377,0.374,0.373,0.375,0.386,0.407,0.433,0.450,0.460,0.467,0.475,0.487,0.494,0.496,0.498,0.502,0.508,0.517,0.532,0.538,3.000,3.000,3.000,1.667,1.663,1.679,1.691,1.702,1.709,1.713,1.716,1.717,1.718,1.717,1.715,1.712,1.708,1.702,1.698,1.695,1.692,1.687,1.675,1.659,1.638,1.642,3.000,3.000,0.954,0.954,0.934,0.920,0.907,0.899,0.892,0.886,0.881,0.878,0.874,0.871,0.869,0.868,0.868,0.869,0.870,0.872,0.874,0.878,0.882,0.887,0.892,0.900,0.909,0.920,0.933,0.952,0.962,3.000,3.000,3.000,1.731,1.730,1.749,1.764,1.776,1.784,1.791,1.797,1.804,1.809,1.813,1.818,1.822,1.824,1.827,1.830,1.833,1.836,1.839,1.844,1.847,1.850,1.854,1.857,1.860,1.862,1.865,1.868,1.872,1.875,1.879,1.882,1.886,1.890,1.893,1.896,1.900,1.904,1.908,1.912,1.916,1.919,1.923,1.926,1.931,1.934,1.938,1.941,1.945,1.949,1.954,1.958,1.962,1.967,1.971,1.974,1.978,1.982,1.987,1.991,1.997,2.001,2.005,2.008,2.013,2.016,2.020,2.024,2.028,2.034,2.038,2.042,2.046,2.050,2.055,2.061,2.068,2.073,2.078,2.084,2.092,2.100,2.107,2.113,2.118,2.124,2.130,2.136,2.145,2.151,2.158,2.164,2.171,2.178,2.186,2.194,2.201,2.207,2.215,2.223,2.232,2.241,2.251,2.262,2.273,2.283,2.293,2.301,2.308,2.317,2.331,2.339,2.348,2.355,2.364,2.374,2.384,2.393,2.401,2.409,2.416,2.423,2.431,2.436,2.428,3.000,3.000,3.000,3.000,3.000,2.628,2.628,2.631,2.632,2.633,2.635,2.639,2.645,2.646,2.646,2.647,3.000,3.000,3.000,3.000,3.000,2.654,2.650,2.647,2.639
3.000,3.000,3.000,3.000,2.168,2.166,2.163,2.166,3.000,3.000,3.000,3.000,2.092,2.088,2.085,2.081,2.079,2.074,2.071,2.067,2.063,2.058,2.053,2.047,2.039,2.029,2.019,2.011,2.002,1.992,1.984,1.977,1.972,1.968,1.964,1.960,1.955,1.949,1.945,1.942,1.938,1.934,1.929,1.925,1.921,1.918,1.915,1.910,1.904,1.897,1.891,1.883,1.876,1.866,1.857,1.845,1.836,1.827,1.817,1.804,1.790,1.774,1.746,1.756,3.000,3.000,3.000,3.000,0.424,0.434,0.424,0.420,0.415,0.412,0.410,0.408,0.406,0.406,0.405,0.405,0.402,0.403,0.399,0.399,0.397,0.395,0.392,0.390,0.387,0.383,0.380,0.376,0.375,0.378,0.390,0.416,0.437,0.453,0.462,0.469,0.478,0.490,0.497,0.499,0.500,0.502,0.508,0.516,0.530,0.532,3.000,3.000,3.000,1.663,1.658,1.674,1.687,1.698,1.704,1.708,1.710,1.711,1.711,1.710,1.707,1.703,1.694,1.687,1.702,1.698,1.695,1.670,1.657,1.646,1.628,1.638,3.000,3.000,0.954,0.954,0.937,0.923,0.909,0.901,0.894,0.888,0.883,0.879,0.875,0.873,0.870,0.870,0.869,0.871,0.872,0.874,0.876,0.880,0.884,0.890,0.895,0.904,0.914,0.926,0.942,0.962,0.962,3.000,3.000,1.710,1.732,1.731,1.749,1.763,1.775,1.782,1.788,1.794,1.800,1.806,1.810,1.814,1.818,1.821,1.824,1.827,1.830,1.833,1.837,1.841,1.844,1.847,1.851,1.855,1.857,1.860,1.863,1.866,1.869,1.872,1.875,1.879,1.882,1.887,1.891,1.894,1.898,1.902,1.906,1.910,1.914,1.917,1.921,1.925,1.929,1.933,1.937,1.939,1.943,1.946,1.952,1.955,1.959,1.963,1.968,1.972,1.976,1.980,1.985,1.990,1.995,1.999,2.003,2.007,2.012,2.015,2.019,2.023,2.027,2.032,2.036,2.040,2.044,2.048,2.052,2.059,2.065,2.071,2.076,2.082,2.089,2.098,2.105,2.110,2.116,2.121,2.127,2.134,2.143,2.149,2.157,2.163,2.169,2.176,2.184,2.192,2.199,2.204,2.213,2.221,2.230,2.239,2.249,2.260,2.271,2.281,2.291,2.299,2.307,2.315,2.327,2.337,2.345,2.353,2.362,2.373,2.383,2.391,2.398,2.406,2.414,2.420,2.427,2.428,2.428,3.000,3.000,3.000,3.000,3.000,2.628,2.625,2.629,2.631,2.633,2.635,2.640,2.646,2.647,2.647,2.651,3.000,3.000,3.000,3.000,3.000,2.655,2.654,2.654,2.647
3.000,3.000,3.000,3.000,2.166,2.166,2.163,2.163,3.000,3.000,3.000,2.098,2.098,2.092,2.089,2.085,2.082,2.077,2.072,2.068,2.063,2.058,2.053,2.047,2.039,2.028,2.020,2.012,2.002,1.993,1.985,1.977,1.972,1.968,1.964,1.960,1.955,1.949,1.945,1.943,1.939,1.935,1.931,1.927,1.925,1.922,1.919,1.914,1.906,1.898,1.892,1.885,1.877,1.868,1.859,1.848,1.838,1.830,1.820,1.806,1.793,1.779,1.756,1.762,3.000,3.000,3.000,3.000,0.424,0.424,0.412,0.407,0.403,0.401,0.400,0.402,0.402,0.403,0.403,0.405,0.404,0.406,0.401,0.400,0.399,0.397,0.395,0.393,0.391,0.388,0.386,0.385,0.384,0.387,0.407,0.429,0.446,0.457,0.465,0.472,0.484,0.492,0.502,0.505,0.502,0.503,0.508,0.515,0.529,0.530,3.000,3.000,3.000,1.658,1.674,1.668,1.682,1.691,1.699,1.702,1.704,1.704,1.703,1.701,1.695,1.688,1.703,1.694,1.687,3.000,1.670,1.670,1.670,1.657,1.607,1.628,3.000,3.000,3.000,0.941,0.939,0.926,0.912,0.903,0.896,0.890,0.884,0.881,0.877,0.874,0.871,0.870,0.870,0.872,0.873,0.876,0.878,0.882,0.886,0.892,0.899,0.909,0.920,0.934,0.953,0.963,0.962,3.000,3.000,1.711,1.710,1.732,1.748,1.762,1.773,1.780,1.786,1.792,1.797,1.803,1.808,1.811,1.815,1.818,1.822,1.825,1.829,1.831,1.835,1.838,1.842,1.845,1.849,1.853,1.856,1.858,1.861,1.864,1.867,1.870,1.874,1.877,1.880,1.884,1.889,1.893,1.897,1.901,1.905,1.908,1.912,1.916,1.920,1.924,1.928,1.931,1.936,1.938,1.942,1.945,1.950,1.953,1.958,1.963,1.968,1.971,1.975,1.979,1.984,1.989,1.994,1.997,2.002,2.005,2.010,2.013,2.018,2.021,2.025,2.029,2.034,2.039,2.043,2.047,2.051,2.058,2.064,2.069,2.074,2.079,2.087,2.095,2.102,2.108,2.114,2.119,2.125,2.132,2.141,2.147,2.155,2.161,2.167,2.174,2.182,2.189,2.195,2.201,2.209,2.219,2.227,2.235,2.246,2.257,2.269,2.278,2.289,2.298,2.306,2.314,2.326,2.334,2.343,2.352,2.361,2.369,2.383,2.392,2.400,2.407,2.413,2.419,2.424,2.425,2.428,3.000,3.000,3.000,3.000,3.000,2.625,2.623,2.627,2.630,2.633,2.635,2.642,2.647,2.649,2.651,2.651,3.000,3.000,3.000,3.000,3.000,2.655,2.655,2.655,2.658
3.000,3.000,3.000,3.000,2.166,2.163,2.156,2.163,2.147,3.000,2.109,2.109,2.098,2.094,2.091,2.085,2.082,2.078,2.073,2.068,2.063,2.059,2.054,2.047,2.039,2.028,2.020,2.011,2.001,1.992,1.985,1.978,1.973,1.967,1.963,1.959,1.954,1.948,1.944,1.942,1.939,1.935,1.931,1.928,1.925,1.923,1.920,1.915,1.907,1.898,1.892,1.885,1.878,1.869,1.859,1.849,1.839,1.831,1.822,1.808,1.795,1.782,1.762,1.765,3.000,3.000,3.000,3.000,0.424,0.412,0.401,0.398,0.395,0.394,0.393,0.394,0.394,0.397,0.397,0.401,0.401,0.403,0.399,0.398,0.397,0.396,0.395,0.395,0.396,0.394,0.395,0.398,0.400,0.413,0.423,0.439,0.450,0.459,0.466,0.474,0.485,0.493,0.502,0.505,0.503,0.503,0.507,0.515,0.528,0.529,3.000,3.000,3.000,3.000,1.668,1.661,1.675,1.685,1.692,1.695,1.696,1.695,1.692,1.688,1.678,1.695,1.688,3.000,3.000,3.000,3.000,3.000,3.000,1.607,1.607,1.607,3.000,3.000,3.000,0.941,0.941,0.927,0.913,0.905,0.897,0.892,0.886,0.882,0.878,0.875,0.872,0.872,0.872,0.873,0.874,0.877,0.880,0.884,0.889,0.895,0.903,0.913,0.926,0.941,0.963,0.976,3.000,3.000,3.000,1.711,1.711,1.732,1.746,1.760,1.770,1.777,1.783,1.789,1.795,1.801,1.805,1.809,1.813,1.816,1.819,1.822,1.826,1.829,1.833,1.836,1.839,1.843,1.847,1.850,1.853,1.856,1.859,1.862,1.865,1.868,1.872,1.875,1.879,1.883,1.887,1.892,1.896,1.899,1.903,1.906,1.911,1.915,1.918,1.922,1.926,1.930,1.933,1.936,1.940,1.944,1.949,1.952,1.957,1.962,1.967,1.970,1.974,1.978,1.982,1.987,1.992,1.996,2.000,2.003,2.008,2.012,2.016,2.020,2.023,2.027,2.032,2.036,2.040,2.044,2.048,2.054,2.059,2.065,2.070,2.076,2.084,2.092,2.099,2.105,2.111,2.116,2.123,2.130,2.139,2.146,2.153,2.159,2.165,2.171,2.179,2.187,2.193,2.199,2.207,2.217,2.225,2.233,2.244,2.254,2.267,2.276,2.287,2.297,2.305,2.313,2.325,2.332,2.341,2.349,2.359,2.368,2.379,2.392,2.400,2.406,2.412,2.418,2.422,2.422,2.425,3.000,3.000,3.000,3.000,3.000,2.623,2.619,2.626,2.629,2.632,2.635,2.641,2.646,2.649,2.651,2.652,3.000,3.000,3.000,3.000,3.000,2.655,2.651,2.652,2.655
3.000,3.000,3.000,3.000,2.163,2.157,2.150,2.147,2.147,2.132,2.124,2.109,2.101,2.098,2.092,2.086,2.083,2.080,2.074,2.068,2.063,2.059,2.054,2.047,2.037,2.028,2.020,2.012,2.003,1.993,1.987,1.979,1.973,1.968,1.964,1.959,1.955,1.950,1.946,1.943,1.940,1.935,1.930,1.927,1.924,1.922,1.919,1.914,1.904,1.896,1.890,1.882,1.876,1.867,1.857,1.847,1.838,1.831,1.822,1.810,1.796,1.783,1.765,1.766,3.000,3.000,3.000,3.000,0.412,0.402,0.391,0.390,0.387,0.388,0.387,0.388,0.388,0.390,0.390,0.392,0.392,0.393,0.393,0.394,0.394,0.394,0.394,0.396,0.398,0.397,0.401,0.406,0.414,0.425,0.435,0.445,0.452,0.461,0.469,0.481,0.487,0.493,0.500,0.504,0.503,0.503,0.507,0.515,0.529,0.529,3.000,3.000,3.000,3.000,1.661,1.651,1.667,1.677,1.684,1.688,1.689,1.687,1.683,1.676,1.662,1.678,3.000,3.000,3.000,3.000,3.000,3.000,3.000,3.000,3.000,3.000,3.000,3.000,3.000,0.942,0.941,0.928,0.914,0.906,0.898,0.893,0.887,0.883,0.879,0.876,0.873,0.873,0.872,0.874,0.875,0.879,0.882,0.886,0.891,0.899,0.907,0.917,0.933,0.952,0.976,0.976,3.000,3.000,3.000,1.711,1.711,1.730,1.743,1.756,1.767,1.774,1.780,1.786,1.792,1.797,1.802,1.806,1.810,1.814,1.817,1.820,1.824,1.827,1.830,1.834,1.837,1.840,1.844,1.848,1.851,1.854,1.857,1.860,1.863,1.866,1.870,1.874,1.878,1.882,1.886,1.890,1.894,1.897,1.901,1.904,1.909,1.913,1.917,1.920,1.924,1.928,1.932,1.934,1.938,1.943,1.948,1.951,1.956,1.961,1.966,1.969,1.973,1.976,1.980,1.985,1.990,1.993,1.997,2.001,2.006,2.010,2.013,2.017,2.021,2.025,2.029,2.034,2.038,2.042,2.046,2.051,2.056,2.062,2.068,2.074,2.082,2.089,2.097,2.103,2.110,2.115,2.122,2.129,2.138,2.145,2.152,2.158,2.163,2.169,2.177,2.185,2.191,2.197,2.205,2.215,2.223,2.231,2.241,2.251,2.264,2.275,2.285,2.295,2.304,2.312,2.322,2.330,2.339,2.347,2.357,2.366,2.376,2.387,2.398,2.404,2.410,2.414,2.419,2.416,2.422,3.000,3.000,3.000,3.000,3.000,2.622,2.622,2.626,2.629,2.631,2.634,2.639,2.645,2.648,2.652,2.652,3.000,3.000,3.000,3.000,3.000,2.651,2.649,2.649,2.649
3.000,3.000,3.000,3.000,2.157,2.152,2.145,2.142,2.132,2.124,2.112,2.106,2.101,2.098,2.092,2.088,2.084,2.081,2.076,2.069,2.064,2.060,2.055,2.048,2.037,2.028,2.020,2.012,2.003,1.995,1.988,1.980,1.974,1.969,1.965,1.960,1.956,1.951,1.947,1.943,1.940,1.934,1.930,1.926,1.923,1.921,1.917,1.912,1.902,1.894,1.888,1.881,1.874,1.867,1.856,1.847,1.838,1.831,1.822,1.810,1.797,1.783,1.766,1.766,3.000,3.000,3.000,3.000,0.402,0.390,0.374,0.378,0.376,0.380,0.380,0.381,0.381,0.383,0.383,0.385,0.385,0.387,0.388,0.389,0.390,0.390,0.391,0.393,0.399,0.399,0.405,0.413,0.424,0.432,0.441,0.448,0.455,0.464,0.474,0.484,0.489,0.492,0.497,0.501,0.501,0.502,0.506,0.514,0.528,0.529,3.000,3.000,3.000,3.000,1.651,1.640,1.656,1.669,1.675,1.679,1.680,1.677,1.671,1.662,1.676,1.662,3.000,1.058,1.058,1.058,1.053,1.044,1.036,1.033,3.000,3.000,3.000,3.000,3.000,0.942,0.942,0.928,0.915,0.908,0.899,0.894,0.888,0.884,0.880,0.878,0.875,0.874,0.874,0.875,0.877,0.881,0.884,0.889,0.895,0.902,0.911,0.922,0.939,0.960,0.976,0.976,3.000,3.000,3.000,1.711,1.706,1.725,1.738,1.750,1.761,1.769,1.776,1.782,1.789,1.794,1.799,1.803,1.808,1.811,1.815,1.818,1.822,1.825,1.828,1.831,1.835,1.838,1.842,1.846,1.849,1.852,1.855,1.858,1.861,1.864,1.868,1.872,1.876,1.880,1.884,1.888,1.891,1.894,1.898,1.902,1.906,1.911,1.915,1.918,1.923,1.926,1.930,1.932,1.936,1.941,1.946,1.950,1.954,1.959,1.965,1.968,1.971,1.974,1.979,1.983,1.987,1.991,1.995,2.000,2.005,2.008,2.012,2.015,2.019,2.023,2.027,2.031,2.036,2.041,2.045,2.050,2.055,2.061,2.067,2.073,2.080,2.087,2.095,2.101,2.109,2.114,2.121,2.128,2.136,2.144,2.150,2.156,2.161,2.167,2.175,2.183,2.189,2.196,2.203,2.213,2.221,2.229,2.239,2.249,2.261,2.272,2.283,2.293,2.302,2.310,2.320,2.328,2.336,2.345,2.355,2.364,2.374,2.386,2.397,2.403,2.409,2.412,2.417,2.414,2.416,3.000,3.000,3.000,3.000,3.000,2.622,2.626,2.625,2.628,2.630,2.632,2.637,2.641,2.645,2.650,2.652,3.000,3.000,3.000,3.000,3.000,2.649,2.656,2.653,2.653
3.000,3.000,3.000,2.151,2.152,2.152,2.143,2.140,2.130,2.123,2.111,2.105,2.101,2.098,2.093,2.089,2.086,2.082,2.077,2.072,2.067,2.062,2.058,2.050,2.041,2.032,2.021,2.012,2.003,1.994,1.987,1.980,1.975,1.969,1.965,1.961,1.957,1.953,1.948,1.944,1.941,1.936,1.930,1.926,1.922,1.920,1.916,1.911,1.901,1.892,1.887,1.879,1.873,1.866,1.856,1.847,1.838,1.831,1.822,1.810,1.796,1.782,1.765,1.766,3.000,3.000,3.000,3.000,0.390,0.385,0.368,0.372,0.369,0.373,0.374,0.377,0.376,0.377,0.376,0.377,0.376,0.376,0.376,0.377,0.378,0.378,0.382,0.385,0.393,0.396,0.406,0.417,0.429,0.436,0.445,0.452,0.460,0.470,0.480,0.487,0.490,0.490,0.493,0.499,0.500,0.502,0.506,0.513,0.527,0.528,3.000,3.000,3.000,3.000,1.640,1.627,1.646,1.658,1.665,1.669,1.669,1.666,1.658,1.671,1.662,3.000,1.038,1.058,1.058,1.053,1.044,1.036,1.033,1.033,0.997,0.995,3.000,3.000,0.949,0.949,0.941,0.929,0.917,0.910,0.901,0.896,0.891,0.887,0.883,0.880,0.877,0.877,0.876,0.878,0.880,0.883,0.887,0.892,0.898,0.905,0.915,0.928,0.948,0.970,0.978,3.000,3.000,3.000,3.000,1.706,1.698,1.717,1.730,1.743,1.754,1.764,1.770,1.777,1.784,1.791,1.795,1.800,1.805,1.808,1.812,1.815,1.818,1.821,1.825,1.828,1.832,1.836,1.840,1.844,1.847,1.850,1.853,1.856,1.859,1.862,1.866,1.870,1.874,1.878,1.882,1.885,1.889,1.892,1.896,1.899,1.904,1.909,1.913,1.916,1.921,1.924,1.928,1.930,1.934,1.939,1.944,1.948,1.952,1.956,1.963,1.966,1.970,1.973,1.978,1.981,1.986,1.990,1.994,1.998,2.003,2.008,2.011,2.014,2.018,2.021,2.025,2.029,2.035,2.039,2.043,2.048,2.054,2.060,2.066,2.073,2.080,2.087,2.093,2.100,2.108,2.114,2.121,2.127,2.134,2.141,2.149,2.155,2.160,2.167,2.174,2.182,2.188,2.194,2.202,2.211,2.219,2.226,2.237,2.246,2.258,2.269,2.281,2.290,2.300,2.308,2.319,2.325,2.334,2.343,2.353,2.362,2.373,2.386,2.396,2.402,2.407,2.409,2.415,2.411,2.414,2.393,3.000,3.000,3.000,3.000,3.000,2.625,2.624,2.628,2.631,2.632,2.636,2.639,2.643,2.647,2.656,2.656,3.000,3.000,3.000,3.000,3.000,2.656,2.656,2.656
3.000,3.000,3.000,2.151,2.151,2.149,2.141,2.139,2.129,2.123,2.111,2.105,2.101,2.098,2.095,2.091,2.087,2.083,2.078,2.073,2.068,2.064,2.059,2.051,2.042,2.033,2.022,2.013,2.005,1.997,1.989,1.982,1.976,1.971,1.966,1.962,1.959,1.955,1.950,1.946,1.942,1.937,1.931,1.926,1.922,1.920,1.916,1.911,1.901,1.893,1.887,1.879,1.873,1.865,1.856,1.847,1.838,1.831,1.822,1.810,1.796,1.782,1.764,1.765,1.738,3.000,3.000,3.000,0.385,0.385,0.363,0.359,0.357,0.367,0.368,0.372,0.371,0.372,0.370,0.371,0.370,0.370,0.370,0.372,0.372,0.372,0.376,0.381,0.392,0.398,0.410,0.424,0.439,0.445,0.454,0.464,0.471,0.482,0.489,0.494,0.496,0.495,0.497,0.500,0.500,0.502,0.506,0.513,0.526,0.527,3.000,3.000,3.000,3.000,1.627,1.612,1.633,1.646,1.653,1.658,1.659,1.655,1.645,1.658,3.000,3.000,1.038,1.038,1.025,1.023,1.017,1.009,1.003,0.997,0.995,0.995,0.970,0.967,0.963,0.949,0.937,0.926,0.916,0.910,0.903,0.899,0.893,0.890,0.885,0.883,0.880,0.880,0.879,0.881,0.883,0.886,0.890,0.896,0.902,0.910,0.921,0.934,0.955,0.978,0.986,3.000,3.000,3.000,3.000,1.698,1.717,1.700,1.716,1.731,1.743,1.754,1.763,1.770,1.779,1.786,1.791,1.796,1.800,1.804,1.809,1.811,1.815,1.818,1.822,1.825,1.829,1.832,1.838,1.841,1.845,1.848,1.851,1.854,1.857,1.861,1.864,1.868,1.872,1.876,1.880,1.883,1.887,1.890,1.893,1.897,1.902,1.906,1.910,1.913,1.917,1.921,1.925,1.928,1.932,1.936,1.942,1.946,1.950,1.954,1.960,1.963,1.967,1.970,1.975,1.979,1.983,1.987,1.992,1.996,2.001,2.004,2.007,2.010,2.014,2.017,2.022,2.027,2.032,2.036,2.040,2.045,2.052,2.058,2.065,2.071,2.078,2.085,2.092,2.099,2.108,2.113,2.120,2.126,2.133,2.140,2.148,2.154,2.159,2.166,2.173,2.181,2.187,2.193,2.200,2.209,2.217,2.225,2.235,2.244,2.256,2.266,2.278,2.288,2.297,2.307,2.315,2.323,2.331,2.340,2.351,2.360,2.370,2.383,2.392,2.398,2.405,2.406,2.412,2.407,2.393,2.411,3.000,3.000,3.000,3.000,3.000,2.624,2.621,2.627,2.631,2.632,2.635,2.638,2.642,2.646,2.656,2.656,3.000,3.000,3.000,3.000,3.000,2.656,2.652,2.652
3.000,3.000,3.000,2.151,2.149,2.147,2.141,2.139,2.133,2.127,2.115,2.107,2.103,2.100,2.097,2.093,2.088,2.084,2.079,2.074,2.069,2.064,2.059,2.051,2.041,2.032,2.022,2.014,2.005,1.998,1.991,1.982,1.976,1.971,1.966,1.963,1.960,1.956,1.951,1.946,1.942,1.936,1.930,1.925,1.921,1.920,1.916,1.911,1.902,1.893,1.887,1.880,1.873,1.866,1.857,1.848,1.838,1.831,1.822,1.810,1.796,1.781,1.763,1.738,1.740,1.696,1.669,3.000,3.000,0.364,0.364,0.358,0.351,0.362,0.365,0.370,0.369,0.369,0.368,0.368,0.367,0.366,0.366,0.367,0.367,0.367,0.370,0.376,0.395,0.402,0.420,0.437,0.456,0.462,0.470,0.476,0.481,0.491,0.496,0.499,0.501,0.499,0.499,0.500,0.501,0.503,0.506,0.513,0.524,0.549,0.549,3.000,3.000,3.000,1.612,1.633,1.616,1.631,1.639,1.645,1.645,1.639,1.624,1.645,3.000,3.000,1.038,1.017,1.006,1.001,0.996,0.990,0.983,0.979,0.973,0.970,0.967,0.963,0.955,0.943,0.933,0.924,0.916,0.911,0.905,0.901,0.896,0.892,0.889,0.886,0.884,0.883,0.883,0.885,0.887,0.890,0.895,0.901,0.907,0.914,0.927,0.943,0.961,0.986,1.017,1.017,3.000,3.000,3.000,3.000,1.700,1.716,1.696,1.715,1.728,1.743,1.754,1.762,1.771,1.781,1.787,1.792,1.797,1.801,1.805,1.808,1.812,1.815,1.819,1.823,1.826,1.829,1.835,1.838,1.842,1.845,1.848,1.852,1.855,1.859,1.862,1.866,1.871,1.875,1.879,1.882,1.885,1.888,1.892,1.895,1.900,1.903,1.907,1.910,1.914,1.918,1.923,1.926,1.930,1.934,1.940,1.943,1.948,1.952,1.958,1.961,1.965,1.968,1.973,1.977,1.981,1.985,1.990,1.993,1.998,2.002,2.005,2.007,2.011,2.014,2.019,2.024,2.029,2.034,2.038,2.043,2.050,2.056,2.062,2.069,2.076,2.083,2.091,2.098,2.106,2.112,2.118,2.124,2.132,2.138,2.146,2.152,2.157,2.165,2.172,2.180,2.187,2.192,2.200,2.208,2.215,2.223,2.232,2.242,2.253,2.264,2.276,2.287,2.296,2.304,2.313,2.322,2.331,2.340,2.350,2.358,2.368,2.380,2.390,2.397,2.403,2.406,2.412,2.412,2.411,2.411,3.000,3.000,3.000,3.000,3.000,2.621,2.619,2.626,2.631,2.633,2.636,2.637,2.640,2.643,2.651,2.656,3.000,3.000,3.000,3.000,3.000,2.652,2.645,2.646
3.000,3.000,3.000,2.153,2.150,2.149,2.143,2.142,2.136,2.130,2.118,2.110,2.106,2.103,2.098,2.094,2.089,2.085,2.079,2.075,2.069,2.064,2.058,2.050,2.041,2.032,2.022,2.013,2.005,1.998,1.990,1.982,1.976,1.969,1.965,1.962,1.960,1.956,1.951,1.946,1.942,1.936,1.929,1.925,1.921,1.919,1.915,1.910,1.900,1.893,1.887,1.880,1.872,1.865,1.856,1.848,1.838,1.831,1.822,1.810,1.796,1.781,1.763,1.740,1.696,1.669,1.677,3.000,3.000,0.364,0.364,0.362,0.353,0.366,0.369,0.375,0.374,0.373,0.371,0.370,0.368,0.367,0.367,0.368,0.368,0.367,0.373,0.380,0.403,0.415,0.444,0.464,0.475,0.481,0.486,0.492,0.495,0.499,0.503,0.505,0.506,0.504,0.502,0.503,0.503,0.505,0.508,0.514,0.525,0.549,0.549,3.000,3.000,3.000,3.000,1.616,1.631,1.606,1.619,1.622,1.624,1.613,1.599,1.624,3.000,3.000,1.017,1.002,0.990,0.984,0.978,0.973,0.968,0.964,0.959,0.954,0.949,0.945,0.943,0.934,0.926,0.920,0.914,0.910,0.905,0.902,0.898,0.896,0.893,0.891,0.888,0.888,0.888,0.890,0.892,0.896,0.901,0.906,0.913,0.921,0.934,0.947,0.964,0.987,1.017,1.051,1.051,1.051,3.000,3.000,3.000,1.696,1.715,1.728,1.706,1.726,1.741,1.753,1.764,1.775,1.782,1.787,1.793,1.797,1.801,1.805,1.809,1.812,1.817,1.820,1.824,1.827,1.832,1.836,1.839,1.843,1.846,1.849,1.853,1.857,1.861,1.864,1.869,1.873,1.877,1.880,1.884,1.887,1.890,1.893,1.898,1.901,1.905,1.907,1.912,1.916,1.921,1.924,1.928,1.932,1.938,1.942,1.947,1.951,1.956,1.959,1.963,1.966,1.971,1.975,1.979,1.983,1.987,1.991,1.996,1.999,2.002,2.005,2.008,2.012,2.017,2.021,2.027,2.031,2.036,2.041,2.047,2.054,2.061,2.068,2.075,2.082,2.090,2.097,2.105,2.111,2.118,2.123,2.132,2.139,2.146,2.152,2.157,2.164,2.171,2.179,2.186,2.191,2.199,2.207,2.214,2.221,2.230,2.240,2.252,2.262,2.274,2.286,2.294,2.303,2.311,2.320,2.330,2.339,2.348,2.357,2.366,2.377,2.388,2.395,2.401,2.405,2.411,2.411,2.412,2.411,3.000,3.000,3.000,3.000,3.000,2.619,2.616,2.624,2.627,2.629,2.632,2.634,2.637,2.640,2.646,2.651,3.000,3.000,3.000,3.000,3.000,2.645,2.642,2.643
3.000,3.000,3.000,2.155,2.153,2.154,2.148,2.147,2.140,2.133,2.121,2.114,2.109,2.105,2.099,2.094,2.088,2.083,2.077,2.073,2.068,2.063,2.057,2.047,2.039,2.031,2.022,2.012,2.005,1.997,1.990,1.982,1.976,1.969,1.964,1.961,1.959,1.955,1.951,1.946,1.941,1.935,1.929,1.924,1.920,1.918,1.913,1.908,1.899,1.892,1.886,1.879,1.872,1.864,1.856,1.847,1.837,1.830,1.822,1.808,1.796,1.781,1.762,1.742,1.703,1.677,1.688,1.661,3.000,3.000,0.362,0.362,0.360,0.378,0.384,0.396,0.393,0.391,0.382,0.379,0.376,0.374,0.373,0.375,0.375,0.374,0.380,0.390,0.416,0.426,0.460,0.476,0.485,0.493,0.496,0.499,0.501,0.504,0.507,0.509,0.510,0.508,0.505,0.505,0.505,0.507,0.511,0.517,0.527,0.548,0.549,3.000,3.000,3.000,3.000,3.000,1.606,1.619,1.622,1.624,1.591,1.624,1.613,1.599,3.000,0.999,1.002,0.989,0.979,0.972,0.965,0.962,0.957,0.954,0.948,0.944,0.940,0.935,0.931,0.926,0.921,0.917,0.912,0.909,0.906,0.904,0.901,0.899,0.896,0.895,0.893,0.893,0.893,0.895,0.897,0.901,0.905,0.910,0.917,0.925,0.937,0.950,0.964,0.984,1.008,1.034,1.051,1.062,1.062,1.062,3.000,3.000,3.000,1.706,1.726,1.741,1.726,1.741,1.755,1.766,1.776,1.782,1.788,1.793,1.798,1.801,1.806,1.809,1.814,1.818,1.823,1.825,1.830,1.834,1.837,1.840,1.844,1.847,1.850,1.855,1.859,1.863,1.867,1.871,1.875,1.878,1.882,1.884,1.887,1.891,1.895,1.899,1.902,1.905,1.910,1.913,1.919,1.922,1.927,1.931,1.937,1.941,1.946,1.950,1.955,1.958,1.961,1.964,1.969,1.973,1.978,1.981,1.987,1.990,1.994,1.997,2.000,2.003,2.007,2.010,2.015,2.019,2.024,2.028,2.034,2.039,2.046,2.053,2.059,2.067,2.074,2.082,2.089,2.096,2.104,2.110,2.118,2.124,2.132,2.139,2.146,2.152,2.157,2.163,2.170,2.177,2.184,2.190,2.197,2.206,2.213,2.220,2.229,2.239,2.250,2.261,2.274,2.285,2.293,2.302,2.310,2.318,2.329,2.338,2.347,2.355,2.365,2.375,2.385,2.393,2.399,2.403,2.407,2.408,2.411,3.000,3.000,3.000,3.000,3.000,3.000,2.616,2.616,2.624,2.625,2.627,2.630,2.633,2.636,2.639,2.647,2.647,3.000,3.000,3.000,3.000,3.000,2.646,2.643,2.645
3.000,3.000,3.000,2.157,2.155,2.156,2.150,2.148,2.141,2.135,2.123,2.116,2.113,2.108,2.100,2.094,2.086,2.082,2.077,2.072,2.068,2.062,2.056,2.046,2.038,2.030,2.022,2.012,2.004,1.996,1.990,1.982,1.976,1.969,1.964,1.960,1.958,1.955,1.951,1.947,1.942,1.936,1.930,1.925,1.920,1.917,1.912,1.907,1.898,1.891,1.886,1.878,1.871,1.863,1.855,1.847,1.837,1.830,1.822,1.809,1.797,1.784,1.765,1.746,1.713,1.688,1.661,1.674,3.000,3.000,3.000,0.360,0.378,0.384,0.445,0.418,0.412,0.409,0.406,0.398,0.392,0.391,0.392,0.398,0.408,0.393,0.418,0.478,0.449,0.467,0.480,0.488,0.494,0.500,0.502,0.504,0.506,0.508,0.510,0.512,0.513,0.512,0.510,0.509,0.508,0.510,0.514,0.521,0.531,0.549,0.578,0.578,3.000,3.000,3.000,3.000,3.000,3.000,3.000,1.591,1.591,1.591,3.000,3.000,3.000,0.999,0.999,0.976,0.967,0.958,0.952,0.948,0.946,0.945,0.940,0.937,0.933,0.929,0.926,0.922,0.918,0.915,0.911,0.909,0.906,0.904,0.902,0.901,0.899,0.899,0.898,0.899,0.899,0.901,0.903,0.906,0.910,0.915,0.921,0.930,0.939,0.951,0.964,0.982,1.003,1.024,1.035,1.049,1.062,1.068,1.068,1.068,3.000,3.000,3.000,1.726,1.741,1.725,1.744,1.757,1.769,1.775,1.783,1.788,1.793,1.797,1.802,1.806,1.812,1.816,1.820,1.823,1.827,1.831,1.835,1.838,1.841,1.844,1.848,1.852,1.857,1.861,1.865,1.870,1.874,1.877,1.880,1.883,1.886,1.890,1.893,1.897,1.900,1.903,1.907,1.910,1.916,1.920,1.924,1.929,1.935,1.939,1.944,1.948,1.952,1.956,1.959,1.962,1.967,1.971,1.976,1.980,1.985,1.989,1.993,1.996,1.999,2.002,2.005,2.009,2.014,2.018,2.023,2.027,2.033,2.038,2.045,2.051,2.057,2.066,2.074,2.081,2.088,2.095,2.102,2.108,2.116,2.122,2.131,2.138,2.145,2.151,2.156,2.162,2.169,2.176,2.183,2.189,2.196,2.205,2.212,2.219,2.227,2.238,2.249,2.260,2.272,2.283,2.292,2.301,2.309,2.317,2.328,2.337,2.345,2.353,2.363,2.373,2.382,2.392,2.398,2.402,2.407,2.408,2.408,3.000,3.000,3.000,3.000,3.000,3.000,2.621,2.616,2.622,2.624,2.626,2.629,2.631,2.634,2.637,2.642,2.647,3.000,3.000,3.000,3.000,3.000,2.652,2.646,2.648
3.000,3.000,3.000,2.157,2.157,2.155,2.148,2.145,2.140,2.133,2.124,2.115,2.112,2.106,2.101,2.094,2.088,2.083,2.079,2.074,2.068,2.060,2.053,2.046,2.039,2.031,2.023,2.013,2.006,1.998,1.992,1.984,1.977,1.970,1.965,1.961,1.959,1.956,1.952,1.948,1.944,1.937,1.930,1.926,1.921,1.918,1.913,1.908,1.898,1.891,1.886,1.879,1.871,1.864,1.856,1.848,1.839,1.832,1.824,1.814,1.801,1.788,1.772,1.753,1.727,1.699,1.674,1.688,3.000,3.000,3.000,3.000,3.000,3.000,0.445,0.445,0.434,0.428,0.425,0.415,0.409,0.409,0.412,0.424,0.429,0.441,0.451,0.465,0.478,0.486,0.491,0.496,0.500,0.504,0.505,0.507,0.508,0.509,0.512,0.514,0.516,0.515,0.513,0.511,0.511,0.513,0.517,0.524,0.534,0.553,0.578,0.578,3.000,3.000,3.000,3.000,3.000,3.000,3.000,3.000,3.000,3.000,3.000,3.000,3.000,0.999,0.977,0.963,0.956,0.948,0.944,0.940,0.937,0.936,0.933,0.930,0.927,0.924,0.922,0.919,0.915,0.913,0.910,0.908,0.906,0.905,0.903,0.902,0.901,0.901,0.902,0.903,0.904,0.906,0.908,0.911,0.914,0.919,0.924,0.932,0.940,0.950,0.963,0.980,0.999,1.015,1.024,1.035,1.044,1.054,1.068,1.081,1.081,1.081,3.000,3.000,1.725,1.744,1.732,1.748,1.760,1.768,1.777,1.782,1.788,1.793,1.798,1.803,1.808,1.813,1.817,1.821,1.825,1.828,1.832,1.836,1.839,1.842,1.846,1.851,1.856,1.859,1.864,1.869,1.873,1.876,1.879,1.881,1.884,1.888,1.892,1.895,1.899,1.902,1.905,1.909,1.914,1.917,1.922,1.926,1.932,1.936,1.941,1.945,1.950,1.953,1.957,1.960,1.965,1.969,1.974,1.978,1.983,1.987,1.991,1.994,1.997,2.000,2.004,2.007,2.013,2.017,2.022,2.026,2.031,2.036,2.042,2.048,2.054,2.063,2.071,2.079,2.087,2.094,2.101,2.107,2.115,2.121,2.128,2.136,2.143,2.150,2.155,2.162,2.168,2.175,2.182,2.188,2.195,2.203,2.210,2.217,2.225,2.235,2.246,2.257,2.269,2.281,2.291,2.300,2.307,2.316,2.324,2.333,2.343,2.351,2.359,2.370,2.379,2.389,2.396,2.400,2.405,2.408,2.408,3.000,3.000,3.000,3.000,3.000,3.000,2.621,2.621,2.623,2.624,2.625,2.628,2.630,2.633,2.635,2.639,2.642,3.000,3.000,3.000,3.000,3.000,2.652,2.652,2.653
3.000,3.000,3.000,2.157,2.156,2.154,2.146,2.141,2.137,2.131,2.122,2.113,2.110,2.105,2.099,2.093,2.086,2.081,2.076,2.071,2.063,2.056,2.051,2.044,2.037,2.029,2.022,2.011,2.004,1.996,1.991,1.983,1.977,1.970,1.965,1.962,1.960,1.957,1.953,1.950,1.945,1.938,1.931,1.927,1.921,1.919,1.914,1.908,1.898,1.892,1.886,1.879,1.871,1.864,1.857,1.849,1.840,1.834,1.826,1.817,1.804,1.793,1.780,1.759,1.736,1.713,1.688,1.697,3.000,3.000,3.000,3.000,3.000,3.000,0.530,0.530,0.530,0.511,0.451,0.442,0.439,0.433,0.439,0.450,0.457,0.468,0.473,0.481,0.488,0.494,0.497,0.500,0.503,0.506,0.506,0.508,0.509,0.510,0.513,0.516,0.518,0.518,0.515,0.514,0.512,0.515,0.520,0.528,0.537,0.553,0.575,0.603,0.603,3.000,0.865,0.890,0.905,0.926,0.926,0.926,3.000,3.000,3.000,0.953,0.953,0.977,0.959,0.951,0.945,0.939,0.935,0.932,0.929,0.928,0.926,0.924,0.922,0.920,0.918,0.916,0.913,0.910,0.908,0.906,0.905,0.904,0.903,0.902,0.901,0.902,0.903,0.904,0.906,0.908,0.910,0.913,0.917,0.921,0.925,0.932,0.940,0.949,0.961,0.977,0.994,1.008,1.015,1.024,1.031,1.038,1.048,1.060,1.081,1.081,1.079,3.000,3.000,1.732,1.748,1.736,1.751,1.761,1.770,1.776,1.783,1.788,1.794,1.799,1.805,1.810,1.814,1.817,1.821,1.825,1.830,1.833,1.836,1.840,1.844,1.849,1.854,1.857,1.862,1.865,1.871,1.874,1.877,1.879,1.883,1.886,1.890,1.893,1.897,1.900,1.904,1.907,1.912,1.916,1.920,1.924,1.929,1.933,1.938,1.943,1.948,1.951,1.955,1.958,1.963,1.967,1.972,1.976,1.981,1.986,1.989,1.992,1.995,1.999,2.003,2.006,2.012,2.016,2.021,2.025,2.030,2.035,2.040,2.047,2.053,2.062,2.069,2.076,2.085,2.092,2.100,2.106,2.113,2.119,2.127,2.135,2.142,2.149,2.155,2.161,2.168,2.174,2.181,2.188,2.195,2.202,2.209,2.216,2.224,2.234,2.245,2.256,2.268,2.280,2.290,2.299,2.307,2.314,2.323,2.332,2.341,2.350,2.358,2.366,2.375,2.383,2.392,2.397,2.403,2.406,2.408,3.000,3.000,3.000,3.000,3.000,3.000,2.621,2.623,2.621,2.622,2.624,2.627,2.629,2.632,2.633,2.636,2.639,3.000,3.000,3.000,3.000,3.000,2.652,2.657,2.656
3.000,3.000,3.000,2.156,2.155,2.153,2.147,2.140,2.135,2.128,2.118,2.112,2.108,2.104,2.099,2.091,2.083,2.078,2.072,2.067,2.059,2.052,2.047,2.041,2.034,2.025,2.018,2.009,2.000,1.993,1.988,1.981,1.975,1.969,1.965,1.962,1.960,1.957,1.953,1.950,1.945,1.940,1.934,1.929,1.924,1.920,1.915,1.909,1.899,1.892,1.887,1.879,1.872,1.864,1.857,1.848,1.840,1.834,1.827,1.818,1.807,1.797,1.784,1.766,1.742,1.721,1.697,1.709,1.683,3.000,3.000,3.000,3.000,0.561,0.561,0.530,0.511,0.504,0.498,0.486,0.483,0.482,0.479,0.480,0.481,0.484,0.486,0.489,0.493,0.497,0.498,0.501,0.503,0.504,0.506,0.507,0.508,0.509,0.513,0.517,0.523,0.520,0.518,0.514,0.513,0.517,0.523,0.531,0.539,0.553,0.574,0.603,0.603,0.828,0.865,0.865,0.890,0.905,0.926,0.926,0.921,0.925,0.929,0.953,0.953,0.947,0.942,0.939,0.935,0.931,0.928,0.925,0.923,0.921,0.919,0.918,0.917,0.916,0.914,0.913,0.910,0.908,0.906,0.905,0.903,0.902,0.902,0.901,0.901,0.901,0.903,0.904,0.906,0.908,0.911,0.914,0.918,0.922,0.926,0.931,0.938,0.947,0.958,0.974,0.990,1.002,1.008,1.015,1.021,1.027,1.034,1.040,1.057,1.079,1.079,1.065,3.000,3.000,1.736,1.720,1.740,1.751,1.762,1.770,1.778,1.784,1.789,1.794,1.800,1.806,1.811,1.814,1.818,1.822,1.827,1.831,1.834,1.837,1.842,1.846,1.851,1.855,1.859,1.863,1.868,1.871,1.874,1.877,1.880,1.884,1.888,1.891,1.895,1.898,1.902,1.906,1.911,1.914,1.918,1.922,1.928,1.932,1.937,1.942,1.947,1.950,1.954,1.957,1.962,1.966,1.971,1.975,1.980,1.984,1.988,1.991,1.994,1.998,2.002,2.005,2.010,2.015,2.020,2.024,2.029,2.034,2.040,2.046,2.052,2.060,2.067,2.074,2.083,2.091,2.098,2.104,2.112,2.118,2.126,2.134,2.141,2.148,2.154,2.160,2.167,2.174,2.181,2.188,2.196,2.202,2.209,2.216,2.224,2.234,2.245,2.255,2.267,2.278,2.289,2.298,2.305,2.313,2.321,2.330,2.339,2.349,2.356,2.364,2.371,2.379,2.385,2.390,2.400,2.404,2.406,2.406,3.000,3.000,3.000,3.000,3.000,3.000,2.621,2.619,2.621,2.623,2.626,2.629,2.631,2.632,2.635,2.636,2.636,3.000,3.000,3.000,3.000,3.000,2.658,2.657
3.000,3.000,3.000,2.155,2.155,2.152,2.147,2.139,2.135,2.128,2.118,2.111,2.108,2.104,2.098,2.091,2.084,2.078,2.072,2.067,2.059,2.052,2.047,2.041,2.033,2.025,2.018,2.008,2.000,1.992,1.987,1.980,1.974,1.969,1.965,1.961,1.960,1.957,1.953,1.950,1.945,1.940,1.934,1.929,1.924,1.920,1.915,1.908,1.898,1.892,1.887,1.879,1.871,1.864,1.856,1.848,1.841,1.835,1.828,1.820,1.809,1.799,1.787,1.772,1.752,1.732,1.709,1.683,1.693,3.000,3.000,3.000,3.000,0.566,0.561,0.544,0.528,0.517,0.511,0.507,0.506,0.501,0.497,0.493,0.491,0.491,0.490,0.492,0.495,0.497,0.498,0.499,0.501,0.502,0.504,0.505,0.507,0.508,0.514,0.518,0.523,0.519,0.515,0.512,0.513,0.518,0.525,0.532,0.541,0.555,0.572,0.598,0.603,0.828,0.828,0.851,0.868,0.884,0.898,0.908,0.916,0.921,0.925,0.929,0.930,0.930,0.930,0.930,0.927,0.924,0.922,0.920,0.918,0.917,0.915,0.914,0.912,0.911,0.911,0.909,0.906,0.905,0.903,0.902,0.901,0.900,0.900,0.899,0.899,0.900,0.901,0.903,0.905,0.908,0.910,0.913,0.917,0.921,0.925,0.930,0.936,0.944,0.954,0.969,0.984,0.995,1.000,1.006,1.010,1.015,1.021,1.024,1.033,1.046,1.065,1.065,1.062,3.000,1.720,1.740,1.725,1.739,1.754,1.763,1.772,1.778,1.784,1.789,1.796,1.801,1.806,1.810,1.815,1.819,1.824,1.828,1.832,1.835,1.840,1.845,1.850,1.853,1.857,1.860,1.865,1.868,1.871,1.874,1.878,1.882,1.886,1.889,1.893,1.897,1.901,1.904,1.909,1.913,1.917,1.921,1.927,1.930,1.936,1.941,1.946,1.949,1.953,1.956,1.961,1.965,1.970,1.974,1.979,1.983,1.987,1.990,1.993,1.996,2.000,2.004,2.009,2.013,2.018,2.022,2.027,2.033,2.039,2.044,2.050,2.059,2.065,2.072,2.081,2.088,2.097,2.103,2.110,2.115,2.124,2.132,2.140,2.147,2.153,2.160,2.166,2.174,2.181,2.187,2.196,2.202,2.209,2.216,2.223,2.234,2.245,2.255,2.266,2.277,2.288,2.298,2.305,2.313,2.322,2.330,2.339,2.349,2.356,2.363,2.370,2.377,2.383,2.388,2.398,2.402,2.406,2.406,3.000,3.000,3.000,3.000,3.000,3.000,2.619,2.615,2.618,2.620,2.625,2.628,2.630,2.632,2.634,2.636,2.636,3.000,3.000,3.000,3.000,3.000,2.659,2.658
3.000,3.000,3.000,2.155,2.154,2.150,2.146,2.139,2.135,2.128,2.117,2.110,2.106,2.103,2.097,2.091,2.085,2.080,2.074,2.068,2.061,2.054,2.046,2.040,2.033,2.025,2.018,2.009,2.001,1.993,1.988,1.981,1.975,1.969,1.964,1.961,1.959,1.956,1.952,1.949,1.944,1.940,1.934,1.929,1.923,1.919,1.913,1.905,1.897,1.891,1.886,1.878,1.871,1.864,1.856,1.850,1.842,1.837,1.829,1.821,1.811,1.801,1.791,1.777,1.760,1.742,1.719,1.693,1.702,3.000,3.000,3.000,3.000,0.568,0.566,0.551,0.533,0.522,0.516,0.512,0.510,0.506,0.500,0.496,0.492,0.491,0.488,0.488,0.490,0.492,0.492,0.494,0.496,0.498,0.499,0.501,0.503,0.505,0.510,0.513,0.515,0.513,0.508,0.509,0.513,0.520,0.527,0.535,0.543,0.556,0.572,0.595,0.598,0.828,0.820,0.841,0.858,0.871,0.885,0.894,0.904,0.909,0.913,0.916,0.919,0.920,0.922,0.922,0.921,0.919,0.918,0.916,0.915,0.914,0.912,0.911,0.909,0.908,0.907,0.906,0.903,0.902,0.901,0.900,0.899,0.899,0.898,0.898,0.898,0.898,0.900,0.902,0.904,0.907,0.909,0.912,0.916,0.920,0.923,0.928,0.933,0.941,0.949,0.963,0.976,0.986,0.991,0.996,1.000,1.004,1.006,1.011,1.018,1.029,1.042,1.062,1.062,3.000,3.000,1.725,1.708,1.725,1.743,1.753,1.764,1.771,1.778,1.783,1.790,1.796,1.802,1.806,1.812,1.817,1.822,1.826,1.830,1.834,1.839,1.843,1.848,1.852,1.856,1.859,1.863,1.866,1.870,1.873,1.877,1.880,1.884,1.888,1.892,1.896,1.900,1.904,1.908,1.911,1.916,1.920,1.926,1.929,1.935,1.940,1.944,1.948,1.952,1.955,1.960,1.964,1.969,1.973,1.978,1.982,1.986,1.988,1.991,1.994,1.999,2.002,2.007,2.011,2.016,2.020,2.026,2.031,2.037,2.043,2.049,2.057,2.064,2.071,2.079,2.087,2.096,2.101,2.107,2.113,2.120,2.130,2.137,2.145,2.152,2.159,2.165,2.173,2.180,2.187,2.195,2.201,2.208,2.215,2.223,2.233,2.245,2.253,2.266,2.277,2.287,2.297,2.305,2.314,2.323,2.331,2.340,2.349,2.356,2.362,2.369,2.375,2.381,2.387,2.398,2.401,2.405,2.406,2.400,3.000,3.000,3.000,3.000,3.000,2.615,2.610,2.614,2.617,2.621,2.626,2.629,2.631,2.633,2.635,2.636,3.000,3.000,3.000,3.000,3.000,2.660,2.659
3.000,3.000,3.000,2.160,2.155,2.149,2.144,2.139,2.136,2.129,2.118,2.112,2.108,2.104,2.099,2.093,2.087,2.082,2.077,2.071,2.063,2.055,2.047,2.041,2.033,2.025,2.018,2.008,2.002,1.994,1.989,1.982,1.976,1.969,1.964,1.961,1.958,1.955,1.950,1.948,1.943,1.940,1.933,1.928,1.922,1.917,1.912,1.904,1.897,1.890,1.885,1.878,1.871,1.864,1.857,1.851,1.844,1.840,1.832,1.824,1.814,1.804,1.794,1.782,1.765,1.750,1.732,1.702,1.716,3.000,3.000,3.000,3.000,0.568,0.568,0.553,0.534,0.522,0.514,0.511,0.510,0.506,0.501,0.498,0.493,0.489,0.485,0.486,0.488,0.489,0.490,0.492,0.493,0.495,0.497,0.498,0.499,0.501,0.505,0.508,0.508,0.502,0.504,0.507,0.514,0.522,0.528,0.537,0.545,0.557,0.572,0.593,0.595,0.820,0.815,0.835,0.850,0.862,0.873,0.881,0.890,0.898,0.902,0.906,0.908,0.912,0.915,0.917,0.915,0.915,0.914,0.913,0.912,0.911,0.910,0.909,0.908,0.907,0.906,0.904,0.902,0.901,0.900,0.899,0.898,0.898,0.897,0.897,0.897,0.897,0.898,0.901,0.903,0.905,0.908,0.911,0.914,0.918,0.921,0.925,0.929,0.935,0.942,0.951,0.964,0.974,0.978,0.983,0.987,0.989,0.992,0.996,1.002,1.011,1.022,1.039,1.062,3.000,3.000,1.708,1.725,1.704,1.724,1.738,1.753,1.761,1.769,1.776,1.784,1.789,1.797,1.802,1.808,1.813,1.819,1.823,1.828,1.832,1.837,1.841,1.846,1.850,1.854,1.857,1.861,1.865,1.868,1.871,1.875,1.878,1.883,1.886,1.891,1.895,1.900,1.903,1.908,1.910,1.915,1.919,1.925,1.928,1.933,1.938,1.943,1.947,1.951,1.954,1.958,1.963,1.968,1.972,1.977,1.981,1.985,1.988,1.990,1.993,1.997,2.001,2.006,2.010,2.015,2.019,2.025,2.031,2.036,2.042,2.048,2.056,2.063,2.070,2.078,2.085,2.094,2.100,2.106,2.111,2.118,2.125,2.134,2.143,2.150,2.157,2.164,2.172,2.179,2.186,2.194,2.200,2.208,2.214,2.222,2.232,2.244,2.252,2.265,2.276,2.286,2.296,2.305,2.314,2.323,2.331,2.340,2.349,2.355,2.361,2.368,2.375,2.381,2.387,2.397,2.400,2.403,2.400,2.400,3.000,3.000,3.000,3.000,3.000,2.610,2.603,2.611,2.615,2.621,2.626,2.629,2.631,2.633,2.634,2.635,3.000,3.000,3.000,3.000,3.000,2.660,2.660
3.000,3.000,3.000,2.162,2.160,2.150,2.144,2.140,2.137,2.131,2.124,2.119,2.115,2.112,2.104,2.097,2.091,2.086,2.081,2.075,2.068,2.057,2.048,2.041,2.034,2.026,2.018,2.009,2.002,1.994,1.989,1.982,1.976,1.968,1.963,1.960,1.957,1.954,1.948,1.945,1.942,1.938,1.932,1.928,1.922,1.917,1.912,1.905,1.898,1.890,1.885,1.878,1.871,1.865,1.859,1.853,1.847,1.842,1.834,1.827,1.817,1.809,1.799,1.787,1.770,1.756,1.739,1.716,1.722,3.000,3.000,3.000,3.000,0.568,0.568,0.553,0.534,0.521,0.514,0.512,0.510,0.507,0.504,0.501,0.495,0.488,0.483,0.485,0.487,0.488,0.489,0.490,0.492,0.494,0.495,0.496,0.495,0.495,0.497,0.498,0.497,0.492,0.498,0.506,0.515,0.522,0.528,0.536,0.544,0.555,0.570,0.591,0.593,0.815,0.811,0.829,0.843,0.855,0.865,0.874,0.881,0.890,0.893,0.897,0.899,0.904,0.907,0.911,0.910,0.911,0.911,0.910,0.910,0.909,0.909,0.908,0.907,0.907,0.907,0.905,0.903,0.902,0.900,0.900,0.898,0.898,0.897,0.897,0.897,0.897,0.898,0.900,0.901,0.903,0.906,0.909,0.912,0.915,0.918,0.920,0.923,0.928,0.933,0.940,0.947,0.956,0.961,0.967,0.971,0.975,0.980,0.984,0.990,0.996,1.007,1.020,1.039,1.023,3.000,3.000,1.704,1.724,1.703,1.719,1.738,1.748,1.758,1.766,1.776,1.782,1.790,1.796,1.803,1.809,1.815,1.820,1.825,1.829,1.835,1.839,1.844,1.849,1.853,1.856,1.860,1.863,1.866,1.869,1.873,1.877,1.881,1.884,1.889,1.894,1.899,1.903,1.907,1.910,1.914,1.919,1.924,1.927,1.932,1.937,1.942,1.946,1.950,1.953,1.958,1.963,1.967,1.972,1.976,1.981,1.985,1.987,1.991,1.993,1.998,2.001,2.006,2.009,2.015,2.019,2.025,2.030,2.036,2.041,2.047,2.056,2.062,2.069,2.077,2.084,2.093,2.099,2.104,2.110,2.117,2.124,2.131,2.141,2.148,2.156,2.163,2.171,2.179,2.185,2.192,2.199,2.208,2.215,2.223,2.232,2.242,2.250,2.263,2.274,2.284,2.294,2.304,2.313,2.322,2.330,2.339,2.347,2.354,2.360,2.368,2.374,2.380,2.385,2.395,2.398,2.401,2.398,2.400,3.000,3.000,3.000,3.000,3.000,2.605,2.605,2.614,2.617,2.626,2.628,2.631,2.632,2.634,2.635,2.635,3.000,3.000,3.000,3.000,3.000,2.660,2.660
3.000,3.000,3.000,2.165,2.162,2.150,2.144,2.140,2.138,2.134,2.126,2.121,2.118,2.115,2.110,2.099,2.093,2.088,2.084,2.078,2.070,2.061,2.049,2.042,2.034,2.026,2.018,2.009,2.002,1.995,1.989,1.982,1.976,1.968,1.963,1.960,1.958,1.954,1.949,1.946,1.943,1.939,1.934,1.929,1.923,1.918,1.913,1.907,1.901,1.892,1.887,1.879,1.874,1.867,1.862,1.857,1.850,1.845,1.837,1.830,1.821,1.814,1.803,1.792,1.775,1.761,1.744,1.722,1.727,3.000,3.000,3.000,0.584,0.584,0.568,0.554,0.535,0.522,0.514,0.512,0.510,0.507,0.505,0.502,0.495,0.486,0.482,0.484,0.487,0.487,0.488,0.489,0.491,0.492,0.495,0.496,0.493,0.492,0.490,0.491,0.492,0.492,0.506,0.513,0.518,0.524,0.529,0.537,0.545,0.556,0.570,0.591,0.595,0.811,0.807,0.825,0.839,0.850,0.859,0.867,0.874,0.879,0.884,0.888,0.892,0.896,0.901,0.904,0.905,0.907,0.907,0.907,0.907,0.907,0.907,0.906,0.906,0.906,0.906,0.905,0.904,0.902,0.901,0.900,0.899,0.899,0.898,0.898,0.898,0.898,0.898,0.899,0.900,0.901,0.903,0.905,0.908,0.911,0.913,0.915,0.917,0.921,0.925,0.930,0.935,0.943,0.947,0.954,0.959,0.964,0.969,0.973,0.978,0.985,0.994,1.006,1.023,1.027,1.027,3.000,3.000,1.703,1.719,1.738,1.748,1.758,1.739,1.751,1.764,1.771,1.782,1.788,1.797,1.803,1.811,1.817,1.822,1.827,1.833,1.837,1.842,1.847,1.852,1.855,1.859,1.862,1.866,1.869,1.873,1.877,1.881,1.884,1.889,1.893,1.899,1.902,1.907,1.910,1.914,1.919,1.924,1.927,1.932,1.936,1.941,1.945,1.950,1.953,1.958,1.963,1.967,1.971,1.976,1.980,1.985,1.988,1.991,1.994,1.999,2.003,2.007,2.010,2.016,2.020,2.026,2.031,2.036,2.041,2.048,2.056,2.062,2.069,2.076,2.084,2.094,2.099,2.104,2.110,2.117,2.123,2.131,2.139,2.147,2.155,2.162,2.171,2.178,2.185,2.192,2.199,2.208,2.215,2.223,2.232,2.241,2.249,2.262,2.272,2.282,2.293,2.303,2.312,2.321,2.328,2.338,2.346,2.353,2.359,2.367,2.373,2.379,2.384,2.394,2.397,2.399,2.397,2.400,3.000,3.000,3.000,3.000,3.000,2.605,2.602,2.613,2.617,2.625,2.628,2.631,2.632,2.633,2.634,2.635,3.000,3.000,3.000,3.000,3.000,2.660,2.659
3.000,3.000,2.174,2.174,2.165,2.153,2.147,2.144,2.143,2.138,2.129,2.124,2.120,2.118,2.112,2.103,2.096,2.090,2.086,2.080,2.071,2.059,2.050,2.042,2.036,2.028,2.021,2.011,2.003,1.996,1.991,1.984,1.977,1.969,1.964,1.961,1.959,1.956,1.951,1.949,1.944,1.941,1.935,1.931,1.925,1.920,1.915,1.909,1.903,1.895,1.889,1.882,1.876,1.870,1.865,1.859,1.853,1.848,1.839,1.832,1.825,1.817,1.807,1.797,1.781,1.767,1.749,1.727,1.731,3.000,3.000,3.000,0.584,0.584,0.568,0.556,0.536,0.524,0.515,0.510,0.509,0.508,0.507,0.505,0.496,0.489,0.485,0.487,0.488,0.488,0.487,0.487,0.489,0.491,0.494,0.496,0.496,0.492,0.491,0.491,0.498,0.499,0.513,0.518,0.522,0.527,0.532,0.541,0.548,0.558,0.572,0.595,0.595,0.807,0.804,0.822,0.835,0.846,0.855,0.862,0.868,0.874,0.878,0.882,0.886,0.890,0.895,0.899,0.901,0.903,0.904,0.904,0.904,0.904,0.904,0.904,0.904,0.904,0.905,0.905,0.903,0.902,0.901,0.901,0.900,0.900,0.899,0.899,0.899,0.898,0.898,0.899,0.899,0.900,0.901,0.902,0.904,0.906,0.908,0.910,0.911,0.915,0.918,0.922,0.926,0.930,0.934,0.939,0.943,0.947,0.953,0.959,0.966,0.974,0.983,0.995,1.009,1.027,1.027,1.027,3.000,3.000,3.000,3.000,3.000,1.739,1.751,1.764,1.744,1.753,1.768,1.778,1.789,1.796,1.806,1.812,1.818,1.823,1.830,1.835,1.840,1.845,1.850,1.854,1.859,1.862,1.865,1.869,1.873,1.876,1.881,1.884,1.889,1.894,1.899,1.903,1.907,1.911,1.915,1.919,1.924,1.927,1.932,1.936,1.941,1.945,1.949,1.953,1.958,1.962,1.966,1.970,1.975,1.980,1.984,1.987,1.992,1.995,2.000,2.004,2.008,2.012,2.017,2.021,2.026,2.031,2.037,2.042,2.049,2.057,2.063,2.070,2.077,2.085,2.094,2.100,2.105,2.111,2.117,2.124,2.131,2.139,2.147,2.154,2.162,2.171,2.178,2.185,2.192,2.199,2.208,2.215,2.223,2.231,2.240,2.248,2.260,2.270,2.280,2.289,2.301,2.310,2.319,2.327,2.336,2.344,2.352,2.358,2.368,2.374,2.380,2.386,2.396,2.399,2.400,2.400,2.401,3.000,3.000,3.000,3.000,3.000,2.602,2.597,2.607,2.614,2.622,2.626,2.629,2.631,2.633,2.634,2.634,3.000,3.000,3.000,3.000,3.000,2.659,2.657
3.000,3.000,2.174,2.174,2.166,2.157,2.150,2.148,2.145,2.140,2.131,2.126,2.122,2.119,2.114,2.106,2.099,2.094,2.089,2.082,2.072,2.061,2.052,2.045,2.038,2.031,2.025,2.015,2.005,1.998,1.992,1.985,1.978,1.970,1.965,1.962,1.960,1.957,1.952,1.950,1.946,1.943,1.938,1.934,1.928,1.923,1.917,1.912,1.905,1.898,1.892,1.884,1.878,1.872,1.867,1.862,1.856,1.849,1.840,1.834,1.826,1.819,1.809,1.798,1.783,1.769,1.753,1.731,1.736,3.000,3.000,3.000,0.584,0.581,0.567,0.556,0.538,0.525,0.515,0.510,0.508,0.508,0.508,0.508,0.506,0.494,0.492,0.492,0.490,0.488,0.486,0.486,0.487,0.489,0.493,0.497,0.498,0.498,0.496,0.501,0.513,0.519,0.521,0.523,0.526,0.530,0.535,0.543,0.549,0.559,0.574,0.595,0.595,0.804,0.802,0.820,0.831,0.841,0.850,0.857,0.862,0.867,0.871,0.875,0.879,0.883,0.888,0.893,0.896,0.899,0.900,0.901,0.901,0.901,0.901,0.900,0.900,0.900,0.901,0.902,0.901,0.901,0.900,0.900,0.900,0.899,0.899,0.899,0.899,0.899,0.899,0.899,0.899,0.900,0.900,0.901,0.902,0.904,0.906,0.907,0.909,0.912,0.915,0.918,0.921,0.925,0.929,0.933,0.937,0.940,0.945,0.951,0.959,0.966,0.975,0.986,0.997,1.011,1.027,1.032,1.032,1.032,3.000,3.000,3.000,3.000,3.000,1.744,1.753,1.768,1.751,1.764,1.778,1.788,1.799,1.806,1.814,1.819,1.827,1.832,1.838,1.842,1.848,1.852,1.857,1.860,1.864,1.867,1.872,1.875,1.880,1.883,1.889,1.893,1.898,1.902,1.907,1.911,1.915,1.919,1.924,1.927,1.931,1.935,1.940,1.945,1.949,1.953,1.957,1.961,1.965,1.969,1.974,1.979,1.983,1.987,1.992,1.995,2.000,2.004,2.009,2.012,2.017,2.022,2.026,2.032,2.037,2.042,2.049,2.057,2.063,2.069,2.076,2.084,2.094,2.100,2.105,2.111,2.117,2.123,2.132,2.139,2.146,2.153,2.160,2.169,2.178,2.185,2.192,2.198,2.208,2.215,2.223,2.230,2.239,2.246,2.259,2.269,2.278,2.288,2.301,2.310,2.319,2.327,2.336,2.344,2.352,2.358,2.368,2.374,2.381,2.388,2.397,2.400,2.402,2.401,2.403,3.000,3.000,3.000,3.000,3.000,2.597,2.594,2.604,2.611,2.617,2.623,2.626,2.629,2.630,2.630,2.634,3.000,3.000,3.000,3.000,3.000,2.657,2.646
3.000,3.000,2.174,2.172,2.166,2.160,2.154,2.150,2.146,2.141,2.131,2.125,2.122,2.119,2.114,2.107,2.101,2.095,2.089,2.082,2.071,2.061,2.053,2.046,2.039,2.032,2.025,2.014,2.005,1.998,1.992,1.986,1.979,1.972,1.966,1.963,1.960,1.957,1.953,1.950,1.946,1.943,1.938,1.934,1.928,1.923,1.918,1.912,1.905,1.898,1.891,1.884,1.879,1.872,1.868,1.862,1.856,1.849,1.841,1.834,1.827,1.819,1.809,1.799,1.785,1.772,1.755,1.736,1.736,3.000,3.000,0.596,0.596,0.577,0.565,0.556,0.543,0.525,0.516,0.509,0.507,0.507,0.508,0.510,0.509,0.502,0.497,0.494,0.492,0.488,0.485,0.485,0.486,0.488,0.494,0.499,0.501,0.505,0.508,0.515,0.520,0.524,0.526,0.526,0.529,0.533,0.538,0.545,0.552,0.563,0.579,0.584,3.000,0.803,0.803,0.819,0.830,0.839,0.847,0.853,0.858,0.863,0.867,0.871,0.874,0.878,0.884,0.888,0.892,0.895,0.896,0.897,0.898,0.898,0.898,0.897,0.897,0.897,0.898,0.900,0.899,0.899,0.899,0.899,0.898,0.899,0.899,0.899,0.899,0.899,0.898,0.899,0.899,0.899,0.900,0.901,0.902,0.903,0.905,0.906,0.908,0.910,0.913,0.916,0.919,0.923,0.926,0.930,0.934,0.937,0.942,0.947,0.954,0.961,0.969,0.978,0.987,0.998,1.009,1.020,1.032,1.032,1.041,1.041,1.041,3.000,3.000,3.000,3.000,1.751,1.764,1.778,1.765,1.777,1.789,1.799,1.808,1.815,1.822,1.829,1.835,1.839,1.845,1.849,1.854,1.857,1.862,1.865,1.869,1.873,1.878,1.881,1.887,1.892,1.897,1.901,1.906,1.910,1.914,1.918,1.922,1.925,1.930,1.933,1.938,1.943,1.948,1.952,1.956,1.961,1.965,1.969,1.974,1.978,1.982,1.986,1.991,1.995,2.000,2.004,2.008,2.012,2.017,2.021,2.026,2.031,2.037,2.042,2.049,2.057,2.063,2.069,2.075,2.083,2.092,2.097,2.103,2.109,2.116,2.122,2.131,2.137,2.146,2.152,2.160,2.168,2.177,2.184,2.191,2.198,2.207,2.215,2.222,2.229,2.237,2.244,2.255,2.267,2.277,2.287,2.298,2.309,2.319,2.326,2.335,2.342,2.350,2.356,2.366,2.374,2.380,2.387,2.397,2.401,2.403,2.403,2.405,3.000,3.000,3.000,3.000,3.000,2.594,2.592,2.602,2.607,2.614,2.619,2.624,2.627,2.628,2.628,2.630,2.626,3.000,3.000,3.000,3.000,2.646,2.642
3.000,3.000,2.178,2.173,2.169,2.163,2.157,2.152,2.148,2.143,2.132,2.126,2.122,2.118,2.114,2.107,2.101,2.095,2.089,2.082,2.071,2.062,2.054,2.047,2.040,2.033,2.026,2.015,2.005,1.998,1.992,1.985,1.979,1.973,1.968,1.964,1.961,1.958,1.954,1.951,1.947,1.944,1.939,1.935,1.929,1.924,1.918,1.912,1.906,1.899,1.892,1.885,1.880,1.873,1.868,1.863,1.858,1.851,1.842,1.834,1.827,1.819,1.809,1.799,1.786,1.773,1.757,1.758,1.736,3.000,3.000,0.596,0.596,0.572,0.562,0.554,0.543,0.526,0.516,0.509,0.505,0.505,0.508,0.511,0.512,0.509,0.508,0.505,0.497,0.493,0.490,0.490,0.490,0.493,0.499,0.504,0.509,0.515,0.519,0.523,0.527,0.528,0.529,0.527,0.531,0.535,0.540,0.546,0.554,0.566,0.584,0.584,0.780,0.803,0.801,0.816,0.827,0.836,0.843,0.849,0.855,0.859,0.863,0.866,0.870,0.873,0.878,0.883,0.886,0.889,0.892,0.893,0.894,0.895,0.895,0.894,0.894,0.894,0.894,0.895,0.895,0.896,0.896,0.896,0.896,0.896,0.897,0.897,0.897,0.898,0.897,0.898,0.898,0.899,0.899,0.900,0.901,0.902,0.903,0.905,0.906,0.909,0.911,0.914,0.917,0.920,0.924,0.928,0.931,0.934,0.938,0.942,0.949,0.955,0.963,0.971,0.979,0.987,0.995,1.003,1.012,1.022,1.032,1.041,1.047,1.047,1.047,3.000,3.000,3.000,3.000,1.765,1.777,1.760,1.777,1.788,1.799,1.807,1.815,1.822,1.830,1.835,1.841,1.846,1.851,1.855,1.859,1.863,1.868,1.872,1.876,1.880,1.886,1.891,1.896,1.900,1.905,1.909,1.913,1.917,1.922,1.925,1.929,1.932,1.937,1.942,1.947,1.951,1.956,1.960,1.964,1.969,1.973,1.978,1.982,1.986,1.990,1.995,2.000,2.004,2.008,2.012,2.016,2.021,2.026,2.031,2.037,2.042,2.049,2.057,2.063,2.069,2.075,2.082,2.090,2.095,2.102,2.108,2.115,2.121,2.130,2.137,2.145,2.152,2.159,2.167,2.175,2.183,2.191,2.197,2.205,2.212,2.221,2.228,2.236,2.243,2.253,2.266,2.276,2.287,2.297,2.309,2.318,2.326,2.335,2.342,2.349,2.356,2.366,2.374,2.381,2.387,2.398,2.404,2.407,2.405,2.409,3.000,3.000,3.000,3.000,3.000,2.592,2.586,2.597,2.602,2.609,2.615,2.621,2.625,2.627,2.626,2.626,2.626,3.000,3.000,3.000,3.000,2.642,2.641
3.000,3.000,2.184,2.178,2.174,2.168,2.161,2.157,2.151,2.145,2.135,2.128,2.122,2.118,2.113,2.107,2.101,2.095,2.090,2.083,2.072,2.063,2.056,2.048,2.040,2.033,2.026,2.017,2.006,1.998,1.992,1.985,1.978,1.973,1.968,1.964,1.962,1.958,1.955,1.952,1.948,1.945,1.940,1.935,1.929,1.924,1.918,1.912,1.906,1.900,1.893,1.886,1.880,1.874,1.870,1.864,1.859,1.852,1.843,1.835,1.828,1.820,1.810,1.800,1.787,1.774,1.758,1.759,3.000,3.000,3.000,0.596,0.594,0.570,0.559,0.552,0.543,0.532,0.518,0.508,0.504,0.504,0.507,0.512,0.515,0.515,0.516,0.515,0.511,0.510,0.510,0.512,0.514,0.516,0.520,0.522,0.526,0.527,0.529,0.530,0.532,0.531,0.530,0.529,0.533,0.537,0.542,0.549,0.558,0.572,0.584,0.584,0.780,0.780,0.801,0.815,0.826,0.834,0.841,0.847,0.852,0.856,0.860,0.863,0.866,0.869,0.874,0.878,0.882,0.885,0.888,0.889,0.891,0.892,0.892,0.892,0.892,0.891,0.891,0.892,0.892,0.893,0.893,0.893,0.893,0.893,0.894,0.894,0.895,0.895,0.895,0.896,0.896,0.897,0.897,0.898,0.899,0.901,0.902,0.903,0.905,0.907,0.909,0.912,0.915,0.918,0.921,0.925,0.928,0.930,0.933,0.938,0.944,0.950,0.958,0.965,0.972,0.979,0.985,0.992,0.999,1.008,1.016,1.023,1.035,1.047,1.048,1.048,1.048,3.000,3.000,3.000,1.760,1.777,1.788,1.776,1.789,1.798,1.808,1.816,1.825,1.831,1.838,1.843,1.849,1.853,1.858,1.862,1.866,1.870,1.875,1.879,1.884,1.890,1.895,1.899,1.904,1.908,1.912,1.917,1.921,1.925,1.929,1.932,1.937,1.942,1.947,1.951,1.955,1.960,1.964,1.969,1.973,1.977,1.982,1.986,1.990,1.994,2.000,2.004,2.008,2.013,2.016,2.021,2.026,2.031,2.037,2.042,2.048,2.057,2.063,2.068,2.074,2.082,2.088,2.094,2.101,2.108,2.115,2.121,2.130,2.137,2.145,2.152,2.159,2.167,2.174,2.182,2.189,2.196,2.204,2.210,2.217,2.226,2.235,2.242,2.252,2.264,2.275,2.286,2.297,2.308,2.319,2.326,2.335,2.341,2.349,2.355,2.366,2.374,2.381,2.388,2.400,2.406,2.410,2.409,2.410,3.000,3.000,3.000,3.000,3.000,2.586,2.581,2.591,2.598,2.606,2.612,2.619,2.625,2.626,2.627,2.626,2.627,3.000,3.000,3.000,3.000,2.641,2.641
3.000,3.000,2.184,2.184,2.178,2.170,2.163,2.156,2.151,2.146,2.136,2.128,2.122,2.117,2.112,2.106,2.099,2.094,2.089,2.082,2.072,2.064,2.057,2.049,2.041,2.033,2.026,2.017,2.007,1.999,1.993,1.986,1.979,1.974,1.970,1.967,1.965,1.960,1.956,1.952,1.949,1.945,1.940,1.936,1.929,1.924,1.918,1.912,1.906,1.900,1.894,1.887,1.881,1.874,1.870,1.864,1.859,1.852,1.844,1.836,1.828,1.820,1.811,1.801,1.788,1.775,1.759,1.760,3.000,3.000,3.000,0.594,0.594,0.569,0.558,0.551,0.543,0.533,0.521,0.509,0.504,0.503,0.504,0.511,0.514,0.515,0.518,0.519,0.518,0.516,0.516,0.517,0.519,0.521,0.524,0.526,0.528,0.529,0.531,0.531,0.532,0.530,0.530,0.529,0.534,0.539,0.545,0.552,0.562,0.577,0.587,0.752,0.782,0.780,0.799,0.813,0.823,0.831,0.838,0.844,0.849,0.853,0.856,0.860,0.862,0.865,0.870,0.873,0.876,0.881,0.883,0.885,0.887,0.888,0.888,0.889,0.888,0.888,0.888,0.888,0.888,0.888,0.889,0.890,0.890,0.890,0.891,0.892,0.892,0.893,0.893,0.893,0.894,0.895,0.896,0.897,0.898,0.899,0.900,0.902,0.903,0.905,0.907,0.910,0.912,0.915,0.918,0.921,0.924,0.926,0.930,0.933,0.938,0.945,0.952,0.959,0.966,0.972,0.977,0.983,0.989,0.995,1.001,1.008,1.015,1.023,1.035,1.048,1.054,1.054,1.054,3.000,3.000,3.000,1.776,1.753,1.775,1.787,1.799,1.809,1.819,1.826,1.834,1.840,1.847,1.851,1.856,1.860,1.865,1.869,1.874,1.878,1.883,1.887,1.893,1.898,1.903,1.906,1.911,1.915,1.920,1.924,1.928,1.931,1.935,1.940,1.945,1.949,1.953,1.958,1.962,1.967,1.972,1.976,1.980,1.984,1.989,1.993,1.999,2.004,2.008,2.012,2.015,2.019,2.025,2.031,2.036,2.041,2.048,2.056,2.062,2.067,2.073,2.080,2.087,2.093,2.099,2.107,2.114,2.121,2.130,2.137,2.145,2.152,2.159,2.166,2.173,2.180,2.188,2.195,2.203,2.209,2.216,2.224,2.234,2.241,2.251,2.262,2.274,2.286,2.296,2.308,2.319,2.326,2.335,2.341,2.349,2.356,2.367,2.375,2.383,2.390,2.402,2.407,2.411,2.410,2.410,3.000,3.000,3.000,3.000,3.000,2.581,2.594,2.592,2.599,2.606,2.612,2.619,2.625,2.627,2.629,2.627,2.631,3.000,3.000,3.000,3.000,2.641,2.641
3.000,3.000,2.184,2.184,2.178,2.170,2.161,2.155,2.150,2.144,2.135,2.126,2.120,2.115,2.110,2.103,2.097,2.092,2.087,2.078,2.070,2.063,2.057,2.049,2.041,2.033,2.026,2.017,2.007,2.000,1.994,1.987,1.981,1.976,1.973,1.970,1.967,1.963,1.958,1.954,1.950,1.946,1.942,1.937,1.932,1.926,1.919,1.914,1.907,1.902,1.895,1.888,1.881,1.874,1.869,1.864,1.859,1.852,1.844,1.836,1.828,1.821,1.812,1.802,1.789,1.775,1.760,1.761,3.000,3.000,3.000,3.000,0.575,0.571,0.557,0.551,0.544,0.536,0.528,0.513,0.506,0.503,0.504,0.507,0.512,0.513,0.518,0.522,0.521,0.519,0.518,0.519,0.521,0.522,0.525,0.527,0.529,0.529,0.530,0.531,0.532,0.530,0.531,0.533,0.538,0.543,0.549,0.558,0.569,0.587,0.587,0.758,0.752,0.782,0.799,0.812,0.822,0.830,0.836,0.842,0.846,0.850,0.854,0.856,0.859,0.861,0.865,0.869,0.872,0.876,0.878,0.881,0.883,0.884,0.885,0.885,0.885,0.885,0.885,0.885,0.884,0.885,0.886,0.886,0.887,0.887,0.888,0.889,0.890,0.890,0.890,0.891,0.892,0.893,0.894,0.895,0.896,0.898,0.899,0.900,0.901,0.903,0.905,0.908,0.910,0.912,0.915,0.918,0.921,0.923,0.926,0.930,0.934,0.940,0.947,0.954,0.960,0.966,0.971,0.976,0.981,0.986,0.991,0.997,1.003,1.009,1.020,1.029,1.039,1.054,1.054,1.043,3.000,3.000,1.753,1.775,1.787,1.772,1.789,1.802,1.813,1.821,1.829,1.836,1.843,1.848,1.854,1.858,1.863,1.868,1.873,1.877,1.881,1.886,1.892,1.896,1.902,1.905,1.910,1.914,1.919,1.923,1.927,1.930,1.934,1.938,1.943,1.947,1.952,1.956,1.960,1.964,1.970,1.974,1.979,1.982,1.988,1.992,1.998,2.003,2.007,2.011,2.014,2.018,2.024,2.030,2.035,2.041,2.047,2.054,2.061,2.067,2.072,2.079,2.086,2.092,2.098,2.105,2.113,2.120,2.128,2.135,2.144,2.150,2.158,2.164,2.172,2.179,2.188,2.194,2.203,2.209,2.216,2.225,2.234,2.241,2.251,2.261,2.273,2.286,2.296,2.308,2.318,2.325,2.334,2.341,2.350,2.357,2.368,2.377,2.384,2.391,2.401,2.407,2.411,2.409,2.410,3.000,3.000,3.000,3.000,3.000,3.000,2.594,2.594,2.600,2.608,2.612,2.619,2.626,2.629,2.631,2.631,2.631,3.000,3.000,3.000,3.000,3.000,3.000
3.000,3.000,2.184,2.184,2.180,2.171,2.162,2.156,2.150,2.143,2.134,2.125,2.119,2.113,2.107,2.101,2.095,2.090,2.085,2.078,2.069,2.062,2.056,2.048,2.039,2.032,2.025,2.017,2.008,2.002,1.996,1.990,1.985,1.979,1.975,1.972,1.969,1.965,1.961,1.956,1.952,1.948,1.944,1.939,1.934,1.928,1.921,1.915,1.909,1.903,1.896,1.889,1.881,1.875,1.870,1.864,1.859,1.852,1.845,1.837,1.830,1.822,1.813,1.803,1.790,1.776,1.761,1.763,3.000,3.000,3.000,3.000,0.585,0.575,0.559,0.552,0.545,0.539,0.533,0.516,0.508,0.504,0.504,0.506,0.508,0.511,0.515,0.522,0.522,0.521,0.519,0.520,0.521,0.522,0.524,0.526,0.527,0.528,0.529,0.529,0.530,0.530,0.533,0.537,0.542,0.547,0.554,0.563,0.576,0.587,0.587,0.763,0.758,0.783,0.799,0.810,0.820,0.828,0.834,0.840,0.844,0.848,0.851,0.853,0.855,0.858,0.861,0.865,0.868,0.872,0.874,0.876,0.878,0.880,0.881,0.882,0.882,0.882,0.882,0.882,0.881,0.881,0.882,0.883,0.884,0.884,0.886,0.887,0.887,0.888,0.888,0.889,0.890,0.891,0.892,0.894,0.895,0.897,0.898,0.899,0.900,0.902,0.904,0.906,0.908,0.910,0.913,0.915,0.918,0.920,0.923,0.927,0.931,0.935,0.942,0.950,0.955,0.959,0.963,0.969,0.973,0.977,0.982,0.986,0.991,0.997,1.003,1.010,1.017,1.029,1.043,1.057,1.057,1.057,3.000,3.000,1.772,1.789,1.774,1.791,1.805,1.814,1.824,1.832,1.840,1.846,1.852,1.856,1.861,1.867,1.872,1.876,1.881,1.885,1.890,1.895,1.900,1.903,1.909,1.913,1.918,1.921,1.926,1.929,1.933,1.937,1.942,1.946,1.951,1.955,1.960,1.963,1.968,1.972,1.977,1.981,1.987,1.991,1.998,2.003,2.007,2.010,2.014,2.017,2.023,2.029,2.035,2.041,2.047,2.055,2.061,2.066,2.072,2.079,2.085,2.092,2.099,2.106,2.112,2.120,2.128,2.135,2.143,2.150,2.157,2.164,2.172,2.179,2.187,2.194,2.202,2.209,2.216,2.225,2.234,2.241,2.250,2.261,2.273,2.286,2.296,2.308,2.318,2.326,2.334,2.341,2.351,2.358,2.368,2.377,2.384,2.390,2.400,2.406,2.409,2.409,2.412,3.000,3.000,3.000,3.000,3.000,3.000,2.594,2.594,2.602,2.608,2.611,2.617,2.625,2.628,2.631,2.631,2.631,3.000,3.000,3.000,3.000,3.000,3.000
3.000,3.000,3.000,2.184,2.182,2.170,2.162,2.156,2.150,2.143,2.132,2.124,2.118,2.111,2.106,2.099,2.093,2.088,2.083,2.077,2.068,2.060,2.054,2.046,2.038,2.031,2.024,2.018,2.009,2.003,1.998,1.993,1.987,1.982,1.977,1.973,1.971,1.967,1.963,1.959,1.954,1.950,1.946,1.941,1.935,1.930,1.923,1.916,1.909,1.903,1.897,1.890,1.883,1.876,1.871,1.865,1.860,1.854,1.847,1.839,1.832,1.825,1.816,1.806,1.792,1.779,1.763,1.765,3.000,3.000,3.000,3.000,0.585,0.585,0.564,0.555,0.549,0.544,0.540,0.529,0.515,0.509,0.507,0.508,0.508,0.510,0.516,0.521,0.521,0.518,0.518,0.519,0.519,0.520,0.522,0.524,0.524,0.525,0.526,0.525,0.527,0.527,0.533,0.538,0.545,0.551,0.559,0.570,0.586,0.586,0.745,0.766,0.763,0.786,0.800,0.810,0.819,0.827,0.833,0.839,0.842,0.846,0.848,0.851,0.853,0.855,0.858,0.861,0.865,0.868,0.871,0.873,0.875,0.877,0.878,0.879,0.879,0.879,0.879,0.879,0.878,0.878,0.879,0.879,0.881,0.881,0.883,0.884,0.885,0.886,0.886,0.887,0.888,0.889,0.891,0.892,0.894,0.895,0.897,0.898,0.899,0.901,0.903,0.905,0.907,0.909,0.911,0.914,0.916,0.918,0.921,0.924,0.928,0.932,0.938,0.945,0.950,0.954,0.958,0.963,0.967,0.971,0.974,0.978,0.983,0.987,0.992,0.998,1.005,1.014,1.025,1.038,1.057,1.057,3.000,3.000,3.000,1.774,1.791,1.780,1.796,1.808,1.818,1.827,1.837,1.843,1.850,1.855,1.860,1.866,1.871,1.876,1.880,1.884,1.889,1.894,1.899,1.902,1.908,1.912,1.917,1.921,1.925,1.928,1.933,1.937,1.942,1.946,1.951,1.955,1.960,1.963,1.967,1.971,1.976,1.980,1.987,1.991,1.998,2.003,2.007,2.010,2.014,2.017,2.024,2.029,2.035,2.041,2.047,2.054,2.060,2.066,2.072,2.079,2.085,2.092,2.099,2.106,2.113,2.119,2.129,2.135,2.142,2.149,2.156,2.163,2.170,2.177,2.186,2.193,2.201,2.208,2.215,2.223,2.233,2.241,2.250,2.260,2.274,2.287,2.297,2.308,2.319,2.327,2.335,2.342,2.351,2.358,2.367,2.376,2.384,2.390,2.400,2.405,2.411,2.412,2.414,3.000,3.000,3.000,3.000,3.000,3.000,2.594,2.593,2.600,2.608,2.613,2.619,2.625,2.628,2.630,2.629,2.631,3.000,3.000,3.000,3.000,3.000,3.000
3.000,3.000,3.000,2.189,2.184,2.171,2.163,2.156,2.150,2.142,2.132,2.124,2.118,2.112,2.106,2.099,2.091,2.086,2.082,2.076,2.068,2.060,2.054,2.047,2.039,2.032,2.025,2.018,2.010,2.004,1.999,1.995,1.989,1.984,1.978,1.975,1.972,1.969,1.965,1.961,1.956,1.951,1.947,1.942,1.936,1.931,1.924,1.916,1.910,1.904,1.898,1.891,1.885,1.877,1.872,1.866,1.861,1.855,1.849,1.842,1.835,1.828,1.819,1.808,1.795,1.781,1.765,1.769,1.747,3.000,3.000,3.000,0.585,0.585,0.571,0.560,0.552,0.547,0.544,0.539,0.525,0.514,0.509,0.508,0.505,0.505,0.504,0.516,0.513,0.513,0.513,0.514,0.514,0.513,0.514,0.517,0.517,0.517,0.518,0.513,0.519,0.524,0.533,0.539,0.546,0.554,0.563,0.577,0.590,0.720,0.750,0.745,0.766,0.786,0.800,0.810,0.819,0.827,0.832,0.837,0.841,0.844,0.847,0.849,0.851,0.853,0.855,0.858,0.861,0.865,0.867,0.870,0.871,0.873,0.874,0.876,0.876,0.876,0.876,0.876,0.875,0.875,0.876,0.876,0.878,0.878,0.879,0.881,0.882,0.884,0.884,0.885,0.886,0.888,0.889,0.891,0.893,0.895,0.896,0.897,0.898,0.900,0.902,0.904,0.906,0.908,0.910,0.912,0.914,0.916,0.918,0.921,0.925,0.928,0.933,0.940,0.945,0.948,0.952,0.957,0.961,0.964,0.968,0.971,0.975,0.979,0.984,0.989,0.994,1.003,1.010,1.020,1.033,1.057,1.055,1.055,3.000,3.000,1.780,1.796,1.783,1.797,1.812,1.822,1.833,1.841,1.848,1.853,1.859,1.865,1.871,1.875,1.880,1.884,1.888,1.893,1.898,1.901,1.906,1.910,1.916,1.920,1.925,1.928,1.933,1.937,1.941,1.946,1.950,1.955,1.959,1.963,1.967,1.970,1.975,1.979,1.986,1.990,1.998,2.002,2.007,2.010,2.013,2.017,2.023,2.029,2.034,2.041,2.048,2.054,2.060,2.065,2.072,2.079,2.086,2.093,2.100,2.107,2.113,2.120,2.129,2.135,2.142,2.148,2.155,2.163,2.170,2.178,2.186,2.192,2.200,2.207,2.215,2.223,2.233,2.241,2.250,2.260,2.275,2.289,2.299,2.308,2.320,2.328,2.336,2.344,2.352,2.359,2.368,2.376,2.384,2.390,2.401,2.406,2.412,2.414,2.415,3.000,3.000,3.000,3.000,3.000,3.000,2.593,2.591,2.599,2.607,2.612,2.618,2.623,2.627,2.628,2.627,2.629,3.000,3.000,3.000,3.000,3.000,3.000
3.000,3.000,2.201,2.201,2.189,2.174,2.166,2.158,2.151,2.143,2.135,2.126,2.121,2.114,2.109,2.103,2.093,2.087,2.083,2.078,2.071,2.061,2.055,2.048,2.041,2.033,2.026,2.019,2.010,2.004,1.999,1.995,1.990,1.985,1.981,1.978,1.976,1.972,1.969,1.963,1.957,1.952,1.948,1.942,1.937,1.931,1.924,1.916,1.910,1.904,1.899,1.892,1.886,1.879,1.874,1.868,1.863,1.858,1.851,1.845,1.838,1.831,1.822,1.812,1.798,1.784,1.769,1.747,1.750,3.000,3.000,3.000,0.628,0.628,0.579,0.564,0.555,0.549,0.547,0.544,0.537,0.523,0.512,0.509,0.505,0.501,0.499,0.503,0.503,0.506,0.506,0.507,0.506,0.504,0.504,0.505,0.505,0.504,0.507,0.508,0.516,0.528,0.534,0.541,0.550,0.559,0.572,0.590,0.696,0.726,0.720,0.750,0.769,0.787,0.799,0.810,0.818,0.826,0.831,0.836,0.840,0.843,0.845,0.847,0.849,0.850,0.853,0.856,0.858,0.862,0.864,0.866,0.868,0.870,0.871,0.872,0.873,0.874,0.873,0.873,0.872,0.872,0.873,0.873,0.874,0.874,0.875,0.876,0.877,0.879,0.880,0.882,0.883,0.885,0.887,0.889,0.891,0.893,0.894,0.896,0.897,0.898,0.900,0.903,0.904,0.906,0.908,0.910,0.912,0.913,0.916,0.919,0.922,0.925,0.929,0.936,0.940,0.944,0.948,0.953,0.956,0.959,0.962,0.965,0.969,0.973,0.977,0.981,0.986,0.994,1.001,1.010,1.020,1.034,1.055,1.055,3.000,3.000,3.000,1.783,1.797,1.788,1.804,1.817,1.829,1.838,1.846,1.852,1.858,1.863,1.869,1.874,1.879,1.883,1.888,1.892,1.897,1.901,1.906,1.909,1.915,1.920,1.924,1.928,1.932,1.936,1.941,1.945,1.950,1.954,1.959,1.963,1.966,1.970,1.975,1.979,1.986,1.991,1.998,2.002,2.006,2.009,2.013,2.017,2.022,2.028,2.033,2.039,2.046,2.053,2.059,2.064,2.072,2.079,2.087,2.094,2.100,2.107,2.113,2.119,2.128,2.134,2.141,2.148,2.155,2.163,2.171,2.178,2.186,2.193,2.200,2.208,2.215,2.224,2.234,2.242,2.252,2.262,2.279,2.290,2.300,2.310,2.321,2.329,2.338,2.346,2.354,2.360,2.369,2.377,2.384,2.391,2.401,2.406,2.413,2.415,2.417,3.000,3.000,3.000,3.000,3.000,3.000,2.592,2.592,2.601,2.607,2.611,2.616,2.621,2.623,2.625,2.622,2.627,3.000,3.000,3.000,3.000,3.000,3.000
3.000,3.000,2.201,2.201,2.192,2.176,2.167,2.159,2.152,2.144,2.136,2.129,2.123,2.116,2.111,2.105,2.094,2.088,2.083,2.078,2.071,2.061,2.055,2.049,2.043,2.035,2.027,2.019,2.010,2.005,2.000,1.996,1.991,1.986,1.982,1.979,1.977,1.974,1.971,1.965,1.959,1.953,1.949,1.943,1.938,1.932,1.923,1.917,1.911,1.905,1.899,1.892,1.887,1.880,1.875,1.869,1.864,1.858,1.852,1.846,1.839,1.833,1.824,1.814,1.800,1.787,1.772,1.750,1.754,3.000,3.000,3.000,0.640,0.628,0.599,0.576,0.562,0.554,0.550,0.549,0.544,0.535,0.524,0.518,0.509,0.501,0.496,0.498,0.496,0.496,0.496,0.496,0.494,0.490,0.490,0.494,0.495,0.497,0.502,0.507,0.519,0.529,0.536,0.543,0.554,0.566,0.582,0.596,0.703,0.696,0.726,0.753,0.770,0.787,0.799,0.809,0.817,0.825,0.831,0.835,0.839,0.842,0.844,0.846,0.847,0.848,0.850,0.853,0.855,0.859,0.861,0.863,0.865,0.867,0.869,0.870,0.870,0.871,0.870,0.870,0.870,0.870,0.870,0.870,0.870,0.870,0.871,0.872,0.873,0.875,0.876,0.878,0.880,0.882,0.884,0.886,0.888,0.890,0.892,0.893,0.894,0.896,0.898,0.900,0.902,0.903,0.905,0.907,0.909,0.910,0.913,0.916,0.919,0.922,0.926,0.932,0.936,0.940,0.943,0.947,0.950,0.953,0.956,0.959,0.962,0.966,0.970,0.974,0.979,0.986,0.992,0.999,1.008,1.018,1.032,1.055,1.055,1.055,3.000,3.000,1.788,1.774,1.795,1.810,1.824,1.835,1.844,1.850,1.856,1.862,1.868,1.874,1.878,1.883,1.887,1.892,1.897,1.901,1.905,1.908,1.914,1.919,1.923,1.926,1.931,1.935,1.939,1.944,1.948,1.953,1.958,1.961,1.965,1.968,1.974,1.978,1.985,1.990,1.996,2.000,2.005,2.008,2.012,2.016,2.021,2.027,2.032,2.038,2.045,2.052,2.059,2.064,2.071,2.078,2.086,2.094,2.100,2.107,2.113,2.119,2.127,2.134,2.141,2.147,2.155,2.163,2.171,2.178,2.186,2.193,2.201,2.208,2.216,2.224,2.235,2.242,2.253,2.264,2.280,2.291,2.301,2.311,2.321,2.330,2.339,2.348,2.355,2.361,2.370,2.377,2.385,2.391,2.402,2.407,2.414,2.417,2.419,3.000,3.000,3.000,3.000,3.000,3.000,2.593,2.591,2.600,2.606,2.610,2.615,2.619,2.622,2.621,2.621,2.623,3.000,3.000,3.000,3.000,3.000,3.000
3.000,3.000,2.201,2.195,2.186,2.176,2.167,2.160,2.152,2.145,2.136,2.128,2.122,2.115,2.110,2.103,2.095,2.086,2.083,2.076,2.069,2.060,2.055,2.049,2.044,2.036,2.028,2.020,2.012,2.005,2.000,1.997,1.992,1.988,1.984,1.981,1.979,1.977,1.974,1.969,1.961,1.954,1.950,1.944,1.939,1.933,1.924,1.918,1.912,1.906,1.900,1.893,1.887,1.881,1.876,1.869,1.865,1.858,1.853,1.847,1.840,1.833,1.825,1.815,1.803,1.789,1.774,1.754,1.761,3.000,3.000,3.000,0.648,0.640,0.616,0.594,0.572,0.559,0.554,0.552,0.550,0.545,0.536,0.528,0.519,0.506,0.499,0.498,0.495,0.494,0.493,0.492,0.490,0.486,0.485,0.487,0.490,0.494,0.502,0.509,0.522,0.530,0.537,0.545,0.559,0.573,0.596,0.682,0.708,0.703,0.730,0.756,0.772,0.788,0.799,0.809,0.817,0.824,0.830,0.835,0.838,0.841,0.843,0.844,0.845,0.846,0.848,0.851,0.853,0.856,0.859,0.861,0.863,0.865,0.867,0.868,0.868,0.869,0.868,0.868,0.868,0.867,0.867,0.867,0.867,0.867,0.868,0.869,0.869,0.870,0.871,0.872,0.874,0.876,0.878,0.880,0.883,0.886,0.887,0.888,0.889,0.890,0.892,0.895,0.897,0.898,0.900,0.902,0.904,0.906,0.908,0.912,0.915,0.919,0.922,0.927,0.932,0.936,0.939,0.943,0.946,0.949,0.951,0.954,0.957,0.960,0.964,0.967,0.971,0.978,0.983,0.990,0.998,1.008,1.020,1.033,1.055,1.055,3.000,3.000,1.774,1.795,1.786,1.805,1.821,1.832,1.841,1.849,1.855,1.860,1.866,1.873,1.878,1.882,1.887,1.892,1.896,1.900,1.904,1.907,1.912,1.917,1.922,1.925,1.929,1.933,1.938,1.943,1.948,1.953,1.957,1.960,1.964,1.967,1.972,1.976,1.983,1.988,1.994,1.999,2.004,2.007,2.011,2.015,2.021,2.027,2.032,2.039,2.046,2.052,2.059,2.064,2.072,2.078,2.086,2.093,2.100,2.106,2.112,2.119,2.127,2.134,2.141,2.148,2.155,2.163,2.170,2.178,2.186,2.194,2.202,2.209,2.217,2.225,2.235,2.244,2.254,2.267,2.280,2.291,2.301,2.312,2.322,2.331,2.341,2.348,2.355,2.361,2.370,2.377,2.386,2.391,2.402,2.407,2.414,2.419,2.419,3.000,3.000,3.000,3.000,3.000,3.000,2.593,2.593,2.600,2.605,2.610,2.616,2.619,2.622,2.623,2.623,2.624,3.000,3.000,3.000,3.000,3.000,3.000
3.000,3.000,2.195,2.189,2.183,2.175,2.167,2.159,2.152,2.145,2.136,2.128,2.122,2.115,2.110,2.103,2.094,2.085,2.081,2.073,2.067,2.059,2.054,2.048,2.042,2.034,2.027,2.019,2.010,2.004,2.000,1.996,1.991,1.987,1.984,1.982,1.980,1.978,1.975,1.970,1.963,1.955,1.951,1.944,1.940,1.933,1.925,1.918,1.913,1.906,1.901,1.893,1.888,1.882,1.877,1.869,1.865,1.858,1.853,1.848,1.841,1.834,1.826,1.816,1.805,1.792,1.778,1.761,1.768,3.000,3.000,3.000,0.648,0.648,0.625,0.607,0.579,0.563,0.555,0.554,0.554,0.551,0.549,0.539,0.534,0.526,0.507,0.506,0.498,0.496,0.494,0.494,0.492,0.487,0.485,0.486,0.490,0.494,0.505,0.513,0.524,0.532,0.539,0.548,0.565,0.581,0.623,0.648,0.682,0.708,0.733,0.757,0.773,0.788,0.799,0.808,0.816,0.824,0.829,0.834,0.837,0.840,0.842,0.843,0.844,0.845,0.846,0.849,0.851,0.854,0.856,0.859,0.860,0.862,0.864,0.865,0.865,0.865,0.865,0.865,0.865,0.865,0.864,0.864,0.863,0.864,0.864,0.865,0.866,0.866,0.867,0.868,0.870,0.872,0.873,0.875,0.877,0.880,0.882,0.883,0.884,0.886,0.887,0.889,0.891,0.893,0.895,0.897,0.899,0.901,0.904,0.907,0.911,0.915,0.918,0.923,0.927,0.931,0.934,0.938,0.941,0.943,0.946,0.948,0.951,0.954,0.957,0.961,0.965,0.971,0.976,0.983,0.990,0.998,1.009,1.020,1.035,1.055,1.038,3.000,3.000,1.786,1.805,1.799,1.817,1.829,1.839,1.847,1.853,1.859,1.865,1.872,1.877,1.881,1.886,1.891,1.895,1.899,1.903,1.906,1.910,1.914,1.919,1.922,1.927,1.932,1.937,1.941,1.946,1.952,1.956,1.959,1.963,1.966,1.971,1.976,1.982,1.987,1.993,1.998,2.003,2.007,2.011,2.015,2.020,2.027,2.032,2.039,2.045,2.052,2.058,2.064,2.071,2.077,2.085,2.091,2.099,2.106,2.112,2.119,2.127,2.135,2.141,2.148,2.155,2.162,2.170,2.177,2.186,2.194,2.203,2.210,2.217,2.226,2.237,2.245,2.256,2.267,2.280,2.290,2.301,2.311,2.321,2.330,2.340,2.348,2.355,2.360,2.370,2.377,2.386,2.391,2.401,2.407,2.413,2.419,2.421,3.000,3.000,3.000,3.000,3.000,3.000,2.593,2.592,2.599,2.604,2.608,2.615,2.620,2.622,2.623,2.624,2.626,3.000,3.000,3.000,3.000,3.000,3.000
3.000,3.000,2.189,2.183,2.179,2.170,2.162,2.155,2.150,2.143,2.136,2.128,2.123,2.116,2.111,2.103,2.094,2.086,2.081,2.074,2.067,2.059,2.054,2.048,2.042,2.033,2.026,2.018,2.008,2.003,1.999,1.995,1.991,1.987,1.984,1.982,1.980,1.978,1.976,1.971,1.963,1.957,1.952,1.945,1.940,1.934,1.926,1.919,1.913,1.907,1.900,1.894,1.888,1.883,1.877,1.871,1.866,1.859,1.854,1.849,1.843,1.837,1.827,1.819,1.808,1.797,1.783,1.768,1.775,1.753,3.000,3.000,0.648,0.648,0.637,0.619,0.597,0.568,0.558,0.555,0.556,0.556,0.556,0.548,0.545,0.540,0.530,0.520,0.511,0.507,0.503,0.501,0.499,0.492,0.490,0.490,0.493,0.497,0.509,0.516,0.527,0.535,0.542,0.553,0.574,0.608,0.636,0.658,0.688,0.712,0.735,0.756,0.772,0.788,0.799,0.807,0.815,0.824,0.829,0.833,0.836,0.839,0.841,0.842,0.842,0.843,0.844,0.847,0.849,0.852,0.854,0.856,0.857,0.859,0.860,0.861,0.861,0.862,0.862,0.862,0.862,0.862,0.862,0.861,0.860,0.861,0.861,0.862,0.863,0.863,0.864,0.865,0.866,0.868,0.869,0.871,0.872,0.874,0.875,0.877,0.878,0.880,0.881,0.883,0.885,0.887,0.889,0.892,0.894,0.897,0.900,0.903,0.908,0.911,0.915,0.919,0.922,0.927,0.930,0.933,0.936,0.938,0.941,0.943,0.945,0.948,0.951,0.955,0.959,0.964,0.970,0.976,0.983,0.991,1.000,1.010,1.023,1.038,1.048,1.048,3.000,3.000,1.799,1.790,1.812,1.825,1.835,1.844,1.852,1.858,1.864,1.871,1.877,1.882,1.886,1.890,1.895,1.898,1.902,1.905,1.910,1.913,1.918,1.921,1.925,1.930,1.936,1.940,1.945,1.951,1.955,1.959,1.962,1.966,1.971,1.975,1.981,1.986,1.992,1.997,2.003,2.007,2.011,2.014,2.020,2.025,2.030,2.038,2.043,2.050,2.057,2.062,2.069,2.076,2.083,2.089,2.097,2.105,2.112,2.118,2.126,2.134,2.141,2.148,2.154,2.161,2.168,2.175,2.185,2.193,2.202,2.209,2.217,2.226,2.237,2.245,2.255,2.266,2.279,2.289,2.301,2.311,2.321,2.330,2.340,2.348,2.355,2.361,2.370,2.378,2.388,2.392,2.403,2.408,2.415,2.421,2.429,2.429,3.000,3.000,3.000,3.000,3.000,2.592,2.590,2.599,2.604,2.609,2.617,2.621,2.624,2.625,2.626,2.628,3.000,3.000,3.000,3.000,3.000,3.000
3.000,3.000,2.183,2.181,2.177,2.168,2.158,2.153,2.149,2.142,2.136,2.127,2.123,2.116,2.112,2.104,2.096,2.088,2.082,2.074,2.067,2.059,2.054,2.048,2.041,2.033,2.025,2.017,2.008,2.003,1.999,1.995,1.990,1.987,1.984,1.982,1.981,1.979,1.976,1.972,1.964,1.957,1.953,1.946,1.941,1.935,1.927,1.920,1.914,1.907,1.901,1.894,1.889,1.884,1.879,1.873,1.868,1.861,1.856,1.851,1.845,1.840,1.830,1.821,1.810,1.800,1.788,1.775,1.753,1.763,3.000,3.000,3.000,0.653,0.645,0.629,0.611,0.572,0.559,0.553,0.551,0.555,0.558,0.555,0.553,0.550,0.547,0.542,0.533,0.524,0.524,0.518,0.513,0.503,0.498,0.499,0.501,0.505,0.517,0.524,0.535,0.544,0.551,0.570,0.603,0.625,0.646,0.666,0.693,0.716,0.737,0.756,0.772,0.788,0.798,0.807,0.814,0.823,0.828,0.832,0.835,0.838,0.840,0.840,0.841,0.841,0.842,0.845,0.847,0.849,0.852,0.853,0.855,0.856,0.857,0.857,0.858,0.858,0.859,0.859,0.859,0.859,0.859,0.858,0.857,0.858,0.858,0.860,0.860,0.861,0.861,0.862,0.863,0.864,0.865,0.867,0.868,0.869,0.870,0.872,0.874,0.876,0.878,0.880,0.881,0.883,0.885,0.888,0.890,0.893,0.896,0.900,0.904,0.908,0.911,0.915,0.919,0.922,0.925,0.928,0.931,0.934,0.936,0.938,0.941,0.944,0.946,0.950,0.954,0.959,0.964,0.970,0.978,0.985,0.993,1.002,1.014,1.026,1.048,1.048,3.000,3.000,1.790,1.812,1.808,1.822,1.833,1.842,1.850,1.857,1.863,1.870,1.876,1.881,1.885,1.889,1.894,1.898,1.901,1.905,1.909,1.913,1.918,1.921,1.925,1.931,1.936,1.940,1.944,1.951,1.955,1.959,1.963,1.967,1.971,1.975,1.980,1.985,1.992,1.997,2.003,2.007,2.011,2.015,2.019,2.025,2.030,2.037,2.042,2.049,2.056,2.062,2.068,2.075,2.082,2.088,2.096,2.104,2.111,2.118,2.126,2.134,2.141,2.148,2.154,2.161,2.169,2.175,2.184,2.193,2.202,2.209,2.216,2.225,2.236,2.244,2.254,2.266,2.278,2.288,2.300,2.310,2.321,2.330,2.341,2.348,2.355,2.361,2.370,2.379,2.389,2.393,2.404,2.409,2.416,2.422,2.429,2.429,3.000,3.000,3.000,3.000,3.000,2.590,2.589,2.598,2.604,2.609,2.617,2.622,2.625,2.626,2.628,2.628,3.000,3.000,3.000,3.000,3.000,3.000
3.000,3.000,2.183,2.183,2.179,2.171,2.165,2.160,2.156,2.150,2.144,2.134,2.127,2.120,2.116,2.109,2.102,2.092,2.086,2.077,2.069,2.060,2.055,2.048,2.043,2.033,2.026,2.019,2.011,2.006,2.002,1.999,1.993,1.988,1.985,1.983,1.982,1.980,1.978,1.972,1.966,1.959,1.955,1.947,1.943,1.937,1.931,1.922,1.916,1.909,1.903,1.897,1.892,1.886,1.881,1.874,1.869,1.862,1.857,1.852,1.847,1.842,1.834,1.824,1.814,1.804,1.793,1.781,1.763,1.768,3.000,3.000,3.000,0.660,0.653,0.637,0.622,0.603,0.569,0.558,0.554,0.556,0.561,0.560,0.560,0.559,0.561,0.559,0.557,0.550,0.539,0.532,0.526,0.513,0.508,0.508,0.511,0.515,0.527,0.536,0.550,0.561,0.576,0.594,0.615,0.635,0.656,0.674,0.697,0.719,0.738,0.756,0.771,0.788,0.798,0.807,0.814,0.824,0.829,0.832,0.835,0.837,0.839,0.839,0.840,0.840,0.841,0.842,0.845,0.847,0.849,0.851,0.852,0.853,0.854,0.855,0.855,0.856,0.856,0.856,0.857,0.857,0.857,0.856,0.855,0.855,0.856,0.857,0.858,0.858,0.859,0.859,0.861,0.862,0.863,0.864,0.865,0.866,0.868,0.869,0.871,0.873,0.875,0.877,0.879,0.881,0.883,0.885,0.887,0.889,0.892,0.896,0.901,0.905,0.908,0.912,0.915,0.918,0.921,0.924,0.927,0.929,0.931,0.934,0.936,0.939,0.942,0.946,0.949,0.954,0.959,0.965,0.973,0.979,0.986,0.995,1.006,1.017,1.033,1.048,1.045,3.000,3.000,1.808,1.802,1.818,1.830,1.839,1.849,1.855,1.862,1.868,1.875,1.879,1.884,1.888,1.893,1.897,1.901,1.904,1.909,1.913,1.917,1.921,1.925,1.931,1.935,1.939,1.943,1.950,1.955,1.958,1.962,1.966,1.971,1.974,1.979,1.984,1.991,1.997,2.002,2.006,2.010,2.014,2.019,2.024,2.029,2.035,2.042,2.048,2.055,2.061,2.068,2.075,2.081,2.088,2.094,2.103,2.111,2.118,2.125,2.133,2.141,2.148,2.155,2.161,2.169,2.175,2.184,2.193,2.202,2.209,2.216,2.224,2.235,2.243,2.254,2.265,2.277,2.288,2.299,2.309,2.320,2.330,2.341,2.348,2.355,2.361,2.373,2.379,2.390,2.394,2.405,2.410,2.418,2.422,2.429,2.430,3.000,3.000,3.000,3.000,3.000,2.589,2.581,2.593,2.601,2.607,2.614,2.620,2.623,2.626,2.627,2.628,3.000,3.000,3.000,3.000,3.000,3.000
3.000,3.000,2.184,2.183,2.179,2.172,2.167,2.162,2.159,2.152,2.146,2.137,2.130,2.124,2.119,2.113,2.106,2.097,2.090,2.081,2.072,2.062,2.057,2.051,2.046,2.035,2.027,2.021,2.013,2.009,2.005,2.001,1.996,1.990,1.986,1.984,1.983,1.982,1.979,1.973,1.967,1.961,1.956,1.948,1.945,1.939,1.933,1.924,1.918,1.912,1.906,1.899,1.894,1.889,1.884,1.879,1.874,1.865,1.859,1.854,1.849,1.844,1.836,1.827,1.817,1.807,1.796,1.785,1.768,1.775,3.000,3.000,3.000,0.669,0.660,0.643,0.629,0.615,0.589,0.562,0.554,0.551,0.551,0.556,0.559,0.559,0.563,0.562,0.562,0.556,0.550,0.544,0.540,0.532,0.522,0.522,0.525,0.533,0.543,0.554,0.568,0.578,0.590,0.610,0.626,0.644,0.663,0.680,0.700,0.721,0.739,0.756,0.771,0.788,0.798,0.806,0.814,0.824,0.828,0.832,0.834,0.836,0.838,0.838,0.838,0.838,0.839,0.840,0.842,0.845,0.847,0.849,0.850,0.851,0.852,0.852,0.852,0.853,0.853,0.854,0.854,0.854,0.855,0.854,0.853,0.854,0.854,0.855,0.856,0.856,0.856,0.857,0.858,0.859,0.860,0.862,0.863,0.864,0.865,0.867,0.869,0.871,0.873,0.875,0.877,0.879,0.880,0.883,0.885,0.887,0.890,0.893,0.898,0.901,0.904,0.908,0.911,0.914,0.917,0.919,0.922,0.925,0.927,0.930,0.932,0.935,0.938,0.941,0.945,0.949,0.954,0.960,0.968,0.974,0.981,0.989,1.000,1.010,1.024,1.045,1.045,3.000,3.000,1.802,1.797,1.815,1.827,1.837,1.846,1.854,1.861,1.867,1.873,1.878,1.883,1.887,1.891,1.895,1.900,1.903,1.908,1.912,1.917,1.921,1.926,1.931,1.935,1.939,1.943,1.949,1.954,1.958,1.962,1.967,1.971,1.974,1.979,1.984,1.991,1.997,2.002,2.006,2.010,2.014,2.019,2.024,2.028,2.034,2.041,2.048,2.054,2.060,2.068,2.075,2.081,2.088,2.094,2.102,2.110,2.118,2.125,2.133,2.140,2.148,2.155,2.161,2.169,2.175,2.183,2.192,2.201,2.208,2.216,2.224,2.234,2.243,2.254,2.265,2.277,2.288,2.299,2.309,2.320,2.330,2.341,2.349,2.357,2.363,2.374,2.380,2.391,2.395,2.406,2.412,2.420,2.423,2.430,2.432,3.000,3.000,3.000,3.000,3.000,2.581,2.581,2.591,2.600,2.607,2.614,2.620,2.623,2.626,2.627,2.628,3.000,3.000,3.000,3.000,3.000,3.000
3.000,3.000,2.189,2.184,2.182,2.174,2.170,2.164,2.161,2.154,2.148,2.138,2.132,2.127,2.123,2.116,2.110,2.102,2.094,2.084,2.077,2.066,2.062,2.055,2.049,2.040,2.030,2.023,2.016,2.011,2.007,2.003,1.997,1.993,1.988,1.986,1.985,1.983,1.980,1.975,1.967,1.961,1.957,1.951,1.947,1.940,1.935,1.928,1.921,1.914,1.908,1.900,1.895,1.890,1.885,1.879,1.873,1.866,1.860,1.856,1.851,1.847,1.838,1.829,1.820,1.810,1.800,1.789,1.775,1.779,3.000,3.000,3.000,0.669,0.669,0.650,0.636,0.625,0.608,0.568,0.557,0.551,0.548,0.548,0.553,0.555,0.558,0.560,0.560,0.558,0.555,0.553,0.552,0.553,0.556,0.559,0.564,0.568,0.573,0.576,0.583,0.591,0.602,0.621,0.638,0.655,0.671,0.686,0.704,0.722,0.740,0.756,0.771,0.787,0.798,0.806,0.814,0.823,0.827,0.831,0.833,0.835,0.836,0.836,0.836,0.836,0.837,0.838,0.840,0.842,0.845,0.847,0.848,0.849,0.849,0.850,0.850,0.851,0.851,0.852,0.852,0.852,0.853,0.852,0.852,0.852,0.852,0.853,0.854,0.854,0.854,0.855,0.856,0.858,0.859,0.860,0.861,0.862,0.864,0.866,0.867,0.869,0.871,0.873,0.875,0.877,0.878,0.880,0.882,0.884,0.886,0.889,0.895,0.898,0.901,0.905,0.908,0.910,0.913,0.915,0.918,0.921,0.923,0.925,0.927,0.931,0.934,0.937,0.940,0.944,0.949,0.956,0.963,0.969,0.975,0.983,0.993,1.003,1.015,1.032,1.045,3.000,3.000,1.797,1.815,1.810,1.824,1.834,1.845,1.852,1.860,1.866,1.872,1.877,1.882,1.886,1.891,1.895,1.899,1.902,1.908,1.912,1.916,1.921,1.926,1.931,1.936,1.939,1.943,1.950,1.954,1.958,1.962,1.967,1.971,1.975,1.979,1.985,1.992,1.997,2.002,2.006,2.010,2.013,2.018,2.024,2.029,2.034,2.041,2.047,2.054,2.061,2.068,2.076,2.082,2.088,2.094,2.101,2.109,2.117,2.125,2.133,2.141,2.148,2.155,2.161,2.168,2.175,2.184,2.191,2.200,2.207,2.215,2.223,2.235,2.243,2.255,2.265,2.277,2.287,2.298,2.309,2.320,2.329,2.341,2.349,2.358,2.364,2.373,2.380,2.391,2.397,2.408,2.414,2.420,2.424,2.432,2.433,3.000,3.000,3.000,3.000,3.000,2.581,2.580,2.590,2.599,2.607,2.616,2.618,2.622,2.626,2.628,2.628,3.000,3.000,3.000,3.000,3.000,3.000
3.000,3.000,2.193,2.189,2.186,2.179,2.177,2.173,2.167,2.157,2.150,2.141,2.135,2.131,2.126,2.119,2.113,2.105,2.097,2.087,2.080,2.071,2.066,2.058,2.052,2.043,2.032,2.025,2.019,2.013,2.009,2.005,1.999,1.995,1.990,1.988,1.987,1.984,1.981,1.976,1.967,1.962,1.957,1.952,1.948,1.942,1.937,1.930,1.924,1.917,1.911,1.903,1.897,1.891,1.887,1.880,1.875,1.868,1.862,1.858,1.853,1.849,1.840,1.832,1.823,1.813,1.804,1.793,1.779,1.784,1.753,3.000,3.000,0.669,0.669,0.658,0.644,0.634,0.622,0.607,0.574,0.557,0.550,0.547,0.545,0.546,0.552,0.555,0.556,0.555,0.554,0.554,0.554,0.556,0.560,0.564,0.569,0.574,0.579,0.583,0.590,0.598,0.609,0.628,0.645,0.662,0.677,0.691,0.707,0.724,0.741,0.757,0.771,0.787,0.798,0.807,0.814,0.822,0.827,0.830,0.832,0.834,0.835,0.835,0.834,0.834,0.835,0.836,0.837,0.840,0.842,0.845,0.846,0.847,0.847,0.848,0.849,0.849,0.849,0.850,0.851,0.851,0.852,0.851,0.851,0.851,0.851,0.852,0.853,0.853,0.853,0.854,0.855,0.856,0.857,0.858,0.859,0.861,0.862,0.864,0.866,0.868,0.870,0.871,0.873,0.875,0.877,0.878,0.880,0.882,0.884,0.886,0.892,0.895,0.898,0.901,0.904,0.907,0.909,0.911,0.914,0.916,0.919,0.921,0.923,0.926,0.930,0.933,0.937,0.941,0.945,0.952,0.959,0.965,0.971,0.979,0.988,0.997,1.010,1.025,1.039,1.039,3.000,3.000,1.810,1.807,1.821,1.832,1.843,1.851,1.859,1.865,1.871,1.876,1.881,1.885,1.890,1.894,1.899,1.902,1.908,1.911,1.916,1.921,1.926,1.931,1.936,1.939,1.944,1.949,1.953,1.958,1.962,1.966,1.971,1.974,1.979,1.984,1.991,1.996,2.001,2.005,2.009,2.012,2.017,2.022,2.027,2.032,2.038,2.045,2.052,2.058,2.067,2.075,2.081,2.087,2.092,2.100,2.108,2.117,2.125,2.133,2.140,2.147,2.155,2.161,2.169,2.175,2.184,2.192,2.200,2.208,2.216,2.225,2.236,2.245,2.256,2.267,2.277,2.287,2.298,2.309,2.320,2.329,2.340,2.350,2.358,2.364,2.373,2.380,2.390,2.398,2.409,2.415,2.422,2.425,2.433,2.433,3.000,3.000,3.000,3.000,3.000,2.586,2.581,2.591,2.600,2.611,2.618,2.619,2.621,2.625,2.628,2.628,3.000,3.000,3.000,3.000,3.000,3.000
3.000,3.000,2.197,2.193,2.189,2.184,2.181,2.176,2.170,2.160,2.152,2.143,2.137,2.134,2.129,2.122,2.115,2.108,2.100,2.089,2.082,2.074,2.069,2.061,2.054,2.045,2.034,2.028,2.022,2.016,2.011,2.007,2.001,1.997,1.993,1.991,1.988,1.985,1.981,1.975,1.967,1.961,1.957,1.952,1.948,1.943,1.938,1.931,1.926,1.919,1.913,1.906,1.900,1.894,1.889,1.883,1.877,1.870,1.864,1.860,1.855,1.851,1.843,1.835,1.826,1.817,1.807,1.797,1.784,1.753,1.765,3.000,3.000,3.000,0.682,0.667,0.651,0.641,0.630,0.616,0.588,0.566,0.553,0.546,0.541,0.539,0.539,0.538,0.537,0.539,0.540,0.542,0.544,0.546,0.549,0.554,0.562,0.568,0.577,0.583,0.592,0.601,0.614,0.637,0.652,0.667,0.681,0.695,0.709,0.724,0.741,0.757,0.772,0.787,0.798,0.808,0.815,0.823,0.827,0.830,0.832,0.834,0.834,0.833,0.833,0.833,0.833,0.834,0.835,0.837,0.840,0.842,0.844,0.845,0.846,0.847,0.847,0.847,0.848,0.848,0.849,0.850,0.851,0.850,0.850,0.850,0.850,0.852,0.852,0.852,0.852,0.853,0.854,0.855,0.856,0.857,0.858,0.859,0.861,0.863,0.865,0.867,0.869,0.870,0.872,0.874,0.875,0.877,0.879,0.880,0.882,0.884,0.889,0.892,0.895,0.898,0.900,0.903,0.905,0.908,0.910,0.912,0.914,0.917,0.919,0.922,0.926,0.930,0.933,0.937,0.941,0.947,0.954,0.961,0.967,0.975,0.983,0.992,1.003,1.017,1.039,1.039,3.000,3.000,1.807,1.802,1.818,1.829,1.841,1.849,1.857,1.864,1.870,1.875,1.880,1.885,1.890,1.894,1.898,1.901,1.907,1.911,1.916,1.921,1.926,1.931,1.935,1.939,1.943,1.948,1.952,1.957,1.961,1.965,1.970,1.974,1.979,1.985,1.991,1.996,2.000,2.004,2.007,2.010,2.015,2.019,2.025,2.029,2.036,2.042,2.049,2.055,2.064,2.073,2.079,2.085,2.091,2.098,2.108,2.117,2.125,2.133,2.140,2.147,2.155,2.162,2.169,2.176,2.184,2.192,2.201,2.208,2.217,2.226,2.236,2.245,2.257,2.267,2.278,2.288,2.298,2.309,2.319,2.328,2.339,2.348,2.357,2.364,2.373,2.380,2.390,2.397,2.409,2.416,2.422,2.426,2.431,2.433,3.000,3.000,3.000,3.000,3.000,2.588,2.586,2.594,2.604,2.613,2.620,2.623,2.624,2.624,2.627,2.628,3.000,3.000,3.000,3.000,3.000,3.000
3.000,3.000,2.198,2.197,2.192,2.187,2.182,2.178,2.172,2.162,2.153,2.143,2.138,2.134,2.130,2.123,2.116,2.109,2.102,2.091,2.084,2.077,2.071,2.063,2.056,2.047,2.037,2.030,2.025,2.018,2.013,2.008,2.002,1.998,1.995,1.993,1.991,1.986,1.982,1.975,1.968,1.962,1.957,1.952,1.949,1.945,1.940,1.933,1.927,1.920,1.914,1.908,1.902,1.895,1.891,1.884,1.878,1.872,1.867,1.862,1.857,1.853,1.845,1.838,1.830,1.820,1.811,1.801,1.789,1.765,1.775,3.000,3.000,3.000,0.697,0.682,0.663,0.652,0.642,0.630,0.618,0.591,0.570,0.560,0.549,0.546,0.544,0.542,0.541,0.541,0.543,0.545,0.547,0.550,0.553,0.557,0.565,0.572,0.581,0.589,0.598,0.609,0.626,0.644,0.660,0.672,0.685,0.699,0.712,0.726,0.742,0.758,0.773,0.787,0.799,0.809,0.816,0.823,0.827,0.830,0.832,0.833,0.834,0.832,0.832,0.832,0.832,0.832,0.834,0.835,0.838,0.841,0.842,0.844,0.844,0.845,0.845,0.846,0.846,0.847,0.848,0.848,0.849,0.849,0.849,0.850,0.850,0.851,0.851,0.851,0.851,0.852,0.853,0.854,0.854,0.856,0.857,0.858,0.860,0.862,0.864,0.865,0.867,0.869,0.871,0.872,0.874,0.875,0.877,0.878,0.880,0.882,0.886,0.889,0.892,0.894,0.897,0.899,0.901,0.903,0.905,0.908,0.910,0.912,0.915,0.918,0.921,0.925,0.929,0.932,0.936,0.942,0.950,0.958,0.964,0.971,0.979,0.987,0.998,1.010,1.031,1.039,3.000,3.000,1.802,1.795,1.814,1.826,1.838,1.847,1.855,1.862,1.869,1.874,1.879,1.885,1.889,1.893,1.897,1.901,1.906,1.910,1.915,1.920,1.926,1.931,1.935,1.939,1.942,1.947,1.951,1.956,1.960,1.965,1.970,1.974,1.978,1.985,1.991,1.995,1.999,2.003,2.006,2.009,2.014,2.018,2.023,2.027,2.033,2.039,2.046,2.052,2.059,2.070,2.077,2.083,2.089,2.096,2.107,2.116,2.124,2.132,2.140,2.147,2.155,2.162,2.169,2.176,2.184,2.193,2.201,2.209,2.217,2.226,2.237,2.246,2.257,2.268,2.279,2.288,2.299,2.310,2.320,2.328,2.340,2.350,2.358,2.365,2.374,2.381,2.391,2.399,2.410,2.417,2.423,2.428,2.432,2.435,3.000,3.000,3.000,3.000,3.000,2.590,2.588,2.596,2.606,2.614,2.621,2.625,2.626,2.626,2.627,2.627,3.000,3.000,3.000,3.000,3.000,3.000
3.000,3.000,2.198,2.198,2.195,2.190,2.184,2.179,2.172,2.163,2.153,2.145,2.140,2.136,2.132,2.126,2.119,2.112,2.105,2.094,2.086,2.079,2.074,2.066,2.058,2.049,2.040,2.032,2.026,2.020,2.014,2.010,2.004,1.999,1.996,1.994,1.991,1.987,1.983,1.976,1.970,1.965,1.959,1.955,1.951,1.947,1.942,1.934,1.927,1.921,1.914,1.908,1.902,1.896,1.892,1.886,1.880,1.874,1.869,1.864,1.859,1.855,1.847,1.841,1.832,1.825,1.815,1.806,1.794,1.775,1.782,1.754,3.000,3.000,0.707,0.697,0.675,0.664,0.654,0.646,0.636,0.619,0.594,0.583,0.574,0.568,0.562,0.557,0.555,0.553,0.554,0.555,0.558,0.560,0.564,0.568,0.573,0.581,0.590,0.599,0.611,0.621,0.637,0.655,0.667,0.679,0.690,0.704,0.716,0.729,0.743,0.759,0.775,0.789,0.800,0.811,0.817,0.824,0.827,0.830,0.832,0.833,0.833,0.832,0.831,0.831,0.831,0.831,0.832,0.834,0.837,0.839,0.841,0.842,0.843,0.844,0.844,0.845,0.845,0.846,0.847,0.847,0.848,0.848,0.848,0.848,0.848,0.849,0.850,0.850,0.850,0.851,0.852,0.853,0.853,0.855,0.856,0.857,0.859,0.860,0.862,0.864,0.866,0.868,0.869,0.871,0.872,0.874,0.875,0.876,0.878,0.880,0.883,0.887,0.889,0.891,0.893,0.895,0.897,0.899,0.901,0.904,0.906,0.908,0.911,0.914,0.918,0.922,0.925,0.929,0.933,0.938,0.946,0.954,0.960,0.967,0.975,0.983,0.993,1.004,1.023,1.031,3.000,3.000,1.795,1.793,1.811,1.823,1.836,1.845,1.854,1.860,1.868,1.873,1.879,1.884,1.889,1.893,1.897,1.901,1.905,1.909,1.914,1.920,1.925,1.929,1.933,1.937,1.941,1.945,1.950,1.954,1.959,1.963,1.968,1.973,1.978,1.983,1.990,1.994,1.999,2.003,2.006,2.009,2.013,2.017,2.022,2.025,2.031,2.036,2.044,2.049,2.056,2.067,2.074,2.080,2.086,2.092,2.102,2.113,2.121,2.130,2.138,2.145,2.153,2.161,2.169,2.176,2.184,2.192,2.200,2.208,2.215,2.225,2.236,2.245,2.256,2.267,2.279,2.288,2.299,2.309,2.320,2.329,2.341,2.351,2.359,2.366,2.376,2.384,2.394,2.403,2.413,2.419,2.427,2.432,2.435,2.435,3.000,3.000,3.000,3.000,3.000,2.590,2.590,2.599,2.606,2.613,2.621,2.625,2.626,2.627,2.627,2.627,2.620,3.000,3.000,3.000,3.000,3.000
3.000,3.000,2.198,2.198,2.195,2.190,2.183,2.177,2.170,2.162,2.154,2.146,2.141,2.137,2.133,2.127,2.121,2.113,2.106,2.096,2.088,2.081,2.075,2.068,2.059,2.050,2.040,2.033,2.027,2.021,2.015,2.010,2.005,2.000,1.996,1.994,1.991,1.987,1.983,1.976,1.970,1.966,1.961,1.956,1.953,1.948,1.943,1.935,1.929,1.922,1.915,1.909,1.904,1.898,1.894,1.888,1.882,1.877,1.872,1.867,1.862,1.859,1.852,1.846,1.837,1.829,1.820,1.811,1.799,1.782,1.754,1.762,3.000,3.000,0.707,0.707,0.685,0.674,0.664,0.656,0.648,0.638,0.619,0.601,0.593,0.585,0.578,0.574,0.569,0.566,0.567,0.569,0.570,0.573,0.576,0.580,0.585,0.593,0.603,0.613,0.624,0.635,0.652,0.664,0.675,0.686,0.697,0.709,0.719,0.732,0.745,0.761,0.777,0.791,0.801,0.812,0.818,0.824,0.828,0.831,0.832,0.833,0.833,0.831,0.830,0.830,0.830,0.830,0.831,0.832,0.835,0.837,0.839,0.840,0.841,0.842,0.843,0.843,0.844,0.845,0.846,0.846,0.847,0.847,0.847,0.847,0.848,0.849,0.849,0.849,0.850,0.850,0.851,0.852,0.853,0.854,0.855,0.856,0.858,0.859,0.861,0.863,0.865,0.866,0.868,0.869,0.871,0.872,0.873,0.875,0.876,0.878,0.881,0.884,0.886,0.888,0.890,0.891,0.893,0.895,0.896,0.898,0.901,0.903,0.907,0.911,0.914,0.918,0.922,0.926,0.929,0.935,0.942,0.950,0.956,0.964,0.971,0.980,0.989,1.001,1.017,1.038,1.038,3.000,1.793,1.789,1.808,1.821,1.834,1.844,1.853,1.859,1.867,1.872,1.878,1.884,1.888,1.892,1.896,1.899,1.904,1.907,1.912,1.918,1.923,1.927,1.931,1.935,1.939,1.943,1.948,1.953,1.957,1.962,1.967,1.972,1.976,1.982,1.988,1.993,1.998,2.002,2.005,2.007,2.011,2.015,2.019,2.023,2.029,2.033,2.041,2.045,2.052,2.062,2.070,2.076,2.082,2.088,2.098,2.108,2.117,2.126,2.135,2.142,2.150,2.159,2.168,2.175,2.183,2.191,2.199,2.206,2.214,2.223,2.236,2.245,2.255,2.265,2.278,2.288,2.298,2.308,2.320,2.329,2.340,2.350,2.359,2.366,2.376,2.383,2.394,2.403,2.413,2.419,2.426,2.431,2.433,2.435,3.000,3.000,3.000,3.000,3.000,2.590,2.600,2.600,2.607,2.613,2.620,2.625,2.626,2.626,2.625,2.620,2.620,3.000,3.000,3.000,3.000,3.000
3.000,3.000,3.000,2.196,2.196,2.190,2.183,2.177,2.170,2.163,2.155,2.148,2.143,2.139,2.134,2.129,2.122,2.115,2.107,2.098,2.089,2.082,2.076,2.069,2.059,2.049,2.041,2.033,2.027,2.021,2.016,2.010,2.004,2.000,1.997,1.994,1.991,1.987,1.983,1.978,1.972,1.967,1.963,1.958,1.955,1.951,1.946,1.938,1.931,1.924,1.918,1.912,1.907,1.901,1.897,1.892,1.886,1.880,1.875,1.870,1.866,1.862,1.855,1.849,1.841,1.833,1.824,1.814,1.804,1.787,1.762,1.768,3.000,3.000,0.707,0.707,0.696,0.682,0.673,0.666,0.659,0.651,0.636,0.624,0.609,0.604,0.599,0.595,0.593,0.592,0.592,0.593,0.596,0.598,0.601,0.602,0.603,0.608,0.617,0.625,0.636,0.646,0.661,0.673,0.683,0.692,0.704,0.714,0.723,0.735,0.747,0.761,0.779,0.792,0.803,0.813,0.819,0.825,0.828,0.831,0.832,0.832,0.832,0.830,0.829,0.829,0.828,0.828,0.829,0.830,0.832,0.834,0.836,0.837,0.838,0.840,0.841,0.841,0.842,0.843,0.845,0.845,0.846,0.846,0.846,0.847,0.847,0.848,0.849,0.849,0.849,0.850,0.850,0.851,0.852,0.853,0.854,0.856,0.857,0.859,0.860,0.862,0.863,0.865,0.866,0.868,0.869,0.870,0.872,0.873,0.874,0.875,0.879,0.882,0.883,0.885,0.887,0.887,0.889,0.891,0.892,0.895,0.897,0.900,0.903,0.907,0.911,0.915,0.919,0.922,0.926,0.931,0.938,0.947,0.953,0.961,0.968,0.977,0.986,0.997,1.012,1.038,1.038,3.000,1.789,1.785,1.805,1.818,1.833,1.843,1.852,1.859,1.866,1.871,1.877,1.883,1.887,1.891,1.895,1.898,1.903,1.906,1.911,1.916,1.921,1.926,1.930,1.934,1.938,1.942,1.947,1.952,1.956,1.961,1.966,1.970,1.975,1.980,1.986,1.991,1.996,2.000,2.002,2.004,2.008,2.012,2.016,2.020,2.025,2.030,2.036,2.040,2.047,2.053,2.064,2.070,2.076,2.083,2.094,2.105,2.113,2.124,2.133,2.141,2.148,2.156,2.167,2.174,2.183,2.191,2.198,2.206,2.214,2.224,2.237,2.246,2.256,2.266,2.279,2.288,2.298,2.307,2.319,2.329,2.338,2.347,2.356,2.364,2.374,2.381,2.391,2.400,2.410,2.416,2.423,2.428,2.429,2.433,3.000,3.000,3.000,3.000,3.000,3.000,2.600,2.599,2.607,2.611,2.616,2.622,2.623,2.623,2.621,2.613,2.620,3.000,3.000,3.000,3.000,3.000
3.000,3.000,3.000,2.196,2.195,2.188,2.178,2.173,2.168,2.162,2.154,2.148,2.143,2.140,2.135,2.129,2.122,2.115,2.107,2.098,2.091,2.083,2.076,2.069,2.059,2.049,2.041,2.032,2.027,2.021,2.017,2.012,2.005,2.001,1.997,1.994,1.990,1.987,1.983,1.977,1.972,1.968,1.964,1.960,1.957,1.953,1.947,1.940,1.933,1.927,1.920,1.914,1.908,1.904,1.899,1.894,1.888,1.882,1.877,1.873,1.868,1.864,1.857,1.852,1.843,1.836,1.827,1.817,1.807,1.790,1.768,1.773,3.000,3.000,3.000,0.709,0.703,0.690,0.681,0.674,0.668,0.662,0.653,0.643,0.631,0.625,0.613,0.610,0.607,0.606,0.606,0.606,0.608,0.610,0.612,0.615,0.617,0.622,0.631,0.641,0.650,0.660,0.670,0.680,0.689,0.698,0.709,0.719,0.727,0.739,0.750,0.763,0.781,0.793,0.804,0.814,0.820,0.826,0.829,0.831,0.832,0.832,0.831,0.829,0.828,0.828,0.827,0.827,0.827,0.828,0.830,0.831,0.833,0.835,0.836,0.838,0.839,0.840,0.841,0.842,0.843,0.844,0.844,0.845,0.845,0.846,0.846,0.847,0.848,0.848,0.848,0.849,0.850,0.850,0.851,0.852,0.853,0.855,0.856,0.858,0.859,0.861,0.862,0.864,0.865,0.866,0.867,0.868,0.870,0.870,0.872,0.873,0.876,0.878,0.880,0.881,0.882,0.883,0.885,0.887,0.889,0.891,0.893,0.896,0.899,0.904,0.908,0.912,0.915,0.919,0.923,0.928,0.935,0.944,0.951,0.958,0.966,0.975,0.984,0.995,1.009,1.034,1.038,3.000,1.785,1.783,1.803,1.817,1.831,1.842,1.851,1.858,1.865,1.870,1.875,1.882,1.887,1.890,1.894,1.897,1.902,1.905,1.910,1.915,1.921,1.925,1.929,1.933,1.937,1.941,1.946,1.950,1.955,1.959,1.964,1.968,1.972,1.978,1.983,1.988,1.994,1.997,1.999,2.000,2.004,2.007,2.011,2.016,2.021,2.025,2.030,2.034,2.039,2.044,2.051,2.062,2.068,2.076,2.087,2.099,2.109,2.121,2.130,2.138,2.146,2.154,2.164,2.172,2.180,2.188,2.196,2.204,2.213,2.224,2.236,2.246,2.257,2.267,2.279,2.288,2.298,2.306,2.317,2.326,2.336,2.345,2.353,2.361,2.371,2.378,2.388,2.398,2.407,2.413,2.421,2.426,2.426,2.429,3.000,3.000,3.000,3.000,3.000,3.000,2.603,2.598,2.605,2.608,2.614,2.620,2.621,2.622,2.620,2.612,2.620,3.000,3.000,3.000,3.000,3.000
3.000,3.000,3.000,2.195,2.194,2.183,2.175,2.171,2.166,2.160,2.153,2.146,2.142,2.139,2.134,2.128,2.121,2.113,2.107,2.098,2.091,2.084,2.077,2.069,2.060,2.050,2.042,2.033,2.028,2.022,2.018,2.013,2.007,2.002,1.998,1.994,1.989,1.986,1.982,1.977,1.972,1.968,1.965,1.962,1.958,1.954,1.947,1.939,1.933,1.927,1.921,1.914,1.909,1.904,1.900,1.894,1.890,1.884,1.879,1.874,1.869,1.865,1.859,1.853,1.845,1.838,1.828,1.819,1.809,1.794,1.773,1.778,1.759,3.000,3.000,0.716,0.709,0.696,0.687,0.681,0.676,0.671,0.664,0.655,0.644,0.639,0.628,0.623,0.618,0.617,0.617,0.617,0.618,0.619,0.622,0.624,0.628,0.632,0.641,0.651,0.661,0.668,0.677,0.687,0.695,0.706,0.715,0.724,0.732,0.743,0.755,0.768,0.784,0.796,0.807,0.816,0.821,0.826,0.829,0.831,0.832,0.831,0.830,0.828,0.827,0.826,0.825,0.825,0.825,0.826,0.827,0.829,0.831,0.832,0.834,0.836,0.837,0.838,0.839,0.840,0.841,0.842,0.843,0.843,0.843,0.844,0.845,0.846,0.847,0.847,0.847,0.848,0.849,0.849,0.850,0.851,0.852,0.854,0.855,0.856,0.857,0.859,0.860,0.862,0.863,0.864,0.865,0.866,0.867,0.868,0.869,0.870,0.873,0.875,0.876,0.878,0.878,0.879,0.881,0.883,0.885,0.887,0.890,0.893,0.897,0.902,0.905,0.909,0.913,0.917,0.920,0.926,0.932,0.942,0.949,0.957,0.964,0.974,0.983,0.993,1.007,1.031,1.034,3.000,1.783,1.781,1.801,1.816,1.830,1.841,1.850,1.857,1.863,1.869,1.874,1.880,1.886,1.889,1.893,1.897,1.901,1.904,1.909,1.914,1.920,1.923,1.927,1.931,1.935,1.939,1.943,1.948,1.952,1.957,1.962,1.965,1.970,1.975,1.979,1.984,1.989,1.991,1.994,1.995,1.998,2.001,2.005,2.009,2.014,2.016,2.020,2.021,2.026,2.030,2.032,2.038,2.050,2.065,2.078,2.092,2.103,2.115,2.127,2.136,2.145,2.153,2.162,2.170,2.178,2.186,2.194,2.203,2.212,2.221,2.235,2.247,2.258,2.268,2.280,2.289,2.298,2.305,2.316,2.324,2.333,2.344,2.352,2.360,2.370,2.379,2.387,2.396,2.406,2.412,2.420,2.426,2.426,2.426,3.000,3.000,3.000,3.000,3.000,3.000,2.605,2.603,2.610,2.613,2.619,2.624,2.626,2.625,2.624,2.620,2.622,3.000,3.000,3.000,3.000,3.000
3.000,3.000,3.000,2.195,2.194,2.183,2.174,2.169,2.164,2.158,2.149,2.144,2.141,2.137,2.132,2.126,2.119,2.111,2.105,2.098,2.092,2.085,2.077,2.069,2.061,2.051,2.043,2.033,2.029,2.024,2.019,2.014,2.008,2.004,1.999,1.995,1.991,1.987,1.983,1.977,1.973,1.969,1.966,1.964,1.960,1.955,1.948,1.940,1.934,1.929,1.921,1.915,1.910,1.906,1.902,1.896,1.891,1.885,1.880,1.874,1.869,1.865,1.859,1.853,1.846,1.839,1.830,1.821,1.811,1.798,1.778,1.759,1.768,3.000,3.000,0.724,0.716,0.703,0.693,0.687,0.682,0.678,0.672,0.665,0.657,0.651,0.645,0.642,0.632,0.629,0.628,0.628,0.629,0.631,0.633,0.636,0.640,0.649,0.655,0.664,0.670,0.676,0.684,0.693,0.701,0.713,0.722,0.729,0.737,0.747,0.759,0.772,0.786,0.799,0.809,0.817,0.822,0.827,0.830,0.831,0.831,0.830,0.829,0.827,0.826,0.825,0.824,0.824,0.824,0.824,0.825,0.826,0.827,0.829,0.831,0.833,0.835,0.836,0.837,0.838,0.839,0.840,0.841,0.841,0.842,0.843,0.843,0.845,0.846,0.846,0.847,0.847,0.848,0.849,0.849,0.850,0.851,0.852,0.854,0.855,0.856,0.857,0.859,0.860,0.861,0.863,0.863,0.864,0.865,0.865,0.866,0.867,0.870,0.872,0.873,0.874,0.875,0.876,0.877,0.880,0.882,0.885,0.887,0.890,0.894,0.899,0.903,0.907,0.911,0.915,0.919,0.924,0.930,0.941,0.948,0.956,0.964,0.973,0.982,0.992,1.005,1.029,1.031,3.000,1.781,1.778,1.799,1.814,1.828,1.839,1.848,1.855,1.862,1.867,1.872,1.878,1.883,1.887,1.892,1.895,1.900,1.903,1.907,1.913,1.918,1.922,1.926,1.929,1.934,1.937,1.941,1.946,1.950,1.954,1.959,1.962,1.965,1.971,1.975,1.979,1.983,1.986,1.987,1.989,1.991,1.993,1.996,1.999,2.005,2.004,2.007,2.009,2.012,2.014,2.019,2.025,2.034,2.049,2.067,2.085,2.099,2.112,2.125,2.135,2.145,2.153,2.161,2.169,2.178,2.186,2.194,2.202,2.211,2.220,2.233,2.246,2.259,2.268,2.281,2.289,2.299,2.306,2.316,2.324,2.333,2.344,2.353,2.361,2.372,2.379,2.387,2.396,2.405,2.410,2.417,2.424,2.423,2.426,3.000,3.000,3.000,3.000,3.000,3.000,2.609,2.605,2.612,2.614,2.619,2.623,2.625,2.626,2.627,2.622,2.626,3.000,3.000,3.000,3.000,3.000
3.000,3.000,3.000,2.196,2.195,2.187,2.175,2.170,2.164,2.157,2.147,2.143,2.140,2.136,2.131,2.125,2.118,2.111,2.106,2.099,2.093,2.086,2.079,2.070,2.062,2.053,2.045,2.035,2.031,2.026,2.021,2.015,2.009,2.006,2.002,1.999,1.994,1.989,1.985,1.979,1.975,1.971,1.969,1.965,1.961,1.956,1.949,1.942,1.936,1.931,1.923,1.917,1.912,1.908,1.904,1.899,1.893,1.887,1.882,1.876,1.871,1.866,1.860,1.855,1.848,1.841,1.833,1.825,1.816,1.803,1.785,1.768,1.773,3.000,3.000,0.738,0.724,0.710,0.700,0.693,0.688,0.685,0.680,0.676,0.667,0.663,0.656,0.655,0.648,0.645,0.642,0.641,0.641,0.643,0.645,0.649,0.652,0.659,0.665,0.673,0.678,0.684,0.692,0.701,0.710,0.721,0.728,0.735,0.742,0.754,0.765,0.777,0.790,0.803,0.813,0.820,0.825,0.829,0.831,0.832,0.831,0.829,0.828,0.826,0.825,0.824,0.823,0.823,0.822,0.823,0.823,0.824,0.825,0.826,0.828,0.831,0.832,0.834,0.835,0.836,0.837,0.838,0.839,0.840,0.841,0.841,0.842,0.843,0.845,0.845,0.846,0.846,0.847,0.848,0.849,0.850,0.850,0.852,0.854,0.855,0.855,0.856,0.858,0.859,0.860,0.861,0.862,0.863,0.863,0.864,0.864,0.865,0.868,0.870,0.871,0.872,0.872,0.873,0.875,0.878,0.880,0.882,0.885,0.888,0.892,0.897,0.901,0.906,0.910,0.914,0.918,0.923,0.929,0.940,0.947,0.955,0.963,0.972,0.982,0.991,1.004,1.026,1.029,3.000,1.778,1.775,1.796,1.812,1.826,1.836,1.846,1.852,1.860,1.865,1.871,1.875,1.881,1.885,1.890,1.893,1.898,1.901,1.906,1.911,1.917,1.920,1.925,1.928,1.932,1.935,1.939,1.943,1.948,1.952,1.955,1.958,1.961,1.966,1.970,1.974,1.977,1.980,1.981,1.982,1.982,1.984,1.986,1.988,1.990,1.995,1.999,2.001,2.004,2.007,2.011,2.017,2.026,2.036,2.055,2.079,2.095,2.110,2.124,2.134,2.145,2.153,2.162,2.170,2.179,2.187,2.196,2.203,2.212,2.221,2.235,2.246,2.259,2.269,2.280,2.288,2.298,2.305,2.315,2.324,2.333,2.343,2.353,2.361,2.373,2.380,2.387,2.395,2.404,2.409,2.415,2.416,2.412,2.423,2.386,3.000,3.000,3.000,3.000,3.000,2.612,2.609,2.616,2.617,2.620,2.624,2.626,2.628,2.629,2.626,2.628,3.000,3.000,3.000,3.000,3.000
3.000,3.000,3.000,2.198,2.196,2.188,2.176,2.170,2.163,2.153,2.146,2.142,2.140,2.136,2.131,2.124,2.117,2.111,2.106,2.099,2.094,2.087,2.080,2.071,2.063,2.054,2.047,2.038,2.034,2.028,2.022,2.016,2.012,2.009,2.005,2.001,1.996,1.992,1.988,1.981,1.977,1.974,1.971,1.967,1.962,1.957,1.951,1.944,1.938,1.933,1.925,1.919,1.913,1.909,1.905,1.900,1.894,1.888,1.883,1.877,1.872,1.867,1.862,1.857,1.850,1.845,1.837,1.829,1.820,1.807,1.791,1.773,1.780,3.000,3.000,0.738,0.738,0.722,0.708,0.701,0.696,0.692,0.689,0.686,0.677,0.673,0.669,0.667,0.663,0.662,0.656,0.656,0.654,0.656,0.657,0.662,0.667,0.671,0.676,0.682,0.687,0.693,0.701,0.709,0.720,0.728,0.733,0.740,0.747,0.759,0.771,0.782,0.795,0.807,0.816,0.823,0.827,0.830,0.831,0.832,0.831,0.829,0.827,0.826,0.824,0.823,0.822,0.821,0.821,0.821,0.821,0.822,0.823,0.824,0.825,0.828,0.830,0.831,0.832,0.834,0.835,0.836,0.837,0.838,0.839,0.840,0.841,0.842,0.844,0.844,0.845,0.845,0.846,0.847,0.848,0.849,0.850,0.851,0.853,0.854,0.855,0.855,0.856,0.858,0.859,0.860,0.860,0.860,0.861,0.861,0.861,0.863,0.865,0.867,0.868,0.869,0.869,0.870,0.872,0.875,0.878,0.880,0.883,0.886,0.890,0.895,0.899,0.904,0.909,0.913,0.917,0.922,0.928,0.940,0.947,0.955,0.963,0.972,0.981,0.991,1.003,1.023,1.026,3.000,1.775,1.772,1.794,1.810,1.824,1.834,1.843,1.851,1.858,1.863,1.869,1.873,1.879,1.882,1.887,1.891,1.896,1.899,1.904,1.908,1.914,1.918,1.922,1.924,1.929,1.932,1.936,1.940,1.944,1.948,1.950,1.952,1.954,1.958,1.961,1.967,1.970,1.973,1.975,1.975,1.977,1.980,1.983,1.985,1.987,1.991,1.995,1.997,2.000,2.003,2.006,2.013,2.020,2.029,2.048,2.073,2.092,2.109,2.124,2.135,2.145,2.153,2.162,2.171,2.181,2.188,2.199,2.205,2.214,2.223,2.237,2.248,2.260,2.270,2.281,2.289,2.299,2.307,2.316,2.324,2.333,2.344,2.354,2.365,2.374,2.381,2.388,2.395,2.405,2.410,2.415,2.416,2.409,2.386,2.390,3.000,3.000,3.000,3.000,3.000,2.616,2.612,2.618,2.620,2.623,2.625,2.627,2.630,2.630,2.628,2.628,3.000,3.000,3.000,3.000,3.000
3.000,3.000,3.000,2.198,2.198,2.189,2.179,2.173,2.167,2.155,2.148,2.144,2.143,2.138,2.133,2.125,2.118,2.112,2.106,2.100,2.095,2.088,2.081,2.073,2.065,2.056,2.049,2.042,2.037,2.030,2.024,2.019,2.014,2.011,2.007,2.002,1.997,1.993,1.988,1.982,1.978,1.975,1.972,1.968,1.963,1.958,1.953,1.945,1.940,1.935,1.929,1.921,1.914,1.909,1.905,1.901,1.896,1.889,1.884,1.878,1.873,1.868,1.864,1.860,1.853,1.847,1.840,1.833,1.823,1.812,1.796,1.780,1.785,3.000,3.000,0.738,0.748,0.736,0.720,0.709,0.703,0.700,0.697,0.695,0.691,0.684,0.679,0.677,0.674,0.673,0.670,0.670,0.670,0.670,0.671,0.674,0.677,0.681,0.686,0.691,0.696,0.701,0.709,0.719,0.728,0.735,0.740,0.748,0.756,0.768,0.777,0.787,0.801,0.813,0.820,0.825,0.829,0.831,0.832,0.832,0.831,0.828,0.827,0.825,0.823,0.822,0.821,0.820,0.819,0.819,0.820,0.820,0.820,0.821,0.823,0.825,0.827,0.829,0.830,0.832,0.833,0.834,0.836,0.837,0.838,0.839,0.840,0.841,0.842,0.843,0.843,0.844,0.845,0.846,0.847,0.848,0.849,0.850,0.852,0.853,0.854,0.854,0.855,0.856,0.857,0.858,0.858,0.858,0.858,0.858,0.859,0.860,0.862,0.864,0.865,0.866,0.867,0.868,0.870,0.873,0.876,0.879,0.882,0.885,0.889,0.894,0.898,0.903,0.908,0.913,0.917,0.922,0.928,0.940,0.947,0.955,0.963,0.972,0.981,0.990,1.002,1.021,1.023,3.000,1.772,1.770,1.791,1.808,1.822,1.832,1.842,1.849,1.856,1.860,1.866,1.871,1.876,1.879,1.884,1.886,1.891,1.893,1.900,1.904,1.911,1.914,1.917,1.920,1.925,1.927,1.931,1.934,1.939,1.943,1.945,1.947,1.949,1.949,1.952,1.956,1.962,1.968,1.969,1.973,1.975,1.979,1.983,1.985,1.988,1.991,1.995,1.997,2.001,2.002,2.005,2.009,2.015,2.021,2.035,2.065,2.086,2.107,2.122,2.133,2.144,2.152,2.162,2.172,2.182,2.189,2.198,2.205,2.214,2.223,2.237,2.249,2.261,2.271,2.281,2.290,2.301,2.308,2.317,2.324,2.333,2.344,2.357,2.366,2.375,2.381,2.388,2.395,2.406,2.411,2.418,2.418,2.406,2.390,2.390,3.000,3.000,3.000,3.000,3.000,2.618,2.616,2.622,2.626,2.628,2.627,2.629,2.631,2.631,2.624,2.628,3.000,3.000,3.000,3.000,3.000
3.000,3.000,3.000,2.198,2.197,2.189,2.180,2.174,2.168,2.156,2.150,2.146,2.146,2.140,2.134,2.126,2.119,2.112,2.107,2.101,2.095,2.087,2.081,2.073,2.065,2.056,2.048,2.041,2.036,2.029,2.023,2.018,2.014,2.011,2.007,2.003,1.998,1.993,1.989,1.983,1.979,1.977,1.974,1.970,1.965,1.960,1.955,1.949,1.943,1.938,1.932,1.923,1.916,1.911,1.907,1.902,1.897,1.889,1.884,1.878,1.873,1.869,1.864,1.861,1.855,1.850,1.843,1.837,1.827,1.816,1.800,1.785,1.792,1.775,3.000,3.000,0.748,0.748,0.729,0.718,0.711,0.707,0.704,0.703,0.699,0.695,0.690,0.688,0.686,0.685,0.684,0.683,0.684,0.685,0.686,0.689,0.691,0.694,0.698,0.702,0.707,0.713,0.722,0.732,0.736,0.742,0.747,0.755,0.768,0.776,0.784,0.793,0.806,0.817,0.823,0.828,0.830,0.832,0.833,0.832,0.830,0.828,0.826,0.824,0.823,0.821,0.820,0.819,0.818,0.818,0.818,0.818,0.818,0.819,0.820,0.822,0.824,0.826,0.828,0.829,0.831,0.832,0.833,0.835,0.836,0.837,0.838,0.839,0.840,0.841,0.842,0.842,0.843,0.844,0.846,0.847,0.848,0.849,0.851,0.851,0.852,0.852,0.853,0.854,0.855,0.855,0.856,0.855,0.855,0.856,0.856,0.858,0.859,0.861,0.862,0.863,0.864,0.866,0.868,0.871,0.874,0.877,0.880,0.883,0.888,0.892,0.897,0.902,0.907,0.912,0.916,0.922,0.928,0.939,0.947,0.954,0.962,0.971,0.980,0.989,1.001,1.019,1.021,3.000,1.770,1.791,1.789,1.805,1.820,1.830,1.840,1.847,1.854,1.858,1.864,1.869,1.873,1.876,1.880,1.882,1.886,1.886,1.894,1.899,1.906,1.909,1.911,1.913,1.917,1.919,1.922,1.926,1.931,1.937,1.938,1.941,1.942,1.944,1.948,1.952,1.957,1.964,1.968,1.972,1.975,1.980,1.984,1.987,1.990,1.993,1.997,2.000,2.003,2.004,2.006,2.008,2.010,2.017,2.028,2.060,2.083,2.105,2.121,2.133,2.144,2.152,2.162,2.173,2.183,2.191,2.200,2.206,2.215,2.224,2.238,2.251,2.263,2.272,2.282,2.291,2.302,2.309,2.317,2.324,2.333,2.342,2.356,2.365,2.374,2.381,2.388,2.394,2.405,2.410,2.416,2.416,2.404,2.388,2.390,3.000,3.000,3.000,3.000,3.000,2.619,2.618,2.623,2.627,2.628,2.627,2.630,2.632,2.633,2.633,2.624,3.000,3.000,3.000,3.000,3.000
3.000,3.000,3.000,2.197,2.195,2.190,2.181,2.176,2.169,2.161,2.156,2.152,2.149,2.143,2.135,2.127,2.120,2.114,2.109,2.102,2.095,2.087,2.080,2.072,2.065,2.055,2.047,2.040,2.035,2.027,2.021,2.016,2.013,2.009,2.006,2.002,1.997,1.992,1.988,1.983,1.980,1.977,1.975,1.972,1.967,1.962,1.957,1.951,1.945,1.939,1.934,1.927,1.919,1.913,1.908,1.904,1.899,1.890,1.884,1.879,1.874,1.870,1.866,1.862,1.857,1.853,1.847,1.842,1.831,1.820,1.808,1.792,1.775,1.784,3.000,3.000,0.748,0.748,0.746,0.733,0.721,0.717,0.713,0.712,0.709,0.706,0.702,0.699,0.697,0.696,0.695,0.695,0.696,0.699,0.701,0.702,0.705,0.708,0.714,0.717,0.721,0.726,0.734,0.741,0.745,0.751,0.756,0.764,0.776,0.784,0.791,0.803,0.814,0.822,0.827,0.831,0.832,0.833,0.833,0.832,0.830,0.827,0.825,0.824,0.822,0.821,0.820,0.818,0.817,0.817,0.817,0.816,0.816,0.817,0.818,0.819,0.822,0.824,0.825,0.827,0.828,0.829,0.831,0.832,0.833,0.835,0.836,0.837,0.838,0.839,0.840,0.840,0.842,0.843,0.844,0.845,0.846,0.847,0.849,0.849,0.850,0.850,0.851,0.852,0.853,0.853,0.853,0.853,0.853,0.853,0.854,0.855,0.857,0.858,0.859,0.861,0.862,0.863,0.866,0.869,0.872,0.875,0.878,0.882,0.887,0.891,0.896,0.901,0.906,0.911,0.916,0.922,0.928,0.940,0.947,0.954,0.962,0.971,0.979,0.988,1.000,1.017,1.019,3.000,3.000,1.789,1.786,1.802,1.817,1.828,1.837,1.845,1.852,1.856,1.862,1.867,1.870,1.873,1.876,1.876,1.877,1.879,1.886,1.891,1.898,1.902,1.904,1.906,1.910,1.910,1.913,1.917,1.922,1.929,1.932,1.936,1.939,1.942,1.946,1.951,1.957,1.964,1.968,1.972,1.976,1.981,1.985,1.988,1.992,1.995,1.998,2.000,2.003,2.004,2.005,2.006,2.007,2.011,2.022,2.040,2.077,2.101,2.119,2.131,2.142,2.151,2.162,2.173,2.184,2.192,2.202,2.208,2.217,2.225,2.238,2.250,2.263,2.273,2.282,2.291,2.301,2.309,2.317,2.324,2.332,2.342,2.355,2.364,2.374,2.381,2.388,2.394,2.405,2.410,2.415,2.415,2.406,2.384,2.388,3.000,3.000,3.000,3.000,3.000,2.619,2.619,2.624,2.626,2.626,2.626,2.629,2.631,2.631,2.633,3.000,3.000,3.000,3.000,3.000,3.000
3.000,3.000,3.000,2.195,2.191,2.189,2.181,2.177,2.169,2.162,2.158,2.154,2.151,2.143,2.136,2.128,2.121,2.115,2.111,2.104,2.096,2.087,2.081,2.073,2.066,2.055,2.047,2.040,2.035,2.027,2.021,2.016,2.012,2.009,2.006,2.002,1.999,1.993,1.989,1.984,1.981,1.979,1.978,1.974,1.969,1.965,1.959,1.953,1.946,1.941,1.935,1.928,1.921,1.914,1.910,1.905,1.900,1.891,1.885,1.880,1.875,1.871,1.867,1.864,1.859,1.855,1.851,1.846,1.838,1.826,1.813,1.799,1.784,1.792,1.771,3.000,3.000,0.746,0.750,0.750,0.737,0.730,0.726,0.722,0.720,0.717,0.714,0.711,0.709,0.709,0.708,0.709,0.710,0.712,0.714,0.716,0.719,0.723,0.726,0.730,0.734,0.741,0.746,0.752,0.755,0.762,0.772,0.780,0.788,0.794,0.803,0.812,0.821,0.827,0.831,0.833,0.834,0.834,0.833,0.832,0.830,0.827,0.825,0.823,0.821,0.820,0.819,0.817,0.816,0.816,0.815,0.814,0.814,0.814,0.815,0.816,0.818,0.819,0.822,0.824,0.825,0.826,0.827,0.829,0.830,0.832,0.833,0.835,0.836,0.837,0.838,0.839,0.840,0.841,0.842,0.843,0.844,0.845,0.846,0.847,0.847,0.848,0.849,0.850,0.850,0.851,0.851,0.851,0.851,0.851,0.851,0.853,0.855,0.856,0.857,0.859,0.860,0.862,0.864,0.868,0.871,0.874,0.877,0.881,0.886,0.891,0.896,0.901,0.906,0.911,0.916,0.922,0.929,0.940,0.947,0.955,0.962,0.971,0.979,0.988,0.999,1.016,1.017,3.000,3.000,1.786,1.782,1.799,1.814,1.825,1.835,1.843,1.849,1.853,1.860,1.863,1.867,1.868,1.871,1.867,1.867,1.868,1.873,1.877,1.887,1.887,1.891,1.895,1.900,1.902,1.908,1.913,1.918,1.925,1.930,1.935,1.939,1.944,1.948,1.953,1.959,1.965,1.969,1.972,1.977,1.981,1.986,1.989,1.993,1.996,1.999,2.001,2.004,2.004,2.006,2.006,2.005,2.008,2.018,2.034,2.073,2.099,2.118,2.131,2.142,2.152,2.163,2.173,2.185,2.193,2.202,2.209,2.218,2.227,2.240,2.251,2.264,2.274,2.283,2.292,2.304,2.312,2.320,2.325,2.334,2.343,2.355,2.364,2.374,2.382,2.389,2.395,2.406,2.411,2.416,2.416,2.407,2.386,2.393,3.000,3.000,3.000,3.000,3.000,2.619,2.618,2.623,2.623,2.624,2.624,2.627,2.628,2.629,2.631,3.000,3.000,3.000,3.000,3.000,3.000
3.000,3.000,3.000,2.191,2.190,2.188,2.183,2.179,2.172,2.164,2.159,2.155,2.151,2.144,2.137,2.130,2.123,2.117,2.113,2.106,2.100,2.091,2.085,2.075,2.067,2.056,2.049,2.042,2.037,2.029,2.022,2.017,2.014,2.011,2.008,2.005,2.001,1.997,1.993,1.987,1.984,1.983,1.980,1.976,1.972,1.967,1.961,1.955,1.948,1.942,1.937,1.930,1.924,1.917,1.912,1.907,1.902,1.894,1.887,1.882,1.877,1.874,1.870,1.866,1.862,1.858,1.853,1.849,1.842,1.832,1.818,1.805,1.792,1.771,1.784,3.000,3.000,3.000,0.750,0.751,0.751,0.744,0.738,0.734,0.731,0.729,0.727,0.724,0.721,0.721,0.720,0.721,0.722,0.725,0.727,0.730,0.732,0.737,0.740,0.744,0.747,0.752,0.757,0.762,0.767,0.777,0.784,0.791,0.799,0.804,0.811,0.822,0.827,0.831,0.834,0.835,0.835,0.835,0.833,0.831,0.829,0.826,0.824,0.822,0.821,0.819,0.818,0.816,0.815,0.814,0.813,0.813,0.812,0.812,0.813,0.814,0.815,0.817,0.819,0.821,0.822,0.823,0.825,0.827,0.828,0.830,0.831,0.833,0.834,0.835,0.836,0.837,0.838,0.838,0.839,0.840,0.841,0.843,0.844,0.844,0.844,0.845,0.846,0.847,0.847,0.848,0.848,0.848,0.849,0.849,0.849,0.851,0.853,0.855,0.856,0.857,0.859,0.861,0.864,0.867,0.871,0.874,0.877,0.882,0.887,0.892,0.897,0.902,0.907,0.912,0.917,0.923,0.931,0.940,0.948,0.955,0.963,0.971,0.979,0.987,0.999,1.015,1.016,3.000,3.000,1.782,1.778,1.796,1.811,1.821,1.832,1.839,1.846,1.850,1.854,1.859,1.861,1.861,1.863,1.856,1.855,1.853,1.862,1.868,1.874,1.879,1.884,1.889,1.895,1.899,1.906,1.912,1.918,1.925,1.930,1.937,1.941,1.945,1.950,1.956,1.960,1.965,1.968,1.972,1.976,1.981,1.986,1.989,1.993,1.996,1.999,2.001,2.004,2.004,2.004,2.004,2.001,2.002,2.011,2.028,2.063,2.094,2.116,2.131,2.143,2.153,2.165,2.175,2.185,2.194,2.203,2.210,2.219,2.229,2.242,2.253,2.264,2.275,2.285,2.294,2.306,2.314,2.321,2.327,2.336,2.343,2.355,2.363,2.373,2.382,2.389,2.395,2.405,2.411,2.416,2.417,2.407,2.393,2.396,3.000,3.000,3.000,3.000,3.000,2.618,2.615,2.619,2.620,2.622,2.623,2.626,2.627,2.627,2.629,3.000,3.000,3.000,3.000,3.000,3.000
3.000,3.000,3.000,2.191,2.190,2.188,2.183,2.179,2.172,2.164,2.160,2.155,2.151,2.144,2.139,2.131,2.124,2.118,2.114,2.108,2.102,2.094,2.088,2.079,2.071,2.060,2.052,2.045,2.040,2.032,2.025,2.021,2.016,2.013,2.010,2.007,2.004,2.000,1.996,1.991,1.988,1.986,1.983,1.979,1.974,1.968,1.963,1.957,1.949,1.943,1.938,1.932,1.926,1.918,1.914,1.909,1.904,1.896,1.891,1.885,1.881,1.877,1.873,1.869,1.864,1.861,1.857,1.852,1.846,1.837,1.826,1.815,1.802,1.784,1.796,1.772,3.000,3.000,3.000,0.751,0.775,0.775,0.755,0.751,0.751,0.748,0.746,0.741,0.738,0.736,0.737,0.738,0.739,0.744,0.746,0.749,0.751,0.754,0.756,0.760,0.764,0.767,0.772,0.776,0.786,0.794,0.800,0.805,0.813,0.819,0.824,0.830,0.833,0.836,0.837,0.838,0.837,0.836,0.834,0.831,0.828,0.826,0.824,0.822,0.820,0.819,0.818,0.816,0.814,0.814,0.813,0.812,0.811,0.811,0.812,0.812,0.813,0.814,0.816,0.818,0.819,0.821,0.822,0.824,0.825,0.827,0.829,0.830,0.832,0.833,0.834,0.834,0.835,0.836,0.837,0.837,0.838,0.839,0.840,0.841,0.841,0.842,0.843,0.844,0.845,0.845,0.845,0.846,0.846,0.846,0.847,0.849,0.851,0.853,0.854,0.855,0.857,0.859,0.862,0.866,0.870,0.873,0.877,0.882,0.887,0.892,0.898,0.903,0.908,0.914,0.919,0.925,0.932,0.942,0.949,0.957,0.964,0.972,0.979,0.988,0.998,1.014,1.015,3.000,3.000,1.778,1.774,1.793,1.808,1.819,1.829,1.837,1.843,1.847,1.851,1.854,1.855,1.853,1.850,1.863,1.856,1.862,1.841,1.855,1.865,1.874,1.880,1.886,1.894,1.899,1.906,1.913,1.919,1.927,1.932,1.939,1.943,1.949,1.954,1.958,1.962,1.966,1.969,1.972,1.976,1.981,1.986,1.989,1.993,1.996,2.000,2.002,2.003,2.003,2.004,2.003,1.998,1.998,2.005,2.022,2.056,2.091,2.114,2.131,2.145,2.155,2.167,2.176,2.186,2.195,2.204,2.213,2.222,2.232,2.246,2.256,2.267,2.278,2.289,2.298,2.308,2.317,2.324,2.330,2.339,2.346,2.356,2.364,2.375,2.383,2.391,2.397,2.408,2.413,2.419,2.420,2.410,2.396,2.398,3.000,3.000,3.000,3.000,3.000,2.615,2.613,2.617,2.618,2.620,2.623,2.625,2.626,2.626,2.627,3.000,3.000,3.000,3.000,3.000,3.000
3.000,3.000,3.000,2.194,2.191,2.189,2.183,2.178,2.170,2.164,2.161,2.154,2.151,2.146,2.141,2.132,2.124,2.118,2.114,2.108,2.103,2.094,2.088,2.080,2.073,2.063,2.055,2.048,2.042,2.035,2.029,2.024,2.020,2.016,2.012,2.010,2.006,2.003,1.999,1.994,1.991,1.988,1.985,1.980,1.975,1.969,1.964,1.958,1.950,1.944,1.938,1.932,1.926,1.919,1.915,1.910,1.905,1.896,1.892,1.887,1.883,1.879,1.875,1.872,1.867,1.863,1.860,1.856,1.849,1.841,1.831,1.822,1.811,1.796,1.772,1.788,1.766,3.000,3.000,3.000,0.775,0.775,0.783,0.783,0.776,0.773,0.770,0.762,0.758,0.756,0.758,0.761,0.764,0.766,0.766,0.769,0.773,0.776,0.777,0.780,0.781,0.784,0.789,0.793,0.805,0.810,0.815,0.819,0.828,0.832,0.834,0.839,0.839,0.841,0.841,0.840,0.839,0.837,0.834,0.831,0.828,0.825,0.823,0.822,0.820,0.819,0.817,0.815,0.814,0.813,0.812,0.811,0.811,0.810,0.810,0.810,0.812,0.812,0.814,0.815,0.817,0.818,0.819,0.821,0.822,0.824,0.825,0.828,0.829,0.829,0.830,0.831,0.832,0.832,0.833,0.834,0.835,0.836,0.837,0.837,0.838,0.839,0.840,0.842,0.842,0.843,0.843,0.844,0.844,0.844,0.845,0.846,0.849,0.851,0.852,0.854,0.856,0.858,0.861,0.864,0.869,0.873,0.877,0.882,0.888,0.894,0.899,0.905,0.910,0.916,0.921,0.928,0.935,0.944,0.951,0.958,0.965,0.973,0.980,0.988,0.998,1.013,1.014,3.000,3.000,1.774,1.770,1.790,1.806,1.817,1.828,1.835,1.841,1.845,1.848,1.851,1.850,1.846,1.853,1.850,1.706,1.841,1.855,1.846,1.859,1.870,1.878,1.885,1.893,1.899,1.907,1.915,1.922,1.930,1.934,1.941,1.946,1.951,1.956,1.959,1.963,1.966,1.969,1.972,1.976,1.981,1.986,1.989,1.993,1.996,1.999,2.001,2.002,2.002,2.002,2.000,1.993,1.993,1.999,2.015,2.041,2.086,2.112,2.131,2.146,2.156,2.168,2.177,2.187,2.196,2.206,2.214,2.224,2.234,2.247,2.258,2.270,2.280,2.289,2.299,2.310,2.318,2.325,2.331,2.341,2.348,2.357,2.365,2.378,2.386,2.394,2.400,2.411,2.415,2.420,2.422,2.418,2.398,2.401,3.000,3.000,3.000,3.000,3.000,2.613,2.613,2.616,2.618,2.620,2.622,2.625,2.626,2.626,2.627,3.000,3.000,3.000,3.000,3.000,3.000
3.000,3.000,3.000,2.197,2.194,2.190,2.184,2.178,2.173,2.166,2.163,2.156,2.153,2.148,2.143,2.134,2.125,2.119,2.115,2.111,2.105,2.096,2.090,2.082,2.076,2.067,2.058,2.051,2.046,2.037,2.031,2.027,2.023,2.019,2.014,2.011,2.008,2.005,2.001,1.997,1.993,1.990,1.987,1.981,1.976,1.971,1.965,1.959,1.952,1.946,1.939,1.933,1.928,1.920,1.916,1.911,1.907,1.901,1.897,1.893,1.889,1.883,1.880,1.876,1.872,1.867,1.863,1.859,1.853,1.844,1.835,1.827,1.817,1.806,1.788,1.766,1.779,1.760,3.000,3.000,3.000,3.000,0.783,0.783,0.783,0.776,0.773,0.770,0.762,0.758,0.761,0.764,0.766,0.766,0.769,0.773,0.776,0.777,0.780,0.781,0.784,0.789,0.793,0.805,0.810,0.815,0.819,0.828,0.879,0.852,0.845,0.848,0.846,0.846,0.844,0.843,0.841,0.838,0.835,0.831,0.828,0.826,0.823,0.822,0.820,0.819,0.817,0.815,0.814,0.813,0.812,0.811,0.810,0.810,0.809,0.809,0.810,0.811,0.812,0.813,0.814,0.815,0.817,0.819,0.820,0.821,0.823,0.824,0.825,0.826,0.827,0.828,0.828,0.829,0.830,0.831,0.832,0.833,0.833,0.834,0.835,0.837,0.838,0.839,0.840,0.840,0.841,0.841,0.842,0.842,0.843,0.845,0.847,0.849,0.851,0.852,0.854,0.857,0.860,0.864,0.869,0.873,0.877,0.883,0.889,0.896,0.902,0.907,0.913,0.919,0.924,0.931,0.938,0.946,0.953,0.959,0.966,0.973,0.980,0.987,0.998,1.013,1.013,3.000,3.000,1.770,1.764,1.785,1.803,1.815,1.825,1.833,1.839,1.842,1.844,1.845,1.843,1.836,1.846,1.706,1.706,1.706,1.846,1.836,1.854,1.867,1.877,1.885,1.894,1.900,1.910,1.919,1.925,1.932,1.937,1.943,1.948,1.953,1.957,1.960,1.963,1.966,1.969,1.971,1.975,1.980,1.985,1.987,1.992,1.995,1.997,1.998,2.000,2.000,1.999,1.997,1.988,1.987,1.992,2.002,2.086,2.112,2.109,2.130,2.145,2.156,2.168,2.177,2.187,2.196,2.207,2.215,2.225,2.235,2.250,2.260,2.271,2.281,2.290,2.300,2.311,2.318,2.325,2.331,2.342,2.349,2.357,2.366,2.380,2.388,2.396,2.405,2.413,2.417,2.422,2.423,2.421,2.401,2.408,3.000,3.000,3.000,3.000,3.000,2.613,2.611,2.615,2.618,2.620,2.622,2.625,2.626,2.627,2.633,3.000,3.000,3.000,3.000,3.000,3.000
3.000,3.000,3.000,2.197,2.197,2.191,2.183,2.179,2.175,2.170,2.166,2.159,2.156,2.152,2.147,2.139,2.129,2.123,2.119,2.114,2.108,2.101,2.092,2.085,2.078,2.070,2.062,2.054,2.049,2.042,2.035,2.030,2.026,2.022,2.017,2.014,2.009,2.006,2.002,1.997,1.994,1.991,1.987,1.982,1.976,1.972,1.966,1.961,1.953,1.947,1.941,1.934,1.929,1.922,1.918,1.914,1.911,1.905,1.902,1.897,1.893,1.889,1.885,1.881,1.876,1.871,1.868,1.864,1.858,1.848,1.839,1.832,1.823,1.813,1.801,1.779,1.760,1.787,3.000,3.000,3.000,3.000,3.000,3.000,3.000,3.000,3.000,3.000,3.000,3.000,3.000,3.000,3.000,3.000,3.000,3.000,3.000,3.000,3.000,3.000,3.000,3.000,3.000,3.000,3.000,3.000,3.000,3.000,0.898,0.879,0.870,0.862,0.856,0.854,0.851,0.848,0.844,0.840,0.836,0.833,0.829,0.826,0.824,0.822,0.821,0.819,0.817,0.816,0.814,0.813,0.812,0.811,0.810,0.809,0.809,0.808,0.809,0.810,0.811,0.811,0.813,0.813,0.815,0.817,0.818,0.819,0.820,0.822,0.823,0.823,0.824,0.825,0.825,0.826,0.826,0.827,0.828,0.829,0.830,0.831,0.832,0.834,0.835,0.836,0.837,0.838,0.839,0.839,0.840,0.841,0.842,0.844,0.846,0.849,0.850,0.852,0.854,0.857,0.860,0.864,0.869,0.873,0.878,0.885,0.892,0.898,0.904,0.910,0.915,0.922,0.927,0.934,0.941,0.947,0.953,0.960,0.966,0.973,0.979,0.986,0.996,1.012,1.013,3.000,3.000,1.764,1.785,1.780,1.800,1.812,1.823,1.831,1.838,1.841,1.843,1.843,1.841,1.833,1.836,1.706,1.696,1.706,1.836,1.835,1.852,1.867,1.879,1.887,1.895,1.902,1.912,1.921,1.927,1.934,1.938,1.945,1.949,1.954,1.958,1.960,1.963,1.965,1.969,1.970,1.975,1.978,1.983,1.986,1.990,1.992,1.995,1.996,1.997,1.997,1.996,1.991,1.984,1.982,1.986,1.994,2.021,2.109,2.100,2.125,2.142,2.154,2.167,2.177,2.187,2.195,2.207,2.216,2.227,2.237,2.252,2.262,2.273,2.282,2.292,2.301,2.311,2.319,2.327,2.333,2.342,2.349,2.358,2.368,2.381,2.389,2.399,2.406,2.414,2.417,2.422,2.422,2.422,2.408,2.408,3.000,3.000,3.000,3.000,3.000,2.611,2.608,2.611,2.619,2.622,2.626,2.628,2.632,2.633,2.636,3.000,3.000,3.000,3.000,3.000,3.000
3.000,3.000,3.000,2.197,2.196,2.188,2.182,2.177,2.174,2.169,2.166,2.160,2.156,2.152,2.148,2.140,2.131,2.126,2.122,2.119,2.113,2.106,2.098,2.088,2.081,2.072,2.065,2.057,2.052,2.044,2.038,2.033,2.029,2.025,2.019,2.015,2.010,2.007,2.003,1.998,1.995,1.992,1.988,1.982,1.978,1.973,1.968,1.963,1.955,1.949,1.943,1.937,1.932,1.925,1.921,1.917,1.914,1.909,1.906,1.902,1.897,1.893,1.888,1.885,1.879,1.875,1.872,1.868,1.862,1.853,1.844,1.837,1.829,1.821,1.812,1.801,1.787,1.802,1.786,1.777,3.000,3.000,3.000,3.000,3.000,3.000,3.000,3.000,3.000,3.000,3.000,3.000,3.000,3.000,3.000,3.000,3.000,3.000,3.000,3.000,3.000,3.000,3.000,3.000,3.000,3.000,3.000,3.000,0.906,0.898,0.881,0.870,0.863,0.859,0.854,0.850,0.845,0.841,0.837,0.833,0.829,0.827,0.824,0.823,0.821,0.819,0.818,0.816,0.814,0.814,0.812,0.811,0.810,0.809,0.809,0.808,0.809,0.809,0.810,0.810,0.811,0.812,0.813,0.814,0.816,0.816,0.818,0.819,0.820,0.821,0.820,0.821,0.822,0.822,0.823,0.824,0.825,0.826,0.827,0.827,0.829,0.831,0.833,0.834,0.835,0.836,0.836,0.837,0.838,0.839,0.841,0.843,0.846,0.848,0.849,0.851,0.854,0.856,0.860,0.864,0.869,0.873,0.879,0.886,0.893,0.900,0.907,0.913,0.918,0.924,0.930,0.936,0.942,0.949,0.954,0.960,0.966,0.972,0.978,0.985,0.995,1.011,1.012,3.000,3.000,3.000,1.780,1.776,1.797,1.811,1.822,1.829,1.836,1.840,1.841,1.842,1.838,1.831,1.833,1.696,1.690,1.696,1.835,1.831,1.850,1.866,1.879,1.887,1.896,1.902,1.913,1.922,1.928,1.935,1.940,1.945,1.950,1.954,1.958,1.961,1.963,1.965,1.969,1.971,1.974,1.978,1.982,1.984,1.987,1.990,1.992,1.993,1.994,1.993,1.993,1.987,1.981,1.978,1.981,1.988,2.006,2.100,2.125,2.120,2.139,2.152,2.167,2.176,2.186,2.195,2.206,2.216,2.229,2.240,2.254,2.264,2.274,2.284,2.293,2.301,2.312,2.320,2.328,2.335,2.343,2.350,2.359,2.370,2.384,2.391,2.401,2.408,2.416,2.419,2.424,2.425,2.428,2.434,2.408,3.000,3.000,3.000,3.000,3.000,2.608,2.607,2.611,2.620,2.624,2.627,2.632,2.633,2.636,2.636,3.000,3.000,3.000,3.000,3.000,3.000
3.000,3.000,3.000,2.196,2.191,2.188,2.180,2.175,2.172,2.166,2.163,2.158,2.155,2.151,2.147,2.139,2.132,2.127,2.125,2.122,2.116,2.109,2.102,2.091,2.083,2.074,2.068,2.061,2.054,2.047,2.041,2.035,2.031,2.026,2.020,2.015,2.010,2.007,2.004,2.000,1.997,1.994,1.990,1.984,1.979,1.975,1.970,1.966,1.958,1.952,1.946,1.940,1.936,1.928,1.925,1.921,1.918,1.912,1.909,1.905,1.901,1.896,1.891,1.887,1.882,1.878,1.875,1.871,1.865,1.856,1.849,1.843,1.836,1.828,1.821,1.813,1.802,1.786,1.777,1.794,1.783,1.771,1.763,1.752,3.000,3.000,3.000,3.000,3.000,3.000,3.000,3.000,3.000,3.000,3.000,3.000,3.000,3.000,3.000,3.000,3.000,3.000,3.000,3.000,3.000,3.000,3.000,3.000,0.906,0.906,0.889,0.874,0.866,0.861,0.856,0.851,0.846,0.841,0.837,0.833,0.829,0.827,0.824,0.823,0.821,0.819,0.818,0.816,0.815,0.814,0.813,0.812,0.811,0.810,0.809,0.809,0.809,0.809,0.809,0.809,0.810,0.810,0.811,0.812,0.813,0.814,0.815,0.817,0.817,0.818,0.818,0.819,0.819,0.820,0.820,0.821,0.822,0.823,0.824,0.825,0.826,0.829,0.830,0.832,0.833,0.834,0.834,0.836,0.837,0.838,0.840,0.842,0.845,0.847,0.849,0.851,0.853,0.856,0.860,0.864,0.870,0.874,0.880,0.888,0.896,0.902,0.910,0.916,0.921,0.927,0.932,0.938,0.944,0.950,0.955,0.961,0.966,0.971,0.977,0.984,0.994,1.009,1.011,3.000,3.000,3.000,1.776,1.769,1.793,1.808,1.820,1.828,1.834,1.838,1.840,1.841,1.839,1.832,1.833,1.813,1.683,1.690,1.831,1.824,1.846,1.864,1.877,1.886,1.894,1.901,1.912,1.921,1.928,1.935,1.940,1.945,1.950,1.954,1.958,1.961,1.964,1.966,1.969,1.971,1.975,1.978,1.982,1.985,1.987,1.989,1.991,1.991,1.992,1.991,1.991,1.986,1.979,1.975,1.977,1.983,1.999,2.006,2.120,2.118,2.139,2.152,2.167,2.177,2.186,2.195,2.206,2.217,2.229,2.240,2.255,2.265,2.275,2.284,2.293,2.301,2.311,2.320,2.328,2.335,2.344,2.350,2.359,2.373,2.386,2.394,2.403,2.411,2.419,2.422,2.428,2.430,2.434,2.434,3.000,3.000,3.000,3.000,3.000,3.000,2.607,2.605,2.609,2.619,2.624,2.628,2.634,2.633,2.634,2.636,3.000,3.000,3.000,3.000,3.000,3.000
3.000,3.000,3.000,2.191,2.191,2.185,2.177,2.171,2.168,2.164,2.162,2.158,2.154,2.150,2.146,2.139,2.133,2.129,2.127,2.124,2.119,2.112,2.105,2.097,2.087,2.079,2.072,2.064,2.058,2.050,2.044,2.038,2.034,2.028,2.021,2.016,2.011,2.008,2.005,2.002,1.999,1.996,1.991,1.986,1.981,1.977,1.973,1.969,1.963,1.957,1.951,1.946,1.941,1.934,1.931,1.926,1.922,1.916,1.914,1.911,1.906,1.900,1.894,1.890,1.884,1.881,1.877,1.874,1.869,1.860,1.854,1.848,1.841,1.835,1.829,1.823,1.814,1.803,1.794,1.783,1.771,1.763,1.752,1.775,1.771,1.767,1.767,1.742,1.742,1.742,1.739,1.736,1.734,1.729,1.718,1.718,1.718,1.712,1.708,1.702,1.688,1.680,1.673,1.666,1.647,3.000,3.000,3.000,0.906,0.906,0.889,0.876,0.868,0.862,0.856,0.851,0.845,0.841,0.836,0.833,0.829,0.827,0.824,0.823,0.821,0.819,0.818,0.817,0.815,0.814,0.813,0.812,0.811,0.810,0.809,0.809,0.809,0.809,0.809,0.809,0.809,0.809,0.810,0.810,0.811,0.812,0.813,0.814,0.814,0.815,0.815,0.816,0.816,0.817,0.818,0.819,0.820,0.821,0.822,0.823,0.824,0.826,0.828,0.829,0.830,0.832,0.832,0.834,0.836,0.837,0.839,0.841,0.844,0.846,0.848,0.851,0.853,0.856,0.860,0.865,0.870,0.875,0.882,0.890,0.898,0.905,0.912,0.919,0.924,0.930,0.935,0.941,0.946,0.951,0.956,0.961,0.966,0.971,0.976,0.983,0.993,1.008,1.024,1.024,3.000,3.000,1.769,1.793,1.790,1.807,1.819,1.826,1.832,1.836,1.839,1.840,1.839,1.833,1.813,1.821,1.683,1.683,1.824,1.822,1.843,1.861,1.875,1.884,1.893,1.900,1.910,1.919,1.927,1.933,1.938,1.943,1.948,1.953,1.956,1.959,1.963,1.965,1.968,1.971,1.974,1.978,1.982,1.985,1.987,1.988,1.989,1.990,1.990,1.989,1.989,1.984,1.977,1.974,1.975,1.980,1.994,2.008,2.118,2.114,2.136,2.151,2.166,2.176,2.186,2.195,2.206,2.217,2.230,2.241,2.257,2.266,2.276,2.285,2.294,2.302,2.312,2.321,2.329,2.337,2.345,2.351,2.360,2.375,2.387,2.395,2.404,2.413,2.420,2.424,2.430,2.433,2.434,2.434,3.000,3.000,3.000,3.000,3.000,3.000,2.605,2.604,2.608,2.619,2.625,2.628,2.634,2.633,2.634,2.634,3.000,3.000,3.000,3.000,3.000,3.000
3.000,3.000,3.000,3.000,2.185,2.181,2.174,2.169,2.167,2.163,2.161,2.158,2.154,2.149,2.145,2.138,2.133,2.130,2.127,2.125,2.119,2.113,2.107,2.100,2.092,2.082,2.076,2.068,2.061,2.053,2.047,2.041,2.036,2.030,2.022,2.018,2.013,2.010,2.006,2.003,2.000,1.996,1.992,1.987,1.982,1.979,1.975,1.971,1.965,1.960,1.953,1.948,1.943,1.937,1.933,1.929,1.924,1.919,1.916,1.913,1.908,1.902,1.896,1.891,1.886,1.883,1.880,1.876,1.871,1.863,1.857,1.851,1.844,1.839,1.834,1.829,1.821,1.812,1.805,1.796,1.788,1.782,1.775,1.771,1.763,1.767,1.785,1.780,1.742,1.739,1.736,1.734,1.729,1.750,1.748,1.718,1.712,1.708,1.702,1.688,1.680,1.673,1.666,1.647,1.669,1.647,3.000,3.000,3.000,0.890,0.890,0.877,0.868,0.862,0.856,0.850,0.844,0.840,0.836,0.832,0.829,0.826,0.824,0.823,0.821,0.819,0.818,0.816,0.815,0.814,0.813,0.812,0.811,0.810,0.809,0.808,0.808,0.808,0.808,0.808,0.808,0.808,0.808,0.809,0.810,0.810,0.811,0.812,0.812,0.813,0.813,0.814,0.814,0.815,0.816,0.817,0.818,0.819,0.820,0.821,0.823,0.825,0.826,0.828,0.829,0.831,0.831,0.833,0.835,0.836,0.838,0.841,0.843,0.846,0.848,0.851,0.854,0.857,0.861,0.865,0.871,0.877,0.884,0.893,0.900,0.907,0.915,0.922,0.927,0.933,0.937,0.943,0.947,0.953,0.958,0.962,0.967,0.971,0.976,0.982,0.991,1.007,1.024,1.024,3.000,3.000,3.000,1.790,1.785,1.802,1.816,1.824,1.831,1.835,1.839,1.841,1.840,1.835,1.821,1.830,1.815,1.791,1.822,1.821,1.841,1.857,1.871,1.881,1.891,1.899,1.909,1.918,1.924,1.930,1.935,1.941,1.947,1.951,1.955,1.958,1.962,1.964,1.967,1.969,1.974,1.978,1.982,1.984,1.986,1.987,1.988,1.989,1.989,1.987,1.987,1.982,1.975,1.972,1.972,1.976,1.987,2.008,2.114,2.136,2.131,2.148,2.162,2.173,2.185,2.194,2.206,2.216,2.230,2.240,2.255,2.265,2.276,2.284,2.294,2.303,2.313,2.321,2.331,2.338,2.347,2.353,2.362,2.373,2.387,2.395,2.404,2.414,2.421,2.425,2.430,2.432,2.433,3.000,3.000,3.000,3.000,3.000,3.000,3.000,2.604,2.601,2.608,2.618,2.625,2.627,2.632,2.632,2.632,2.634,3.000,3.000,3.000,3.000,3.000,3.000
3.000,3.000,3.000,3.000,2.190,2.183,2.178,2.172,2.169,2.166,2.163,2.160,2.156,2.150,2.146,2.139,2.136,2.132,2.130,2.126,2.120,2.114,2.108,2.102,2.095,2.085,2.079,2.072,2.065,2.056,2.049,2.043,2.039,2.033,2.024,2.020,2.015,2.012,2.008,2.004,2.001,1.998,1.993,1.988,1.983,1.979,1.976,1.972,1.967,1.962,1.955,1.950,1.944,1.939,1.935,1.931,1.926,1.921,1.918,1.914,1.909,1.903,1.898,1.894,1.889,1.885,1.882,1.878,1.874,1.867,1.860,1.854,1.848,1.843,1.839,1.834,1.828,1.820,1.814,1.808,1.803,1.799,1.790,1.791,1.787,1.785,1.780,1.774,1.767,1.763,1.756,1.754,1.750,1.748,1.743,1.739,1.733,1.729,1.722,1.713,1.708,1.699,1.689,1.669,1.647,1.659,3.000,3.000,3.000,0.890,0.889,0.877,0.868,0.861,0.854,0.849,0.843,0.839,0.835,0.832,0.829,0.826,0.824,0.823,0.821,0.819,0.818,0.816,0.815,0.814,0.813,0.812,0.811,0.810,0.809,0.808,0.808,0.808,0.807,0.807,0.807,0.807,0.808,0.808,0.808,0.809,0.810,0.811,0.811,0.811,0.811,0.812,0.812,0.814,0.814,0.816,0.817,0.818,0.819,0.820,0.822,0.824,0.825,0.827,0.828,0.830,0.831,0.833,0.834,0.836,0.838,0.840,0.843,0.846,0.848,0.851,0.854,0.857,0.861,0.866,0.872,0.878,0.885,0.894,0.901,0.908,0.917,0.924,0.929,0.935,0.940,0.945,0.949,0.954,0.960,0.964,0.967,0.971,0.976,0.982,0.991,1.006,1.022,1.024,3.000,3.000,3.000,1.785,1.782,1.800,1.814,1.823,1.830,1.835,1.840,1.842,1.843,1.839,1.830,1.815,1.759,1.760,1.791,1.820,1.839,1.854,1.866,1.875,1.888,1.896,1.906,1.915,1.922,1.928,1.933,1.939,1.945,1.949,1.954,1.957,1.961,1.965,1.968,1.970,1.974,1.978,1.982,1.985,1.987,1.987,1.988,1.988,1.987,1.986,1.985,1.980,1.973,1.969,1.970,1.973,1.983,2.002,2.008,2.131,2.127,2.147,2.161,2.173,2.185,2.195,2.207,2.217,2.231,2.241,2.255,2.265,2.276,2.285,2.295,2.304,2.313,2.322,2.332,2.340,2.348,2.355,2.363,2.373,2.387,2.395,2.405,2.414,2.421,2.426,2.431,2.433,2.433,3.000,3.000,3.000,3.000,3.000,3.000,3.000,2.601,2.600,2.607,2.617,2.623,2.625,2.631,2.631,2.630,2.632,3.000,3.000,3.000,3.000,3.000,3.000
3.000,3.000,3.000,3.000,2.191,2.190,2.185,2.182,2.179,2.171,2.167,2.163,2.159,2.154,2.150,2.144,2.139,2.136,2.132,2.128,2.121,2.115,2.110,2.104,2.097,2.088,2.081,2.074,2.067,2.058,2.052,2.046,2.041,2.034,2.027,2.023,2.017,2.014,2.010,2.006,2.002,1.999,1.994,1.988,1.983,1.979,1.976,1.972,1.967,1.962,1.957,1.951,1.946,1.941,1.937,1.933,1.928,1.924,1.919,1.916,1.911,1.906,1.901,1.897,1.892,1.888,1.885,1.881,1.876,1.869,1.863,1.857,1.851,1.847,1.844,1.839,1.834,1.826,1.821,1.816,1.812,1.808,1.803,1.801,1.798,1.796,1.791,1.786,1.781,1.776,1.773,1.767,1.763,1.760,1.755,1.751,1.745,1.740,1.733,1.726,1.720,1.711,1.701,1.681,1.659,1.665,3.000,3.000,0.905,0.905,0.889,0.876,0.867,0.860,0.853,0.848,0.842,0.839,0.835,0.832,0.829,0.827,0.825,0.823,0.821,0.820,0.818,0.817,0.815,0.814,0.813,0.812,0.811,0.810,0.809,0.808,0.808,0.808,0.807,0.807,0.807,0.807,0.807,0.807,0.808,0.808,0.809,0.810,0.810,0.810,0.811,0.812,0.812,0.813,0.814,0.815,0.816,0.817,0.819,0.820,0.822,0.823,0.825,0.827,0.828,0.829,0.831,0.832,0.834,0.835,0.838,0.840,0.843,0.846,0.849,0.851,0.854,0.857,0.861,0.866,0.872,0.879,0.886,0.894,0.902,0.910,0.919,0.926,0.931,0.938,0.943,0.947,0.951,0.956,0.961,0.964,0.967,0.971,0.975,0.981,0.990,1.004,1.020,1.051,1.051,3.000,3.000,1.782,1.779,1.800,1.814,1.823,1.830,1.835,1.840,1.845,1.846,1.845,1.838,1.828,1.797,1.789,1.803,1.821,1.838,1.853,1.863,1.872,1.885,1.894,1.903,1.913,1.920,1.927,1.932,1.937,1.943,1.948,1.952,1.957,1.961,1.965,1.968,1.970,1.974,1.978,1.981,1.984,1.985,1.986,1.986,1.985,1.983,1.981,1.980,1.975,1.970,1.965,1.966,1.969,1.978,1.997,2.002,2.127,2.124,2.146,2.161,2.173,2.184,2.195,2.208,2.218,2.230,2.241,2.255,2.265,2.275,2.284,2.294,2.303,2.313,2.322,2.331,2.340,2.349,2.355,2.363,2.372,2.383,2.393,2.404,2.413,2.420,2.424,2.429,2.429,2.433,2.429,3.000,3.000,3.000,3.000,3.000,3.000,2.600,2.598,2.604,2.614,2.620,2.622,2.628,2.628,2.627,2.630,3.000,3.000,3.000,3.000,3.000,3.000
3.000,3.000,3.000,3.000,2.191,2.191,2.187,2.184,2.181,2.174,2.169,2.165,2.162,2.157,2.153,2.146,2.142,2.138,2.134,2.130,2.123,2.117,2.112,2.106,2.099,2.091,2.084,2.076,2.069,2.060,2.054,2.048,2.042,2.035,2.028,2.024,2.019,2.015,2.010,2.006,2.002,1.999,1.995,1.989,1.984,1.980,1.976,1.971,1.967,1.962,1.958,1.952,1.948,1.942,1.939,1.935,1.929,1.926,1.921,1.918,1.913,1.910,1.905,1.902,1.896,1.892,1.888,1.884,1.879,1.872,1.865,1.860,1.855,1.850,1.847,1.842,1.838,1.831,1.827,1.822,1.818,1.815,1.810,1.808,1.805,1.803,1.800,1.795,1.791,1.788,1.784,1.779,1.775,1.771,1.764,1.758,1.752,1.747,1.740,1.734,1.727,1.718,1.707,1.688,1.665,1.670,3.000,3.000,0.905,0.905,0.888,0.876,0.866,0.859,0.852,0.847,0.842,0.838,0.835,0.832,0.829,0.827,0.825,0.823,0.821,0.820,0.818,0.817,0.816,0.815,0.813,0.812,0.811,0.810,0.809,0.808,0.808,0.807,0.807,0.807,0.807,0.807,0.807,0.807,0.807,0.808,0.809,0.809,0.810,0.810,0.810,0.811,0.812,0.813,0.814,0.815,0.816,0.817,0.819,0.820,0.822,0.824,0.825,0.827,0.828,0.830,0.831,0.832,0.834,0.835,0.838,0.840,0.844,0.847,0.849,0.852,0.855,0.858,0.862,0.866,0.873,0.879,0.886,0.895,0.903,0.911,0.921,0.928,0.935,0.941,0.945,0.950,0.953,0.958,0.962,0.965,0.967,0.970,0.975,0.980,0.989,1.002,1.018,1.051,1.051,3.000,3.000,1.779,1.800,1.797,1.812,1.821,1.829,1.835,1.840,1.845,1.847,1.847,1.842,1.835,1.814,1.805,1.813,1.823,1.837,1.850,1.860,1.869,1.879,1.891,1.900,1.910,1.917,1.924,1.930,1.935,1.941,1.946,1.951,1.955,1.960,1.965,1.968,1.970,1.973,1.976,1.979,1.982,1.983,1.984,1.984,1.983,1.981,1.978,1.977,1.972,1.967,1.963,1.964,1.967,1.976,1.992,1.997,2.124,2.121,2.144,2.160,2.173,2.184,2.195,2.208,2.219,2.230,2.242,2.255,2.265,2.275,2.285,2.294,2.304,2.313,2.322,2.332,2.342,2.350,2.356,2.364,2.373,2.383,2.393,2.404,2.413,2.420,2.425,2.431,2.430,2.429,2.431,3.000,3.000,3.000,3.000,3.000,3.000,2.602,2.597,2.603,2.613,2.618,2.620,2.625,2.626,2.623,2.633,3.000,3.000,3.000,3.000,3.000,3.000
3.000,3.000,3.000,3.000,2.191,2.188,2.185,2.183,2.180,2.174,2.170,2.167,2.164,2.158,2.154,2.146,2.143,2.139,2.136,2.131,2.125,2.118,2.113,2.108,2.102,2.094,2.087,2.078,2.071,2.062,2.056,2.048,2.043,2.036,2.029,2.025,2.019,2.015,2.011,2.006,2.003,2.000,1.997,1.991,1.986,1.981,1.977,1.972,1.968,1.963,1.959,1.954,1.949,1.944,1.941,1.937,1.931,1.927,1.923,1.920,1.916,1.913,1.908,1.905,1.898,1.895,1.891,1.887,1.882,1.875,1.868,1.863,1.857,1.854,1.850,1.846,1.841,1.835,1.831,1.827,1.824,1.821,1.816,1.814,1.811,1.809,1.805,1.801,1.797,1.794,1.791,1.787,1.781,1.777,1.771,1.763,1.757,1.752,1.745,1.738,1.732,1.723,1.711,1.692,1.670,1.670,3.000,3.000,0.905,0.902,0.886,0.874,0.865,0.857,0.850,0.845,0.841,0.837,0.834,0.831,0.828,0.826,0.824,0.823,0.821,0.820,0.818,0.817,0.816,0.815,0.813,0.813,0.812,0.811,0.809,0.809,0.808,0.808,0.807,0.807,0.807,0.807,0.807,0.807,0.807,0.808,0.809,0.809,0.810,0.810,0.811,0.812,0.812,0.813,0.814,0.815,0.816,0.818,0.819,0.821,0.823,0.824,0.826,0.827,0.828,0.830,0.831,0.833,0.834,0.835,0.838,0.841,0.844,0.847,0.849,0.852,0.855,0.858,0.862,0.866,0.873,0.879,0.886,0.895,0.904,0.912,0.922,0.929,0.936,0.942,0.947,0.951,0.954,0.958,0.961,0.964,0.966,0.969,0.973,0.979,0.987,0.999,1.013,1.039,1.051,3.000,3.000,3.000,1.797,1.793,1.809,1.819,1.828,1.834,1.841,1.845,1.848,1.848,1.844,1.839,1.826,1.816,1.818,1.824,1.837,1.847,1.857,1.865,1.876,1.886,1.897,1.907,1.915,1.923,1.928,1.934,1.940,1.945,1.949,1.953,1.959,1.963,1.965,1.967,1.969,1.973,1.976,1.979,1.980,1.981,1.982,1.981,1.978,1.975,1.973,1.970,1.965,1.962,1.963,1.965,1.974,1.988,1.992,2.121,2.119,2.142,2.158,2.172,2.183,2.194,2.207,2.219,2.231,2.244,2.256,2.266,2.276,2.285,2.295,2.306,2.314,2.324,2.334,2.343,2.351,2.358,2.365,2.374,2.384,2.393,2.405,2.414,2.422,2.429,2.436,2.437,2.431,2.442,3.000,3.000,3.000,3.000,3.000,3.000,2.605,2.602,2.610,2.619,2.624,2.625,2.632,2.633,2.633,2.638,3.000,3.000,3.000,3.000,3.000,3.000
3.000,3.000,3.000,3.000,2.202,2.190,2.186,2.185,2.182,2.176,2.172,2.169,2.166,2.161,2.156,2.149,2.145,2.142,2.138,2.134,2.127,2.120,2.116,2.111,2.105,2.099,2.090,2.081,2.073,2.065,2.058,2.051,2.045,2.037,2.032,2.027,2.022,2.017,2.013,2.008,2.005,2.003,2.000,1.995,1.990,1.985,1.981,1.976,1.971,1.966,1.962,1.956,1.952,1.947,1.943,1.939,1.932,1.928,1.924,1.920,1.916,1.914,1.909,1.907,1.901,1.897,1.893,1.888,1.884,1.877,1.870,1.865,1.859,1.856,1.853,1.849,1.844,1.838,1.835,1.831,1.828,1.825,1.820,1.818,1.814,1.812,1.809,1.805,1.802,1.799,1.795,1.790,1.784,1.780,1.773,1.766,1.760,1.754,1.748,1.741,1.735,1.725,1.714,1.694,1.670,1.670,3.000,3.000,0.902,0.902,0.885,0.873,0.864,0.856,0.849,0.845,0.840,0.837,0.834,0.831,0.828,0.826,0.824,0.823,0.821,0.820,0.819,0.817,0.816,0.815,0.814,0.813,0.812,0.811,0.810,0.809,0.808,0.808,0.807,0.807,0.807,0.807,0.808,0.808,0.808,0.809,0.809,0.810,0.810,0.811,0.811,0.813,0.813,0.814,0.815,0.816,0.817,0.819,0.821,0.822,0.824,0.825,0.826,0.828,0.829,0.830,0.831,0.833,0.834,0.836,0.838,0.841,0.844,0.847,0.850,0.853,0.856,0.859,0.863,0.867,0.873,0.879,0.886,0.895,0.904,0.912,0.923,0.930,0.937,0.944,0.948,0.952,0.955,0.958,0.961,0.963,0.966,0.968,0.973,0.978,0.985,0.997,1.010,1.034,1.050,1.050,3.000,3.000,1.793,1.786,1.806,1.817,1.826,1.834,1.841,1.846,1.848,1.849,1.847,1.843,1.834,1.826,1.824,1.826,1.835,1.844,1.854,1.862,1.871,1.880,1.891,1.903,1.911,1.919,1.925,1.931,1.937,1.941,1.945,1.950,1.955,1.959,1.961,1.962,1.965,1.968,1.972,1.974,1.976,1.977,1.979,1.977,1.975,1.971,1.970,1.967,1.963,1.960,1.961,1.963,1.972,1.986,2.002,2.119,2.142,2.140,2.157,2.171,2.183,2.195,2.208,2.219,2.232,2.245,2.258,2.268,2.278,2.288,2.298,2.307,2.316,2.326,2.335,2.345,2.353,2.360,2.368,2.376,2.386,2.396,2.409,2.417,2.426,2.433,2.441,2.443,2.442,2.449,3.000,3.000,3.000,3.000,3.000,3.000,2.606,2.605,2.613,2.621,2.626,2.629,2.635,2.639,2.638,2.646,3.000,3.000,3.000,3.000,3.000,3.000
3.000,3.000,3.000,3.000,2.202,2.202,2.193,2.191,2.188,2.182,2.176,2.172,2.169,2.165,2.159,2.153,2.149,2.146,2.141,2.137,2.127,2.121,2.117,2.112,2.107,2.101,2.094,2.085,2.076,2.067,2.061,2.054,2.048,2.041,2.035,2.030,2.024,2.020,2.016,2.011,2.008,2.007,2.004,1.999,1.994,1.989,1.985,1.980,1.976,1.970,1.966,1.960,1.955,1.950,1.945,1.941,1.934,1.928,1.923,1.919,1.915,1.913,1.909,1.906,1.901,1.898,1.894,1.890,1.885,1.880,1.874,1.869,1.864,1.860,1.857,1.852,1.848,1.842,1.839,1.836,1.831,1.827,1.823,1.820,1.817,1.815,1.812,1.808,1.804,1.801,1.797,1.792,1.786,1.782,1.775,1.768,1.762,1.756,1.750,1.744,1.737,1.726,1.714,1.694,1.694,1.670,3.000,0.921,0.921,0.898,0.883,0.872,0.862,0.855,0.849,0.844,0.840,0.837,0.834,0.831,0.829,0.827,0.825,0.823,0.822,0.820,0.819,0.818,0.816,0.815,0.814,0.813,0.812,0.812,0.810,0.810,0.809,0.808,0.808,0.807,0.807,0.808,0.808,0.808,0.808,0.809,0.810,0.810,0.811,0.812,0.812,0.813,0.814,0.815,0.816,0.817,0.818,0.819,0.822,0.823,0.824,0.825,0.827,0.828,0.829,0.830,0.832,0.833,0.834,0.836,0.838,0.841,0.845,0.848,0.851,0.854,0.857,0.860,0.863,0.867,0.873,0.878,0.886,0.894,0.903,0.912,0.922,0.931,0.938,0.945,0.949,0.953,0.956,0.959,0.961,0.963,0.966,0.968,0.972,0.977,0.985,0.995,1.007,1.028,1.050,1.050,3.000,3.000,1.786,1.777,1.801,1.815,1.825,1.833,1.840,1.845,1.849,1.850,1.849,1.846,1.839,1.831,1.826,1.827,1.833,1.838,1.848,1.857,1.866,1.873,1.885,1.896,1.905,1.913,1.918,1.926,1.932,1.935,1.939,1.944,1.948,1.954,1.954,1.955,1.958,1.961,1.965,1.967,1.970,1.971,1.974,1.971,1.971,1.968,1.967,1.964,1.960,1.958,1.959,1.961,1.970,1.982,2.002,2.002,2.140,2.138,2.158,2.172,2.184,2.196,2.209,2.222,2.235,2.247,2.261,2.271,2.281,2.291,2.300,2.310,2.319,2.329,2.337,2.347,2.355,2.363,2.370,2.379,2.391,2.399,2.414,2.422,2.432,2.439,2.448,2.449,2.449,2.456,3.000,3.000,3.000,3.000,3.000,2.603,2.606,2.606,2.613,2.621,2.626,2.629,2.641,2.644,2.646,2.646,3.000,3.000,3.000,3.000,3.000,3.000
3.000,3.000,3.000,3.000,2.202,2.209,2.203,2.200,2.196,2.189,2.182,2.176,2.173,2.168,2.163,2.156,2.152,2.149,2.144,2.140,2.133,2.126,2.121,2.115,2.110,2.104,2.097,2.091,2.082,2.071,2.064,2.057,2.050,2.043,2.037,2.032,2.027,2.022,2.018,2.014,2.012,2.010,2.006,2.002,1.997,1.992,1.988,1.983,1.979,1.975,1.969,1.964,1.960,1.953,1.949,1.944,1.937,1.929,1.924,1.920,1.916,1.913,1.909,1.906,1.901,1.898,1.895,1.891,1.886,1.882,1.876,1.872,1.866,1.862,1.859,1.855,1.850,1.844,1.841,1.839,1.835,1.831,1.826,1.823,1.820,1.817,1.815,1.810,1.807,1.804,1.799,1.794,1.788,1.783,1.777,1.771,1.765,1.759,1.753,1.745,1.738,1.727,1.714,1.693,1.694,3.000,3.000,0.921,0.921,0.896,0.880,0.870,0.861,0.854,0.848,0.844,0.840,0.837,0.834,0.831,0.829,0.827,0.825,0.823,0.822,0.821,0.819,0.818,0.816,0.815,0.815,0.814,0.813,0.812,0.811,0.810,0.809,0.809,0.808,0.808,0.808,0.808,0.808,0.809,0.809,0.810,0.810,0.811,0.812,0.813,0.813,0.814,0.815,0.816,0.817,0.818,0.819,0.820,0.822,0.823,0.825,0.826,0.827,0.828,0.829,0.831,0.832,0.833,0.834,0.836,0.838,0.841,0.845,0.848,0.851,0.855,0.858,0.861,0.864,0.868,0.873,0.878,0.885,0.893,0.902,0.911,0.922,0.931,0.939,0.946,0.950,0.954,0.957,0.959,0.961,0.963,0.965,0.968,0.972,0.976,0.984,0.994,1.005,1.024,1.044,1.050,3.000,3.000,1.777,1.801,1.798,1.813,1.824,1.833,1.840,1.845,1.849,1.851,1.850,1.848,1.843,1.834,1.826,1.824,1.828,1.833,1.843,1.851,1.859,1.866,1.874,1.885,1.894,1.905,1.911,1.920,1.925,1.928,1.932,1.937,1.940,1.943,1.945,1.946,1.950,1.953,1.956,1.959,1.961,1.963,1.967,1.965,1.966,1.963,1.961,1.958,1.956,1.955,1.956,1.958,1.966,1.979,1.998,2.002,2.138,2.137,2.158,2.173,2.186,2.198,2.211,2.224,2.237,2.249,2.263,2.272,2.283,2.293,2.302,2.312,2.322,2.331,2.340,2.349,2.358,2.365,2.374,2.383,2.395,2.406,2.421,2.430,2.439,2.445,2.454,2.454,2.456,2.462,3.000,3.000,3.000,3.000,3.000,2.603,2.603,2.606,2.614,2.622,2.628,2.631,2.642,2.645,2.646,2.646,3.000,3.000,3.000,3.000,3.000,3.000
3.000,3.000,3.000,3.000,3.000,2.209,2.209,2.206,2.201,2.194,2.187,2.181,2.177,2.172,2.166,2.158,2.153,2.150,2.146,2.142,2.137,2.129,2.123,2.118,2.113,2.108,2.101,2.093,2.086,2.076,2.070,2.061,2.053,2.045,2.040,2.035,2.030,2.025,2.021,2.017,2.015,2.013,2.009,2.005,2.001,1.996,1.992,1.987,1.983,1.978,1.973,1.967,1.963,1.957,1.952,1.947,1.941,1.933,1.926,1.921,1.917,1.914,1.909,1.906,1.902,1.899,1.895,1.892,1.886,1.882,1.874,1.870,1.865,1.862,1.859,1.855,1.850,1.845,1.842,1.840,1.837,1.833,1.829,1.826,1.823,1.820,1.817,1.813,1.810,1.807,1.803,1.796,1.790,1.786,1.779,1.773,1.767,1.761,1.755,1.747,1.740,1.727,1.713,1.690,1.693,3.000,3.000,0.921,0.914,0.892,0.877,0.867,0.859,0.853,0.848,0.844,0.840,0.837,0.834,0.831,0.828,0.826,0.825,0.823,0.822,0.821,0.819,0.818,0.816,0.815,0.815,0.814,0.813,0.812,0.811,0.810,0.809,0.809,0.808,0.808,0.808,0.808,0.809,0.809,0.810,0.810,0.811,0.812,0.813,0.813,0.814,0.815,0.816,0.817,0.817,0.819,0.820,0.821,0.823,0.824,0.825,0.826,0.827,0.829,0.830,0.831,0.832,0.834,0.835,0.836,0.838,0.841,0.845,0.849,0.852,0.855,0.858,0.861,0.865,0.869,0.873,0.878,0.884,0.892,0.901,0.910,0.922,0.931,0.939,0.946,0.951,0.955,0.958,0.960,0.962,0.964,0.965,0.968,0.971,0.976,0.983,0.992,1.003,1.020,1.040,1.063,1.063,3.000,3.000,1.798,1.794,1.811,1.823,1.832,1.840,1.845,1.850,1.851,1.851,1.849,1.844,1.835,1.825,1.822,1.824,1.827,1.836,1.845,1.853,1.860,1.866,1.875,1.885,1.897,1.903,1.909,1.916,1.918,1.921,1.928,1.931,1.935,1.937,1.938,1.941,1.945,1.948,1.950,1.953,1.955,1.958,1.958,1.959,1.956,1.955,1.953,1.951,1.950,1.950,1.951,1.961,1.973,1.992,1.998,2.138,2.138,2.160,2.174,2.188,2.200,2.214,2.226,2.239,2.249,2.262,2.272,2.282,2.291,2.301,2.311,2.323,2.333,2.343,2.351,2.359,2.367,2.376,2.388,2.398,2.407,2.423,2.433,2.442,2.448,2.459,2.460,2.462,2.463,3.000,3.000,3.000,3.000,3.000,2.603,2.601,2.606,2.616,2.624,2.631,2.634,2.642,2.644,2.645,3.000,3.000,3.000,3.000,3.000,3.000,3.000
3.000,3.000,3.000,3.000,3.000,2.209,2.210,2.209,2.203,2.197,2.191,2.184,2.180,2.175,2.169,2.160,2.155,2.152,2.148,2.144,2.140,2.134,2.126,2.121,2.116,2.110,2.102,2.095,2.089,2.079,2.073,2.067,2.057,2.048,2.043,2.039,2.034,2.029,2.025,2.021,2.018,2.016,2.012,2.007,2.004,2.000,1.996,1.990,1.986,1.982,1.977,1.971,1.967,1.961,1.955,1.951,1.945,1.936,1.928,1.924,1.919,1.915,1.911,1.908,1.903,1.900,1.897,1.893,1.888,1.883,1.876,1.872,1.868,1.864,1.862,1.858,1.853,1.848,1.845,1.843,1.840,1.836,1.833,1.829,1.825,1.823,1.820,1.816,1.813,1.810,1.806,1.799,1.794,1.789,1.783,1.777,1.771,1.765,1.758,1.749,1.741,1.728,1.713,1.713,1.690,3.000,3.000,0.914,0.910,0.889,0.875,0.866,0.858,0.852,0.847,0.844,0.840,0.837,0.834,0.831,0.828,0.826,0.825,0.823,0.822,0.821,0.819,0.818,0.816,0.815,0.815,0.814,0.813,0.812,0.811,0.810,0.810,0.809,0.809,0.809,0.809,0.809,0.810,0.810,0.811,0.811,0.812,0.813,0.813,0.814,0.814,0.815,0.816,0.817,0.818,0.819,0.820,0.821,0.823,0.824,0.825,0.826,0.827,0.829,0.830,0.831,0.832,0.834,0.835,0.836,0.838,0.841,0.846,0.850,0.853,0.856,0.859,0.862,0.866,0.869,0.874,0.879,0.885,0.893,0.901,0.911,0.922,0.931,0.940,0.947,0.951,0.956,0.958,0.960,0.962,0.963,0.965,0.967,0.970,0.974,0.981,0.989,1.001,1.017,1.036,1.063,1.063,3.000,3.000,1.794,1.790,1.808,1.821,1.831,1.839,1.845,1.849,1.851,1.851,1.849,1.843,1.835,1.822,1.818,1.820,1.821,1.830,1.839,1.846,1.853,1.858,1.865,1.873,1.882,1.893,1.895,1.898,1.902,1.906,1.913,1.916,1.922,1.921,1.924,1.926,1.931,1.931,1.933,1.936,1.940,1.943,1.949,1.950,1.949,1.947,1.947,1.946,1.946,1.946,1.947,1.956,1.966,1.987,1.992,2.138,2.136,2.160,2.175,2.191,2.203,2.217,2.227,2.240,2.250,2.262,2.270,2.282,2.291,2.302,2.313,2.325,2.336,2.345,2.353,2.362,2.370,2.379,2.390,2.400,2.409,2.423,2.433,2.443,2.449,2.458,2.460,2.463,2.463,3.000,3.000,3.000,3.000,3.000,2.601,2.600,2.605,2.618,2.626,2.632,2.635,2.641,2.641,2.644,3.000,3.000,3.000,3.000,3.000,3.000,3.000
3.000,3.000,3.000,3.000,3.000,3.000,2.210,2.210,2.204,2.199,2.194,2.187,2.184,2.176,2.171,2.162,2.158,2.154,2.150,2.146,2.142,2.137,2.129,2.123,2.117,2.111,2.103,2.097,2.090,2.081,2.076,2.070,2.062,2.052,2.047,2.042,2.037,2.032,2.027,2.022,2.020,2.017,2.014,2.009,2.005,2.001,1.998,1.993,1.989,1.984,1.979,1.974,1.969,1.963,1.958,1.953,1.947,1.939,1.931,1.925,1.920,1.917,1.913,1.910,1.905,1.902,1.898,1.895,1.889,1.885,1.881,1.877,1.871,1.868,1.865,1.862,1.857,1.851,1.849,1.847,1.842,1.839,1.835,1.831,1.828,1.825,1.823,1.819,1.816,1.812,1.809,1.802,1.797,1.793,1.787,1.780,1.774,1.768,1.761,1.752,1.743,1.729,1.713,1.713,3.000,3.000,3.000,0.910,0.905,0.886,0.874,0.865,0.857,0.852,0.847,0.843,0.840,0.837,0.834,0.831,0.829,0.827,0.825,0.824,0.823,0.821,0.820,0.819,0.817,0.816,0.815,0.814,0.813,0.813,0.811,0.811,0.810,0.810,0.809,0.809,0.809,0.810,0.810,0.811,0.811,0.811,0.812,0.813,0.814,0.814,0.815,0.815,0.816,0.817,0.818,0.819,0.820,0.821,0.822,0.823,0.824,0.825,0.827,0.829,0.830,0.831,0.832,0.833,0.834,0.836,0.838,0.841,0.847,0.850,0.853,0.857,0.860,0.863,0.866,0.870,0.875,0.880,0.886,0.893,0.901,0.911,0.923,0.933,0.941,0.949,0.953,0.956,0.958,0.960,0.961,0.963,0.964,0.966,0.969,0.973,0.979,0.987,0.998,1.014,1.032,1.058,1.063,3.000,3.000,1.790,1.783,1.803,1.818,1.829,1.837,1.843,1.847,1.849,1.848,1.846,1.840,1.829,1.818,1.814,1.815,1.814,1.822,1.830,1.839,1.846,1.851,1.856,1.864,1.873,1.878,1.882,1.887,1.891,1.894,1.897,1.900,1.903,1.906,1.909,1.911,1.911,1.914,1.918,1.922,1.926,1.932,1.934,1.939,1.939,1.940,1.941,1.941,1.940,1.938,1.941,1.952,1.961,1.980,1.987,2.136,2.132,2.157,2.173,2.188,2.203,2.217,2.228,2.242,2.251,2.262,2.270,2.282,2.292,2.304,2.314,2.326,2.337,2.347,2.355,2.364,2.372,2.383,2.393,2.401,2.410,2.422,2.432,2.442,2.447,2.456,2.457,2.460,2.463,3.000,3.000,3.000,3.000,3.000,2.602,2.600,2.605,2.619,2.628,2.634,2.636,2.639,2.640,2.641,3.000,3.000,3.000,3.000,3.000,3.000,3.000
3.000,3.000,3.000,3.000,3.000,3.000,2.211,2.208,2.204,2.201,2.196,2.191,2.188,2.182,2.176,2.165,2.161,2.156,2.153,2.150,2.145,2.140,2.131,2.125,2.119,2.112,2.105,2.099,2.092,2.085,2.080,2.074,2.066,2.056,2.050,2.045,2.040,2.034,2.029,2.025,2.023,2.021,2.016,2.012,2.008,2.004,2.000,1.995,1.992,1.987,1.982,1.977,1.972,1.965,1.959,1.954,1.948,1.939,1.931,1.926,1.922,1.919,1.915,1.912,1.908,1.904,1.901,1.897,1.892,1.888,1.883,1.879,1.874,1.871,1.869,1.866,1.860,1.856,1.853,1.850,1.845,1.841,1.838,1.834,1.831,1.828,1.826,1.822,1.819,1.815,1.811,1.805,1.800,1.795,1.789,1.782,1.776,1.770,1.762,1.753,1.744,1.729,1.712,1.713,3.000,3.000,3.000,0.905,0.901,0.884,0.872,0.864,0.857,0.852,0.847,0.843,0.840,0.837,0.835,0.832,0.830,0.828,0.826,0.825,0.824,0.822,0.821,0.819,0.817,0.816,0.816,0.815,0.814,0.813,0.812,0.811,0.811,0.810,0.810,0.810,0.810,0.810,0.811,0.811,0.811,0.811,0.813,0.813,0.814,0.815,0.815,0.815,0.816,0.817,0.818,0.819,0.820,0.821,0.822,0.823,0.824,0.826,0.827,0.829,0.830,0.831,0.832,0.833,0.834,0.836,0.838,0.841,0.847,0.850,0.853,0.857,0.860,0.863,0.866,0.870,0.875,0.880,0.886,0.894,0.902,0.912,0.924,0.936,0.944,0.951,0.954,0.957,0.959,0.961,0.962,0.963,0.964,0.966,0.969,0.972,0.978,0.985,0.994,1.009,1.027,1.050,1.058,3.000,3.000,1.783,1.803,1.797,1.814,1.826,1.835,1.841,1.845,1.847,1.847,1.844,1.836,1.824,1.814,1.810,1.810,1.808,1.815,1.821,1.830,1.837,1.841,1.846,1.851,1.856,1.863,1.867,1.870,1.877,1.880,1.883,1.887,1.892,1.895,1.898,1.900,1.902,1.906,1.910,1.914,1.917,1.921,1.923,1.928,1.932,1.933,1.935,1.935,1.936,1.934,1.936,1.947,1.956,1.973,1.980,2.132,2.157,2.156,2.172,2.188,2.202,2.217,2.228,2.242,2.251,2.262,2.270,2.283,2.292,2.305,2.315,2.327,2.339,2.349,2.357,2.367,2.375,2.386,2.395,2.404,2.412,2.424,2.432,2.440,2.446,2.455,2.455,2.459,2.464,3.000,3.000,3.000,3.000,3.000,2.604,2.602,2.607,2.623,2.630,2.635,2.637,2.640,2.639,2.645,3.000,3.000,3.000,3.000,3.000,3.000,3.000
3.000,3.000,3.000,3.000,3.000,3.000,2.212,2.211,2.207,2.204,2.200,2.196,2.193,2.187,2.180,2.169,2.165,2.159,2.157,2.151,2.148,2.141,2.133,2.126,2.120,2.115,2.107,2.100,2.094,2.087,2.082,2.076,2.067,2.057,2.051,2.047,2.042,2.036,2.031,2.027,2.026,2.024,2.020,2.015,2.011,2.006,2.003,1.998,1.994,1.989,1.984,1.979,1.974,1.967,1.961,1.955,1.949,1.941,1.933,1.928,1.924,1.921,1.918,1.916,1.912,1.907,1.903,1.900,1.894,1.890,1.886,1.882,1.877,1.874,1.872,1.869,1.864,1.859,1.856,1.852,1.847,1.843,1.840,1.837,1.833,1.831,1.828,1.824,1.821,1.817,1.813,1.806,1.801,1.796,1.791,1.784,1.778,1.771,1.764,1.754,1.743,1.726,1.707,1.712,3.000,3.000,3.000,0.901,0.896,0.881,0.871,0.863,0.857,0.852,0.847,0.844,0.841,0.838,0.836,0.833,0.831,0.829,0.828,0.826,0.825,0.824,0.822,0.820,0.818,0.817,0.817,0.816,0.815,0.814,0.813,0.812,0.811,0.811,0.811,0.810,0.811,0.811,0.811,0.811,0.811,0.812,0.813,0.814,0.814,0.815,0.815,0.815,0.816,0.817,0.818,0.820,0.820,0.821,0.823,0.824,0.825,0.826,0.827,0.829,0.830,0.831,0.832,0.833,0.834,0.835,0.837,0.841,0.846,0.850,0.853,0.857,0.860,0.863,0.867,0.871,0.876,0.881,0.887,0.895,0.903,0.914,0.926,0.939,0.947,0.954,0.957,0.959,0.960,0.962,0.963,0.964,0.965,0.967,0.969,0.972,0.977,0.984,0.992,1.006,1.022,1.042,1.050,3.000,3.000,3.000,1.797,1.789,1.808,1.822,1.831,1.838,1.843,1.844,1.843,1.840,1.829,1.815,1.808,1.804,1.804,1.801,1.803,1.807,1.819,1.828,1.832,1.835,1.841,1.844,1.850,1.854,1.858,1.864,1.869,1.873,1.879,1.886,1.890,1.893,1.896,1.898,1.902,1.905,1.909,1.912,1.914,1.915,1.917,1.925,1.928,1.930,1.930,1.930,1.928,1.930,1.938,1.948,1.963,1.973,3.000,2.156,2.156,2.172,2.188,2.200,2.216,2.227,2.240,2.250,2.261,2.269,2.282,2.293,2.306,2.317,2.331,2.341,2.351,2.359,2.368,2.377,2.389,2.399,2.407,2.415,2.426,2.434,2.442,2.448,2.457,2.459,2.464,2.464,3.000,3.000,3.000,3.000,3.000,2.611,2.604,2.613,2.626,2.632,2.638,2.640,2.645,2.645,2.654,3.000,3.000,3.000,3.000,3.000,3.000,3.000
3.000,3.000,3.000,3.000,3.000,3.000,2.215,2.212,2.208,2.206,2.202,2.198,2.195,2.187,2.180,2.170,2.166,2.159,2.158,2.152,2.149,2.142,2.134,2.128,2.121,2.117,2.110,2.102,2.095,2.089,2.084,2.078,2.071,2.060,2.054,2.050,2.045,2.039,2.033,2.030,2.029,2.027,2.023,2.019,2.015,2.009,2.005,2.000,1.997,1.991,1.986,1.982,1.977,1.969,1.963,1.957,1.951,1.942,1.935,1.930,1.927,1.925,1.921,1.918,1.914,1.910,1.906,1.902,1.897,1.892,1.888,1.884,1.879,1.876,1.874,1.871,1.866,1.862,1.857,1.854,1.848,1.844,1.841,1.839,1.835,1.832,1.829,1.825,1.822,1.818,1.814,1.808,1.802,1.798,1.792,1.786,1.779,1.773,1.766,1.755,1.744,1.725,1.704,1.707,3.000,3.000,0.907,0.907,0.893,0.879,0.869,0.863,0.856,0.852,0.848,0.845,0.842,0.840,0.837,0.835,0.832,0.831,0.829,0.828,0.827,0.825,0.824,0.822,0.820,0.819,0.818,0.818,0.817,0.816,0.815,0.813,0.813,0.812,0.812,0.811,0.811,0.811,0.811,0.811,0.811,0.812,0.813,0.814,0.814,0.815,0.815,0.815,0.816,0.817,0.818,0.819,0.820,0.821,0.822,0.824,0.825,0.826,0.827,0.829,0.830,0.831,0.832,0.833,0.834,0.835,0.837,0.840,0.845,0.849,0.852,0.856,0.859,0.863,0.867,0.871,0.876,0.882,0.888,0.896,0.905,0.916,0.929,0.942,0.950,0.956,0.959,0.961,0.962,0.964,0.965,0.965,0.966,0.967,0.969,0.972,0.977,0.983,0.991,1.003,1.018,1.035,1.049,1.049,3.000,3.000,1.789,1.780,1.801,1.816,1.827,1.835,1.839,1.840,1.839,1.835,1.822,1.809,1.801,1.798,1.797,1.794,1.796,1.799,1.808,1.817,1.822,1.828,1.833,1.838,1.844,1.849,1.853,1.859,1.864,1.869,1.876,1.884,1.888,1.892,1.895,1.897,1.900,1.903,1.907,1.910,1.912,1.911,1.912,1.917,1.924,1.927,1.927,1.926,1.925,1.926,1.933,1.942,1.956,1.963,3.000,2.156,2.172,2.188,2.200,2.216,2.227,2.240,2.240,2.248,2.261,2.269,2.282,2.293,2.307,2.318,2.332,2.342,2.353,2.361,2.370,2.378,2.391,2.401,2.411,2.419,2.429,2.436,2.445,2.450,2.458,2.459,2.464,2.464,3.000,3.000,3.000,3.000,3.000,2.616,2.611,2.617,2.629,2.635,2.641,2.644,2.650,2.654,2.658,3.000,3.000,3.000,3.000,3.000,3.000,3.000
3.000,3.000,3.000,3.000,3.000,3.000,2.215,2.215,2.212,2.209,2.204,2.199,2.194,2.187,2.179,2.170,2.165,2.159,2.158,2.152,2.149,2.142,2.135,2.129,2.123,2.118,2.111,2.104,2.097,2.091,2.086,2.080,2.074,2.064,2.058,2.053,2.048,2.042,2.036,2.032,2.031,2.029,2.026,2.022,2.017,2.013,2.007,2.001,1.998,1.993,1.989,1.983,1.978,1.972,1.966,1.960,1.954,1.945,1.938,1.933,1.929,1.926,1.923,1.920,1.916,1.912,1.908,1.904,1.899,1.894,1.890,1.886,1.881,1.878,1.875,1.873,1.868,1.863,1.858,1.854,1.849,1.845,1.842,1.840,1.837,1.834,1.830,1.826,1.823,1.820,1.815,1.809,1.803,1.799,1.793,1.787,1.781,1.774,1.767,1.756,1.744,1.724,1.700,1.704,3.000,3.000,0.907,0.907,0.888,0.877,0.868,0.862,0.856,0.852,0.848,0.845,0.843,0.841,0.839,0.837,0.834,0.832,0.831,0.829,0.828,0.827,0.826,0.824,0.822,0.821,0.820,0.819,0.818,0.817,0.816,0.815,0.814,0.813,0.813,0.812,0.812,0.812,0.812,0.812,0.811,0.812,0.813,0.813,0.814,0.814,0.814,0.815,0.815,0.816,0.818,0.819,0.820,0.821,0.822,0.824,0.825,0.826,0.827,0.828,0.829,0.830,0.831,0.833,0.833,0.835,0.837,0.840,0.844,0.848,0.852,0.855,0.859,0.863,0.867,0.871,0.877,0.883,0.890,0.898,0.908,0.921,0.935,0.946,0.953,0.958,0.961,0.963,0.964,0.965,0.966,0.967,0.968,0.968,0.970,0.973,0.977,0.983,0.990,1.001,1.015,1.029,1.049,1.049,3.000,3.000,1.780,1.801,1.793,1.810,1.821,1.828,1.834,1.834,1.832,1.825,1.814,1.801,1.793,1.791,1.791,1.788,1.790,1.793,1.800,1.810,1.814,1.821,1.829,1.835,1.841,1.847,1.851,1.858,1.863,1.869,1.876,1.883,1.888,1.891,1.894,1.896,1.899,1.902,1.907,1.909,1.911,1.910,1.911,1.915,1.922,1.924,1.923,1.920,1.919,1.919,1.923,1.927,1.940,1.956,3.000,3.000,3.000,3.000,3.000,3.000,3.000,2.240,2.248,2.261,2.260,2.268,2.282,2.293,2.307,2.319,2.332,2.343,2.355,2.363,2.373,2.380,2.392,2.404,2.415,2.422,2.431,2.438,2.447,2.451,2.457,2.457,2.459,3.000,3.000,3.000,3.000,3.000,3.000,2.620,2.616,2.621,2.634,2.640,2.644,2.646,2.650,2.658,2.660,3.000,3.000,3.000,3.000,3.000,3.000,3.000
3.000,3.000,3.000,3.000,3.000,3.000,2.215,2.215,2.215,2.211,2.208,2.202,2.196,2.189,2.181,2.172,2.167,2.160,2.159,2.152,2.150,2.143,2.136,2.130,2.124,2.119,2.112,2.105,2.100,2.093,2.088,2.082,2.076,2.068,2.061,2.056,2.051,2.044,2.038,2.035,2.034,2.032,2.029,2.025,2.020,2.015,2.009,2.004,2.000,1.995,1.990,1.985,1.981,1.974,1.969,1.962,1.956,1.949,1.942,1.936,1.931,1.927,1.923,1.921,1.916,1.912,1.909,1.905,1.900,1.895,1.891,1.887,1.882,1.879,1.877,1.874,1.870,1.865,1.859,1.855,1.850,1.846,1.843,1.841,1.838,1.835,1.831,1.827,1.824,1.821,1.816,1.809,1.804,1.799,1.794,1.787,1.781,1.774,1.767,1.755,1.743,1.722,1.724,1.700,3.000,0.926,0.926,0.903,0.886,0.875,0.867,0.861,0.856,0.852,0.849,0.847,0.844,0.843,0.841,0.839,0.837,0.836,0.834,0.833,0.832,0.831,0.829,0.827,0.825,0.824,0.823,0.823,0.822,0.820,0.818,0.817,0.816,0.816,0.815,0.814,0.813,0.813,0.813,0.812,0.812,0.812,0.813,0.813,0.813,0.814,0.814,0.814,0.815,0.816,0.817,0.818,0.819,0.820,0.822,0.823,0.824,0.825,0.826,0.827,0.828,0.830,0.831,0.832,0.833,0.834,0.836,0.839,0.844,0.847,0.851,0.855,0.858,0.863,0.867,0.872,0.877,0.884,0.891,0.901,0.911,0.925,0.940,0.950,0.957,0.961,0.963,0.965,0.966,0.967,0.968,0.969,0.969,0.970,0.971,0.974,0.978,0.982,0.989,0.999,1.013,1.025,1.043,1.049,3.000,3.000,3.000,1.793,1.782,1.802,1.815,1.821,1.826,1.826,1.825,1.817,1.805,1.791,1.780,1.779,1.781,1.779,1.783,1.786,1.794,1.802,1.808,1.815,1.825,1.832,1.839,1.844,1.849,1.856,1.861,1.868,1.877,1.883,1.888,1.890,1.893,1.896,1.898,1.901,1.907,1.909,1.910,1.909,1.910,1.913,1.920,1.921,1.920,1.916,1.915,1.914,1.913,1.915,1.926,1.940,3.000,3.000,3.000,3.000,3.000,3.000,3.000,3.000,3.000,2.260,2.268,2.282,2.293,2.307,2.322,2.322,2.335,2.346,2.358,2.366,2.376,2.383,2.396,2.408,2.419,2.426,2.435,2.443,2.450,2.454,2.459,2.458,2.459,3.000,3.000,3.000,3.000,3.000,3.000,2.622,2.620,2.624,2.637,2.643,2.646,2.649,2.652,2.660,2.660,3.000,3.000,3.000,3.000,3.000,3.000,3.000
3.000,3.000,3.000,3.000,3.000,3.000,3.000,2.218,2.215,2.212,2.210,2.205,2.199,2.192,2.186,2.178,2.173,2.165,2.162,2.157,2.153,2.147,2.139,2.132,2.126,2.121,2.115,2.107,2.101,2.095,2.089,2.083,2.077,2.069,2.062,2.057,2.052,2.046,2.041,2.037,2.036,2.034,2.030,2.026,2.021,2.016,2.010,2.005,2.001,1.995,1.991,1.986,1.982,1.976,1.971,1.964,1.957,1.950,1.944,1.938,1.933,1.928,1.924,1.921,1.917,1.912,1.910,1.906,1.901,1.896,1.892,1.887,1.883,1.881,1.879,1.876,1.871,1.866,1.861,1.857,1.852,1.848,1.844,1.841,1.838,1.836,1.832,1.828,1.825,1.822,1.816,1.808,1.803,1.798,1.792,1.786,1.778,1.771,1.763,1.752,1.738,1.716,1.722,3.000,3.000,0.926,0.926,0.899,0.884,0.875,0.867,0.861,0.857,0.853,0.850,0.848,0.846,0.844,0.842,0.840,0.838,0.837,0.836,0.835,0.834,0.833,0.831,0.829,0.827,0.826,0.825,0.825,0.823,0.822,0.821,0.819,0.818,0.817,0.816,0.815,0.815,0.814,0.814,0.813,0.812,0.813,0.813,0.813,0.813,0.813,0.813,0.813,0.814,0.815,0.816,0.817,0.818,0.820,0.821,0.822,0.823,0.824,0.825,0.826,0.827,0.829,0.830,0.831,0.832,0.833,0.835,0.838,0.843,0.847,0.850,0.854,0.858,0.863,0.868,0.873,0.879,0.885,0.894,0.904,0.916,0.931,0.945,0.955,0.961,0.964,0.966,0.967,0.968,0.969,0.970,0.971,0.971,0.971,0.973,0.975,0.978,0.982,0.988,0.997,1.009,1.021,1.036,1.051,1.051,3.000,3.000,1.782,1.802,1.791,1.807,1.813,1.817,1.816,1.814,1.805,1.787,1.773,1.766,1.767,1.769,1.771,1.775,1.780,1.788,1.797,1.803,1.810,1.821,1.829,1.833,1.840,1.843,1.851,1.857,1.865,1.874,1.882,1.886,1.889,1.892,1.894,1.896,1.899,1.905,1.908,1.908,1.907,1.908,1.912,1.917,1.918,1.917,1.914,1.912,1.909,1.907,1.907,1.917,1.926,3.000,3.000,3.000,3.000,3.000,3.000,3.000,3.000,3.000,3.000,3.000,3.000,3.000,3.000,2.322,2.335,2.353,2.350,2.362,2.370,2.380,2.388,2.402,2.414,2.424,2.431,2.440,2.447,2.453,2.457,2.461,2.459,2.460,3.000,3.000,3.000,3.000,3.000,3.000,2.629,2.622,2.626,2.638,2.645,2.648,2.652,2.652,2.655,2.660,3.000,3.000,3.000,3.000,3.000,3.000,3.000
3.000,3.000,3.000,3.000,3.000,3.000,3.000,2.227,2.218,2.215,2.214,2.209,2.204,2.198,2.192,2.185,2.178,2.171,2.168,2.160,2.157,2.149,2.142,2.134,2.128,2.122,2.117,2.108,2.103,2.097,2.090,2.084,2.077,2.070,2.063,2.058,2.052,2.046,2.041,2.038,2.037,2.034,2.030,2.026,2.021,2.017,2.010,2.006,2.002,1.996,1.992,1.987,1.983,1.978,1.973,1.966,1.959,1.953,1.946,1.940,1.935,1.930,1.925,1.922,1.918,1.914,1.911,1.907,1.902,1.898,1.893,1.889,1.885,1.883,1.881,1.878,1.873,1.868,1.864,1.859,1.854,1.850,1.846,1.843,1.840,1.838,1.834,1.829,1.826,1.823,1.817,1.811,1.805,1.799,1.793,1.786,1.778,1.771,1.763,1.751,1.736,1.712,1.716,3.000,3.000,0.926,0.920,0.897,0.883,0.875,0.867,0.862,0.857,0.854,0.851,0.849,0.847,0.845,0.843,0.841,0.840,0.838,0.837,0.836,0.835,0.834,0.833,0.831,0.829,0.828,0.827,0.826,0.825,0.824,0.823,0.822,0.821,0.820,0.818,0.817,0.817,0.816,0.816,0.815,0.814,0.814,0.814,0.814,0.813,0.813,0.813,0.813,0.814,0.814,0.815,0.816,0.817,0.819,0.820,0.821,0.822,0.823,0.824,0.825,0.826,0.827,0.829,0.830,0.832,0.833,0.835,0.838,0.843,0.847,0.850,0.854,0.858,0.863,0.868,0.874,0.880,0.887,0.896,0.907,0.920,0.935,0.950,0.959,0.964,0.968,0.969,0.970,0.970,0.971,0.971,0.972,0.972,0.973,0.974,0.976,0.979,0.983,0.988,0.996,1.006,1.016,1.029,1.051,1.061,1.061,3.000,3.000,1.791,1.775,1.796,1.802,1.806,1.802,1.816,1.814,1.805,1.746,1.743,1.747,1.750,1.757,1.766,1.772,1.782,1.791,1.798,1.805,1.817,1.825,1.830,1.835,1.840,1.849,1.857,1.866,1.877,1.884,1.888,1.890,1.893,1.895,1.896,1.899,1.904,1.907,1.907,1.906,1.907,1.910,1.915,1.916,1.915,1.911,1.909,1.907,1.904,1.902,1.917,1.917,3.000,3.000,3.000,3.000,3.000,3.000,3.000,3.000,3.000,3.000,3.000,3.000,3.000,3.000,3.000,3.000,2.353,2.353,2.366,2.374,2.384,2.392,2.407,2.418,2.428,2.435,2.444,2.450,2.455,2.459,2.463,2.460,2.460,3.000,3.000,3.000,3.000,3.000,3.000,2.639,2.629,2.634,2.646,2.654,2.655,2.656,2.655,2.656,2.656,3.000,3.000,3.000,3.000,3.000,3.000,3.000
3.000,3.000,3.000,3.000,3.000,3.000,3.000,2.229,2.227,2.219,2.218,2.214,2.209,2.203,2.196,2.189,2.183,2.176,2.172,2.163,2.159,2.151,2.145,2.136,2.129,2.122,2.117,2.109,2.104,2.099,2.094,2.085,2.078,2.072,2.065,2.060,2.053,2.047,2.042,2.039,2.037,2.035,2.029,2.026,2.021,2.017,2.011,2.007,2.003,1.998,1.994,1.989,1.986,1.982,1.977,1.971,1.963,1.957,1.950,1.944,1.938,1.934,1.929,1.927,1.923,1.919,1.915,1.910,1.905,1.900,1.896,1.891,1.887,1.885,1.882,1.879,1.874,1.869,1.865,1.861,1.855,1.851,1.847,1.845,1.842,1.839,1.835,1.830,1.827,1.824,1.819,1.812,1.807,1.801,1.795,1.787,1.780,1.772,1.763,1.750,1.734,1.736,1.712,3.000,3.000,0.920,0.913,0.895,0.882,0.874,0.867,0.863,0.858,0.855,0.852,0.850,0.847,0.846,0.844,0.842,0.841,0.839,0.838,0.837,0.836,0.835,0.833,0.832,0.830,0.829,0.828,0.827,0.826,0.825,0.824,0.823,0.822,0.821,0.820,0.819,0.818,0.818,0.817,0.817,0.816,0.816,0.815,0.815,0.814,0.814,0.813,0.813,0.814,0.814,0.814,0.815,0.816,0.817,0.818,0.819,0.820,0.822,0.823,0.824,0.825,0.827,0.828,0.830,0.831,0.833,0.835,0.838,0.843,0.847,0.850,0.854,0.859,0.864,0.870,0.876,0.883,0.890,0.900,0.913,0.925,0.940,0.953,0.962,0.967,0.970,0.972,0.972,0.972,0.973,0.973,0.974,0.974,0.975,0.976,0.978,0.981,0.985,0.989,0.995,1.004,1.013,1.024,1.042,1.061,1.061,3.000,3.000,1.775,1.796,1.782,1.789,1.789,1.806,1.802,3.000,1.746,1.746,1.717,1.720,1.733,1.744,1.756,1.765,1.774,1.784,1.793,1.802,1.815,1.822,1.826,1.832,1.840,1.850,1.862,1.873,1.882,1.888,1.892,1.896,1.897,1.898,1.899,1.902,1.907,1.909,1.907,1.904,1.905,1.910,1.914,1.914,1.913,1.910,1.907,1.906,1.904,1.898,1.902,3.000,3.000,3.000,3.000,3.000,3.000,3.000,3.000,3.000,3.000,3.000,3.000,3.000,3.000,3.000,3.000,3.000,2.353,2.370,2.370,2.378,2.388,2.396,2.410,2.421,2.432,2.441,2.449,2.453,2.459,2.465,2.468,2.459,2.461,3.000,3.000,3.000,3.000,3.000,3.000,2.643,2.639,2.643,2.656,2.659,2.659,2.658,2.655,2.655,2.656,3.000,3.000,3.000,3.000,3.000,3.000,3.000
3.000,3.000,3.000,3.000,3.000,3.000,3.000,2.229,2.229,2.220,2.220,2.215,2.211,2.205,2.197,2.190,2.184,2.178,2.173,2.161,2.157,2.150,2.144,2.136,2.129,2.122,2.117,2.109,2.105,2.100,2.096,2.087,2.081,2.075,2.068,2.063,2.057,2.049,2.044,2.041,2.038,2.036,2.030,2.027,2.022,2.018,2.012,2.009,2.005,2.001,1.998,1.994,1.990,1.985,1.981,1.976,1.968,1.963,1.955,1.947,1.942,1.937,1.933,1.930,1.926,1.922,1.918,1.913,1.907,1.903,1.898,1.893,1.889,1.886,1.884,1.881,1.876,1.871,1.866,1.863,1.858,1.854,1.849,1.847,1.844,1.841,1.837,1.831,1.827,1.824,1.820,1.813,1.807,1.802,1.796,1.788,1.781,1.772,1.763,1.749,1.731,1.734,3.000,3.000,3.000,0.913,0.910,0.893,0.881,0.874,0.867,0.863,0.859,0.856,0.853,0.851,0.848,0.846,0.845,0.843,0.841,0.840,0.839,0.838,0.837,0.835,0.834,0.832,0.830,0.829,0.829,0.828,0.827,0.826,0.825,0.824,0.823,0.822,0.821,0.820,0.820,0.819,0.818,0.818,0.817,0.817,0.816,0.816,0.815,0.814,0.814,0.814,0.814,0.814,0.815,0.815,0.816,0.817,0.818,0.818,0.819,0.820,0.821,0.823,0.824,0.826,0.827,0.829,0.831,0.832,0.835,0.838,0.843,0.847,0.851,0.855,0.860,0.865,0.871,0.878,0.885,0.894,0.905,0.916,0.928,0.942,0.956,0.964,0.969,0.972,0.973,0.974,0.973,0.974,0.974,0.974,0.975,0.976,0.977,0.978,0.981,0.984,0.988,0.993,1.000,1.008,1.017,1.031,1.048,1.061,1.053,3.000,3.000,1.782,1.768,1.775,1.757,1.789,3.000,3.000,3.000,1.717,1.720,1.733,1.744,1.731,1.746,1.757,1.768,1.780,1.790,1.800,1.813,1.821,1.826,1.832,1.841,1.854,1.866,1.876,1.884,1.890,1.895,1.899,1.899,1.900,1.901,1.903,1.909,1.910,1.906,1.903,1.904,1.908,1.912,1.912,1.912,1.908,1.906,1.905,1.905,1.905,1.898,3.000,3.000,3.000,3.000,3.000,3.000,3.000,3.000,3.000,3.000,3.000,3.000,3.000,3.000,3.000,3.000,3.000,3.000,2.370,2.390,2.383,2.393,2.401,2.417,2.429,2.439,2.445,2.453,2.456,2.462,2.468,2.471,2.461,2.473,3.000,3.000,3.000,3.000,3.000,3.000,2.644,2.643,2.646,2.662,2.664,2.663,2.661,2.656,2.656,2.655,3.000,3.000,3.000,3.000,3.000,3.000,3.000
3.000,3.000,3.000,3.000,3.000,3.000,3.000,2.229,2.227,2.216,2.220,2.216,2.212,2.205,2.197,2.188,2.181,2.175,2.170,2.159,2.155,2.148,2.142,2.135,2.128,2.120,2.116,2.109,2.104,2.100,2.097,2.091,2.084,2.078,2.072,2.066,2.060,2.054,2.047,2.044,2.041,2.037,2.033,2.029,2.023,2.019,2.013,2.010,2.007,2.003,2.000,1.996,1.993,1.988,1.984,1.979,1.973,1.966,1.958,1.952,1.945,1.940,1.936,1.932,1.928,1.923,1.919,1.914,1.909,1.904,1.899,1.893,1.890,1.887,1.885,1.881,1.877,1.872,1.867,1.864,1.859,1.856,1.852,1.849,1.846,1.842,1.838,1.832,1.828,1.825,1.820,1.814,1.808,1.803,1.797,1.789,1.781,1.771,1.762,1.745,1.725,1.731,3.000,3.000,0.923,0.923,0.905,0.891,0.880,0.873,0.868,0.863,0.859,0.857,0.854,0.851,0.849,0.847,0.845,0.844,0.842,0.841,0.839,0.838,0.837,0.836,0.834,0.832,0.831,0.830,0.829,0.829,0.828,0.827,0.826,0.825,0.824,0.823,0.822,0.821,0.820,0.819,0.819,0.818,0.817,0.817,0.817,0.816,0.816,0.815,0.815,0.815,0.815,0.815,0.815,0.815,0.816,0.816,0.817,0.818,0.818,0.819,0.820,0.822,0.823,0.824,0.826,0.828,0.829,0.832,0.834,0.838,0.843,0.847,0.851,0.856,0.860,0.866,0.873,0.880,0.888,0.896,0.908,0.919,0.929,0.944,0.958,0.965,0.969,0.972,0.973,0.974,0.973,0.974,0.974,0.974,0.974,0.975,0.976,0.977,0.979,0.982,0.985,0.989,0.995,1.002,1.010,1.021,1.036,1.053,1.053,3.000,3.000,1.768,1.754,1.763,1.746,1.757,3.000,3.000,3.000,3.000,3.000,3.000,1.731,1.746,1.735,1.749,1.761,1.775,1.787,1.797,1.811,1.819,1.825,1.831,1.838,1.853,1.865,1.875,1.885,1.891,1.896,1.899,1.900,1.901,1.902,1.906,1.909,1.909,1.906,1.902,1.903,1.906,1.909,1.909,1.910,1.906,1.903,1.903,1.904,1.905,3.000,3.000,3.000,3.000,3.000,3.000,3.000,2.212,2.215,2.222,2.225,2.225,2.225,3.000,3.000,3.000,3.000,3.000,3.000,3.000,2.394,2.390,2.401,2.411,2.425,2.438,2.445,2.451,2.457,2.460,2.466,2.471,2.475,2.473,2.473,3.000,3.000,3.000,3.000,3.000,3.000,2.644,2.644,2.649,2.663,2.666,2.667,2.661,2.656,2.656,3.000,3.000,3.000,3.000,3.000,3.000,3.000,3.000
3.000,3.000,3.000,3.000,3.000,3.000,3.000,2.227,2.227,2.218,2.221,2.214,2.211,2.205,2.198,2.190,2.181,2.175,2.169,2.160,2.156,2.149,2.143,2.136,2.129,2.122,2.118,2.111,2.106,2.102,2.099,2.093,2.088,2.082,2.075,2.069,2.063,2.057,2.052,2.047,2.043,2.040,2.035,2.031,2.025,2.021,2.016,2.012,2.009,2.005,2.003,1.999,1.995,1.990,1.986,1.981,1.975,1.968,1.960,1.954,1.948,1.942,1.937,1.934,1.930,1.924,1.920,1.915,1.911,1.906,1.900,1.895,1.891,1.889,1.887,1.883,1.879,1.873,1.868,1.865,1.861,1.857,1.854,1.850,1.847,1.844,1.839,1.832,1.828,1.825,1.820,1.814,1.809,1.804,1.799,1.791,1.783,1.771,1.761,1.743,1.718,1.725,3.000,3.000,0.923,0.923,0.903,0.890,0.880,0.874,0.868,0.864,0.860,0.857,0.854,0.852,0.850,0.848,0.846,0.844,0.843,0.841,0.840,0.839,0.837,0.836,0.835,0.833,0.831,0.830,0.830,0.829,0.828,0.827,0.826,0.825,0.824,0.823,0.822,0.821,0.820,0.820,0.819,0.819,0.818,0.817,0.817,0.816,0.816,0.815,0.815,0.815,0.815,0.815,0.815,0.815,0.816,0.816,0.817,0.817,0.817,0.818,0.819,0.821,0.822,0.823,0.825,0.827,0.829,0.831,0.835,0.839,0.843,0.848,0.852,0.857,0.863,0.869,0.876,0.884,0.893,0.901,0.911,0.921,0.931,0.946,0.959,0.966,0.970,0.973,0.973,0.974,0.973,0.974,0.973,0.974,0.974,0.975,0.975,0.976,0.978,0.980,0.983,0.987,0.992,0.998,1.005,1.016,1.028,1.043,1.058,1.058,3.000,1.754,1.763,1.756,1.741,1.746,3.000,1.491,1.491,1.491,1.475,3.000,3.000,1.735,1.749,1.739,1.754,1.771,1.784,1.795,1.810,1.819,1.825,1.831,1.838,1.852,1.864,1.874,1.884,1.891,1.895,1.898,1.899,1.901,1.902,1.905,1.909,1.908,1.904,1.901,1.902,1.905,1.907,1.907,1.909,1.904,1.904,1.904,1.916,1.904,3.000,3.000,3.000,3.000,3.000,2.228,2.228,2.228,2.212,2.215,2.222,2.225,2.245,2.245,3.000,3.000,3.000,3.000,3.000,3.000,2.394,2.394,2.407,2.416,2.430,2.441,2.449,2.454,2.459,2.463,2.469,2.474,2.477,2.477,2.473,3.000,3.000,3.000,3.000,3.000,3.000,2.644,2.643,2.648,2.663,2.666,2.667,2.661,2.661,2.656,3.000,3.000,3.000,3.000,3.000,3.000,3.000,3.000
3.000,3.000,3.000,3.000,3.000,3.000,3.000,3.000,2.218,2.218,2.219,2.214,2.210,2.206,2.202,2.194,2.189,2.183,2.177,2.165,2.160,2.152,2.147,2.140,2.134,2.126,2.122,2.114,2.110,2.105,2.101,2.096,2.092,2.086,2.081,2.073,2.067,2.061,2.056,2.051,2.047,2.042,2.039,2.034,2.029,2.026,2.019,2.016,2.013,2.008,2.006,2.002,1.998,1.993,1.989,1.984,1.978,1.970,1.963,1.957,1.951,1.945,1.940,1.937,1.933,1.928,1.924,1.920,1.915,1.910,1.904,1.899,1.894,1.892,1.890,1.887,1.882,1.877,1.871,1.868,1.863,1.860,1.856,1.853,1.850,1.845,1.838,1.833,1.829,1.825,1.821,1.816,1.810,1.805,1.800,1.792,1.782,1.771,1.760,1.742,1.743,1.718,3.000,3.000,0.923,0.919,0.900,0.889,0.880,0.874,0.869,0.865,0.861,0.858,0.855,0.853,0.850,0.848,0.846,0.845,0.843,0.842,0.840,0.839,0.838,0.836,0.835,0.833,0.832,0.831,0.830,0.829,0.828,0.828,0.827,0.826,0.825,0.824,0.822,0.821,0.821,0.820,0.819,0.819,0.818,0.817,0.817,0.816,0.816,0.815,0.815,0.815,0.815,0.815,0.815,0.815,0.816,0.816,0.816,0.817,0.817,0.818,0.819,0.820,0.822,0.823,0.825,0.827,0.829,0.832,0.835,0.839,0.844,0.849,0.854,0.860,0.866,0.872,0.880,0.887,0.895,0.902,0.912,0.922,0.932,0.946,0.959,0.966,0.970,0.973,0.973,0.973,0.973,0.973,0.973,0.973,0.973,0.974,0.975,0.975,0.976,0.978,0.981,0.984,0.989,0.995,1.002,1.011,1.022,1.035,1.058,1.058,3.000,3.000,1.756,1.749,1.742,1.751,3.000,1.491,1.491,1.475,1.475,3.000,3.000,3.000,1.739,1.727,1.747,1.768,1.781,1.793,1.807,1.819,1.826,1.832,1.839,1.851,1.863,1.873,1.883,1.890,1.893,1.897,1.898,1.899,1.900,1.902,1.906,1.906,1.902,1.900,1.903,1.905,1.907,1.907,1.911,1.911,1.912,1.916,1.926,3.000,3.000,3.000,2.198,2.215,2.225,2.230,2.228,2.224,2.227,2.233,2.238,2.241,2.245,2.257,2.257,3.000,3.000,3.000,3.000,3.000,2.394,2.393,2.407,2.418,2.431,2.441,2.450,2.455,2.460,2.465,2.472,2.476,2.477,2.477,3.000,3.000,3.000,3.000,3.000,3.000,3.000,2.643,2.640,2.644,2.653,2.660,2.662,2.658,2.661,3.000,3.000,3.000,3.000,3.000,3.000,3.000,3.000,3.000
3.000,3.000,3.000,3.000,3.000,3.000,3.000,3.000,2.218,2.218,2.220,2.215,2.211,2.207,2.205,2.200,2.193,2.187,2.183,2.173,2.165,2.157,2.151,2.145,2.141,2.134,2.130,2.118,2.113,2.108,2.104,2.099,2.095,2.089,2.085,2.078,2.070,2.064,2.059,2.054,2.049,2.044,2.040,2.035,2.031,2.028,2.022,2.019,2.016,2.010,2.008,2.004,2.001,1.996,1.991,1.987,1.981,1.974,1.967,1.961,1.957,1.950,1.944,1.941,1.937,1.934,1.930,1.925,1.918,1.913,1.906,1.901,1.897,1.894,1.892,1.889,1.884,1.880,1.872,1.870,1.865,1.862,1.858,1.855,1.851,1.848,1.840,1.834,1.831,1.827,1.822,1.817,1.812,1.807,1.801,1.793,1.783,1.771,1.759,1.740,1.742,3.000,3.000,0.933,0.933,0.915,0.899,0.888,0.880,0.874,0.869,0.865,0.861,0.859,0.856,0.853,0.851,0.849,0.846,0.845,0.843,0.842,0.841,0.839,0.838,0.836,0.835,0.833,0.832,0.830,0.829,0.828,0.828,0.827,0.826,0.825,0.824,0.823,0.822,0.821,0.820,0.819,0.819,0.818,0.818,0.817,0.817,0.816,0.816,0.815,0.815,0.815,0.815,0.815,0.815,0.816,0.816,0.816,0.816,0.817,0.817,0.818,0.819,0.820,0.822,0.823,0.825,0.828,0.830,0.833,0.836,0.840,0.846,0.851,0.856,0.862,0.868,0.875,0.883,0.890,0.897,0.904,0.913,0.923,0.933,0.946,0.958,0.966,0.970,0.973,0.974,0.974,0.973,0.973,0.972,0.972,0.972,0.973,0.973,0.973,0.974,0.976,0.978,0.982,0.986,0.991,0.998,1.007,1.016,1.029,1.051,1.058,3.000,3.000,1.758,1.752,1.751,1.759,3.000,1.491,1.480,1.448,1.475,1.418,3.000,3.000,1.727,1.747,1.740,1.765,1.779,1.793,1.806,1.818,1.825,1.831,1.838,1.850,1.861,1.870,1.881,1.886,1.890,1.893,1.894,1.894,1.896,1.898,1.902,1.902,1.900,1.899,1.902,1.904,1.906,1.907,1.914,1.916,1.918,1.926,1.926,3.000,2.163,2.178,2.198,2.198,2.215,2.225,2.230,2.230,2.235,2.240,2.246,2.249,2.253,2.257,2.261,3.000,3.000,3.000,3.000,3.000,2.399,2.394,2.408,2.418,2.432,2.441,2.450,2.456,2.461,2.465,2.472,2.475,2.476,2.477,3.000,3.000,3.000,3.000,3.000,3.000,3.000,2.644,2.641,2.646,2.653,2.659,2.663,2.663,2.658,3.000,3.000,3.000,3.000,3.000,3.000,3.000,3.000,3.000
3.000,3.000,3.000,3.000,3.000,3.000,3.000,3.000,2.218,2.217,2.221,2.217,2.213,2.209,2.207,2.202,2.199,2.191,2.187,2.178,2.170,2.161,2.154,2.147,2.144,2.137,2.134,2.120,2.116,2.111,2.108,2.102,2.098,2.092,2.088,2.082,2.075,2.067,2.061,2.056,2.052,2.046,2.041,2.036,2.031,2.029,2.025,2.022,2.019,2.015,2.013,2.007,2.004,2.000,1.995,1.991,1.986,1.979,1.972,1.967,1.963,1.957,1.950,1.948,1.943,1.938,1.934,1.929,1.923,1.915,1.908,1.902,1.898,1.896,1.894,1.892,1.887,1.882,1.876,1.872,1.868,1.864,1.860,1.857,1.854,1.850,1.846,1.838,1.835,1.830,1.825,1.819,1.814,1.808,1.802,1.794,1.784,1.770,1.757,1.738,1.740,3.000,3.000,0.933,0.933,0.911,0.896,0.887,0.879,0.873,0.869,0.865,0.861,0.859,0.856,0.853,0.850,0.848,0.846,0.844,0.843,0.841,0.840,0.839,0.837,0.835,0.834,0.832,0.830,0.829,0.828,0.827,0.826,0.825,0.824,0.823,0.822,0.821,0.821,0.819,0.818,0.818,0.818,0.818,0.817,0.816,0.816,0.816,0.816,0.815,0.815,0.815,0.815,0.815,0.815,0.815,0.815,0.816,0.816,0.817,0.817,0.818,0.819,0.820,0.822,0.824,0.826,0.828,0.831,0.833,0.837,0.841,0.847,0.852,0.857,0.863,0.870,0.876,0.884,0.891,0.898,0.905,0.913,0.923,0.934,0.946,0.958,0.965,0.969,0.973,0.974,0.974,0.973,0.972,0.971,0.971,0.970,0.971,0.971,0.971,0.972,0.974,0.976,0.978,0.982,0.987,0.994,1.001,1.010,1.023,1.042,1.051,3.000,3.000,1.764,1.758,1.759,1.769,1.764,1.480,1.480,1.414,1.418,1.418,3.000,3.000,3.000,1.747,1.739,1.765,1.779,1.793,1.805,1.817,1.824,1.830,1.837,1.848,1.858,1.868,1.878,1.883,1.887,1.890,1.890,1.891,1.894,1.897,1.901,1.902,1.900,1.899,1.904,1.906,1.910,1.912,1.923,1.929,1.936,1.948,1.926,2.147,2.165,2.163,2.178,2.196,2.213,2.225,2.231,2.233,2.238,2.243,2.249,2.254,2.258,2.261,2.265,3.000,3.000,3.000,3.000,3.000,2.403,2.399,2.410,2.419,2.433,2.442,2.453,2.458,2.462,2.466,2.471,2.472,2.469,2.476,3.000,3.000,3.000,3.000,3.000,3.000,3.000,2.647,2.644,2.649,2.655,2.658,2.662,2.669,3.000,3.000,3.000,3.000,3.000,3.000,3.000,3.000,3.000,3.000
3.000,3.000,3.000,3.000,3.000,3.000,3.000,3.000,2.217,2.230,2.224,2.220,2.216,2.211,2.209,2.205,2.202,2.195,2.190,2.181,2.174,2.164,2.158,2.151,2.149,2.140,2.137,2.124,2.120,2.114,2.111,2.105,2.101,2.095,2.091,2.085,2.079,2.072,2.066,2.061,2.057,2.049,2.043,2.037,2.032,2.030,2.027,2.024,2.021,2.018,2.016,2.010,2.007,2.002,1.998,1.995,1.989,1.984,1.976,1.972,1.967,1.963,1.957,1.953,1.947,1.942,1.938,1.933,1.927,1.918,1.912,1.905,1.901,1.898,1.896,1.894,1.890,1.885,1.878,1.874,1.869,1.865,1.861,1.858,1.855,1.852,1.848,1.841,1.838,1.833,1.828,1.822,1.816,1.810,1.803,1.795,1.785,1.771,1.757,1.736,1.738,3.000,3.000,0.933,0.928,0.909,0.895,0.886,0.878,0.873,0.868,0.865,0.861,0.858,0.855,0.853,0.850,0.848,0.845,0.843,0.842,0.840,0.839,0.837,0.835,0.833,0.832,0.830,0.828,0.827,0.826,0.824,0.823,0.822,0.821,0.820,0.819,0.819,0.818,0.817,0.816,0.816,0.816,0.816,0.816,0.815,0.815,0.815,0.815,0.815,0.815,0.815,0.815,0.815,0.815,0.815,0.815,0.816,0.816,0.817,0.817,0.818,0.819,0.821,0.823,0.825,0.827,0.829,0.832,0.834,0.837,0.841,0.848,0.854,0.859,0.865,0.871,0.877,0.884,0.891,0.897,0.905,0.913,0.923,0.933,0.945,0.956,0.963,0.968,0.971,0.972,0.972,0.971,0.970,0.969,0.967,0.966,0.967,0.967,0.967,0.968,0.970,0.972,0.974,0.978,0.982,0.988,0.995,1.005,1.017,1.037,1.042,3.000,3.000,1.772,1.764,1.769,1.764,1.780,3.000,1.414,1.418,1.403,1.418,3.000,3.000,3.000,1.747,1.747,1.771,1.785,1.797,1.807,1.818,1.826,1.832,1.837,1.847,1.857,1.866,1.872,1.876,1.881,1.884,1.885,1.888,1.893,1.896,1.900,1.900,1.897,1.897,1.902,1.905,1.909,1.913,1.928,1.938,1.948,1.948,2.136,2.152,2.147,2.165,2.182,2.198,2.214,2.227,2.232,2.236,2.241,2.247,2.254,2.259,2.264,2.265,2.266,3.000,3.000,3.000,3.000,3.000,2.412,2.403,2.414,2.421,2.434,2.443,2.455,2.459,2.464,2.467,2.471,2.471,2.472,2.469,3.000,3.000,3.000,3.000,3.000,3.000,3.000,2.647,2.647,2.651,2.656,2.660,2.669,2.671,3.000,3.000,3.000,3.000,3.000,3.000,3.000,3.000,3.000,3.000
3.000,3.000,3.000,3.000,3.000,3.000,3.000,3.000,3.000,2.230,2.230,2.226,2.222,2.215,2.214,2.211,2.208,2.200,2.194,2.185,2.179,2.169,2.162,2.156,2.153,2.147,2.140,2.127,2.124,2.118,2.116,2.109,2.104,2.097,2.093,2.087,2.081,2.074,2.069,2.065,2.061,2.055,2.046,2.038,2.034,2.031,2.029,2.026,2.023,2.019,2.017,2.011,2.008,2.004,2.000,1.997,1.992,1.987,1.980,1.978,1.973,1.966,1.960,1.956,1.950,1.945,1.940,1.935,1.928,1.920,1.914,1.907,1.902,1.899,1.897,1.895,1.891,1.886,1.879,1.874,1.869,1.866,1.862,1.859,1.856,1.853,1.849,1.845,1.840,1.835,1.830,1.824,1.817,1.808,1.801,1.793,1.783,1.770,1.756,1.757,1.736,3.000,3.000,0.928,0.924,0.907,0.893,0.885,0.878,0.873,0.868,0.864,0.860,0.857,0.854,0.851,0.848,0.846,0.844,0.842,0.839,0.838,0.836,0.834,0.832,0.830,0.828,0.826,0.824,0.823,0.822,0.821,0.820,0.819,0.818,0.817,0.816,0.816,0.815,0.815,0.814,0.814,0.814,0.815,0.814,0.814,0.815,0.815,0.815,0.814,0.814,0.815,0.815,0.815,0.815,0.815,0.815,0.816,0.816,0.817,0.817,0.818,0.820,0.822,0.824,0.826,0.828,0.830,0.832,0.834,0.837,0.842,0.849,0.854,0.859,0.865,0.871,0.877,0.884,0.890,0.896,0.903,0.912,0.921,0.931,0.942,0.954,0.960,0.965,0.968,0.970,0.968,0.967,0.967,0.965,0.963,0.962,0.962,0.962,0.963,0.964,0.966,0.967,0.970,0.973,0.977,0.982,0.989,0.999,1.012,1.034,1.037,3.000,3.000,1.779,1.772,1.780,1.780,1.792,1.781,3.000,1.407,1.407,1.407,3.000,3.000,3.000,1.747,1.771,1.765,1.782,1.797,1.807,1.818,1.827,1.833,1.838,1.847,1.857,1.866,1.872,1.875,1.880,1.883,1.886,1.890,1.896,1.899,1.903,1.902,1.898,1.896,1.902,1.906,1.911,1.918,1.939,1.961,1.978,1.948,2.141,2.136,2.152,2.168,2.184,2.200,2.217,2.227,2.234,2.237,2.243,2.247,2.255,2.261,2.266,2.266,2.269,3.000,3.000,3.000,3.000,3.000,2.415,2.412,2.419,2.425,2.440,2.446,2.457,2.461,2.466,2.469,2.473,2.469,2.471,3.000,3.000,3.000,3.000,3.000,3.000,3.000,2.649,2.649,2.646,2.648,2.654,2.662,2.671,2.671,3.000,3.000,3.000,3.000,3.000,3.000,3.000,3.000,3.000,3.000
3.000,3.000,3.000,3.000,3.000,3.000,3.000,3.000,3.000,2.230,2.238,2.232,2.227,2.219,2.217,2.214,2.211,2.204,2.197,2.189,2.184,2.174,2.167,2.161,2.157,2.150,2.143,2.131,2.127,2.122,2.120,2.114,2.108,2.100,2.096,2.090,2.085,2.079,2.074,2.069,2.065,2.059,2.051,2.043,2.038,2.035,2.031,2.029,2.025,2.021,2.019,2.014,2.010,2.005,2.002,1.998,1.993,1.988,1.982,1.979,1.975,1.968,1.962,1.959,1.953,1.947,1.942,1.937,1.930,1.923,1.916,1.912,1.905,1.902,1.900,1.898,1.894,1.888,1.882,1.876,1.870,1.867,1.863,1.860,1.857,1.855,1.852,1.848,1.843,1.838,1.832,1.826,1.820,1.810,1.801,1.793,1.783,1.770,1.754,1.756,3.000,3.000,3.000,0.924,0.922,0.906,0.893,0.885,0.878,0.873,0.868,0.864,0.860,0.857,0.853,0.850,0.847,0.844,0.842,0.839,0.837,0.835,0.833,0.831,0.830,0.828,0.826,0.824,0.823,0.822,0.820,0.819,0.818,0.817,0.816,0.816,0.815,0.814,0.814,0.814,0.813,0.814,0.814,0.814,0.814,0.814,0.815,0.815,0.815,0.815,0.814,0.815,0.815,0.815,0.815,0.815,0.816,0.816,0.817,0.818,0.818,0.820,0.821,0.823,0.824,0.826,0.828,0.830,0.832,0.834,0.837,0.842,0.848,0.854,0.859,0.864,0.870,0.875,0.882,0.888,0.894,0.901,0.909,0.918,0.928,0.939,0.951,0.957,0.962,0.965,0.965,0.965,0.963,0.962,0.961,0.960,0.959,0.959,0.959,0.959,0.960,0.962,0.964,0.967,0.970,0.974,0.979,0.986,0.995,1.006,1.030,1.034,3.000,3.000,1.789,1.779,1.790,1.792,1.781,1.796,3.000,1.407,1.407,1.407,3.000,3.000,3.000,3.000,1.765,1.756,1.780,1.798,1.809,1.821,1.830,1.838,1.843,1.852,1.862,1.872,1.878,1.881,1.887,1.891,1.895,1.907,1.914,1.916,1.916,1.909,1.901,1.902,1.906,1.911,1.918,1.939,1.978,1.978,1.978,2.122,2.148,2.141,2.158,2.171,2.186,2.200,2.217,2.227,2.234,2.238,2.244,2.248,2.256,2.264,2.269,2.269,2.274,3.000,3.000,3.000,3.000,3.000,2.417,2.415,2.422,2.427,2.441,2.447,2.458,2.461,2.467,2.470,2.475,2.470,2.473,3.000,3.000,3.000,3.000,3.000,3.000,3.000,2.649,2.649,2.644,2.645,2.653,2.662,2.671,2.671,3.000,3.000,3.000,3.000,3.000,3.000,3.000,3.000,3.000,3.000
3.000,3.000,3.000,3.000,3.000,3.000,3.000,3.000,3.000,3.000,2.243,2.238,2.229,2.223,2.219,2.216,2.213,2.207,2.201,2.194,2.189,2.180,2.172,2.165,2.160,2.153,2.146,2.137,2.131,2.125,2.123,2.117,2.113,2.104,2.100,2.094,2.088,2.081,2.076,2.071,2.066,2.061,2.054,2.046,2.041,2.038,2.034,2.031,2.027,2.023,2.020,2.015,2.011,2.007,2.002,1.998,1.994,1.989,1.982,1.979,1.976,1.971,1.964,1.961,1.955,1.951,1.944,1.938,1.932,1.925,1.919,1.914,1.908,1.906,1.903,1.902,1.899,1.891,1.883,1.877,1.872,1.868,1.865,1.861,1.859,1.857,1.854,1.850,1.846,1.842,1.835,1.828,1.821,1.813,1.803,1.794,1.783,1.770,1.754,1.754,3.000,3.000,3.000,0.922,0.920,0.905,0.893,0.885,0.878,0.873,0.868,0.864,0.859,0.856,0.852,0.849,0.845,0.842,0.839,0.837,0.834,0.832,0.831,0.829,0.828,0.826,0.824,0.823,0.821,0.821,0.819,0.818,0.817,0.817,0.816,0.815,0.814,0.814,0.814,0.814,0.814,0.814,0.814,0.815,0.815,0.815,0.816,0.816,0.816,0.816,0.816,0.816,0.816,0.817,0.817,0.817,0.817,0.818,0.819,0.820,0.820,0.821,0.822,0.824,0.825,0.827,0.829,0.831,0.832,0.834,0.836,0.841,0.847,0.852,0.857,0.862,0.867,0.873,0.879,0.886,0.892,0.898,0.906,0.915,0.925,0.936,0.947,0.954,0.958,0.961,0.962,0.961,0.960,0.959,0.958,0.957,0.956,0.956,0.956,0.957,0.958,0.960,0.962,0.965,0.968,0.972,0.978,0.984,0.993,1.004,1.024,1.030,3.000,3.000,1.794,1.789,1.800,1.802,1.796,1.805,3.000,3.000,3.000,1.307,1.307,1.307,3.000,3.000,1.756,1.780,1.776,1.800,1.812,1.827,1.840,1.847,1.853,1.863,1.876,1.888,1.896,1.910,1.916,1.920,1.930,1.935,1.935,1.934,1.933,1.920,1.920,1.901,3.000,3.000,3.000,3.000,2.053,2.077,2.106,2.130,2.122,2.148,2.162,2.173,2.187,2.201,2.216,2.227,2.234,2.239,2.245,2.249,2.257,2.269,2.273,2.274,2.274,3.000,3.000,3.000,3.000,3.000,2.417,2.417,2.424,2.429,2.443,2.447,2.456,2.460,2.468,2.470,2.478,2.473,2.473,3.000,3.000,3.000,3.000,3.000,3.000,3.000,2.649,2.643,2.633,2.635,2.648,2.653,2.662,3.000,3.000,3.000,3.000,3.000,3.000,3.000,3.000,3.000,3.000,3.000
3.000,3.000,3.000,3.000,3.000,3.000,3.000,3.000,3.000,3.000,2.245,2.243,2.233,2.226,2.222,2.219,2.216,2.211,2.205,2.199,2.194,2.187,2.177,2.170,2.164,2.157,2.150,2.141,2.135,2.129,2.126,2.122,2.117,2.111,2.105,2.099,2.094,2.086,2.080,2.073,2.068,2.063,2.057,2.050,2.045,2.042,2.038,2.034,2.029,2.025,2.022,2.017,2.012,2.007,2.002,1.998,1.994,1.989,1.983,1.979,1.975,1.971,1.966,1.962,1.957,1.952,1.946,1.940,1.934,1.927,1.920,1.916,1.910,1.908,1.905,1.904,1.900,1.893,1.885,1.878,1.873,1.870,1.866,1.863,1.861,1.859,1.856,1.852,1.848,1.844,1.837,1.830,1.823,1.815,1.805,1.794,1.783,1.769,1.753,1.754,3.000,3.000,3.000,0.920,0.918,0.904,0.893,0.885,0.878,0.873,0.868,0.863,0.859,0.855,0.851,0.847,0.843,0.840,0.837,0.834,0.832,0.830,0.829,0.828,0.826,0.825,0.823,0.822,0.821,0.820,0.819,0.818,0.817,0.816,0.815,0.815,0.814,0.814,0.814,0.814,0.814,0.814,0.814,0.815,0.815,0.816,0.816,0.817,0.817,0.817,0.817,0.817,0.817,0.818,0.818,0.818,0.819,0.819,0.820,0.821,0.821,0.822,0.824,0.825,0.826,0.828,0.830,0.831,0.833,0.834,0.836,0.841,0.847,0.852,0.856,0.861,0.866,0.871,0.878,0.884,0.890,0.896,0.903,0.911,0.921,0.932,0.944,0.951,0.955,0.957,0.957,0.957,0.955,0.955,0.954,0.954,0.953,0.953,0.954,0.954,0.955,0.957,0.959,0.962,0.966,0.970,0.976,0.982,0.990,1.001,1.020,1.024,3.000,3.000,1.799,1.794,1.805,1.809,1.805,1.819,3.000,3.000,3.000,1.307,1.307,1.307,1.305,3.000,3.000,1.776,1.808,1.808,1.823,1.911,1.857,1.865,1.939,1.945,1.896,1.912,1.923,1.931,1.940,1.945,1.951,1.957,1.958,1.957,1.952,1.968,1.920,3.000,3.000,3.000,3.000,3.000,2.054,2.053,2.077,2.106,2.130,2.151,2.162,2.172,2.185,2.199,2.214,2.226,2.233,2.239,2.245,2.250,2.258,2.271,2.275,2.275,2.274,3.000,3.000,3.000,3.000,3.000,2.417,2.417,2.423,2.428,2.441,2.445,2.454,2.459,2.467,2.472,2.478,2.473,2.473,3.000,3.000,3.000,3.000,3.000,3.000,3.000,2.643,2.642,2.631,2.633,2.648,2.652,2.653,3.000,3.000,3.000,3.000,3.000,3.000,3.000,3.000,3.000,3.000,3.000
3.000,3.000,3.000,3.000,3.000,3.000,3.000,3.000,3.000,3.000,2.245,2.245,2.235,2.228,2.224,2.222,2.220,2.215,2.209,2.203,2.199,2.190,2.183,2.173,2.167,2.160,2.154,2.145,2.138,2.132,2.129,2.125,2.120,2.113,2.108,2.102,2.097,2.088,2.081,2.074,2.068,2.063,2.058,2.052,2.046,2.042,2.038,2.035,2.030,2.026,2.022,2.017,2.012,2.007,2.002,1.999,1.995,1.990,1.983,1.979,1.976,1.972,1.967,1.964,1.959,1.955,1.950,1.944,1.938,1.930,1.923,1.918,1.912,1.910,1.907,1.906,1.902,1.894,1.888,1.881,1.876,1.872,1.869,1.866,1.863,1.861,1.860,1.856,1.852,1.848,1.840,1.833,1.825,1.817,1.807,1.795,1.783,1.769,1.752,1.753,3.000,3.000,3.000,0.918,0.916,0.903,0.892,0.884,0.878,0.872,0.867,0.862,0.858,0.854,0.850,0.846,0.841,0.838,0.835,0.833,0.831,0.829,0.828,0.826,0.825,0.824,0.823,0.822,0.820,0.820,0.818,0.817,0.816,0.816,0.815,0.814,0.814,0.814,0.813,0.813,0.813,0.814,0.814,0.815,0.815,0.816,0.816,0.817,0.817,0.817,0.817,0.817,0.818,0.818,0.819,0.819,0.819,0.820,0.821,0.822,0.822,0.823,0.824,0.826,0.827,0.828,0.830,0.832,0.833,0.834,0.837,0.841,0.848,0.852,0.857,0.861,0.866,0.871,0.877,0.883,0.888,0.894,0.901,0.909,0.918,0.929,0.941,0.947,0.951,0.953,0.954,0.953,0.951,0.951,0.950,0.950,0.950,0.950,0.950,0.951,0.952,0.954,0.956,0.958,0.961,0.966,0.972,0.978,0.986,0.998,1.017,1.020,3.000,3.000,1.803,1.799,1.811,1.817,1.819,1.826,3.000,3.000,3.000,1.308,1.305,1.305,1.308,3.000,3.000,3.000,1.808,1.902,1.916,1.924,1.911,1.920,1.927,1.939,1.945,1.951,1.958,1.964,1.974,1.978,1.981,1.985,1.984,1.979,1.968,1.974,3.000,3.000,3.000,3.000,3.000,3.000,2.054,2.054,2.079,2.104,2.126,2.144,2.156,2.164,2.179,2.195,2.209,2.222,2.231,2.237,2.242,2.247,2.253,2.270,2.275,2.275,3.000,3.000,3.000,3.000,3.000,2.408,2.417,2.415,2.421,2.427,2.439,2.444,2.452,2.457,2.468,2.473,2.478,2.471,2.473,3.000,3.000,3.000,3.000,3.000,3.000,3.000,2.642,2.642,2.632,2.635,2.655,2.655,2.652,3.000,3.000,3.000,3.000,3.000,3.000,3.000,3.000,3.000,3.000,3.000
3.000,3.000,3.000,3.000,3.000,3.000,3.000,3.000,3.000,3.000,2.245,2.245,2.240,2.230,2.225,2.224,2.221,2.216,2.211,2.205,2.200,2.192,2.185,2.176,2.169,2.163,2.157,2.148,2.140,2.135,2.132,2.128,2.123,2.117,2.111,2.106,2.100,2.091,2.083,2.075,2.069,2.064,2.059,2.054,2.048,2.045,2.041,2.037,2.032,2.027,2.023,2.017,2.013,2.008,2.004,2.002,1.997,1.992,1.985,1.981,1.978,1.974,1.970,1.967,1.962,1.958,1.953,1.948,1.943,1.936,1.926,1.922,1.916,1.913,1.911,1.908,1.905,1.897,1.891,1.886,1.880,1.877,1.874,1.871,1.869,1.866,1.863,1.859,1.854,1.850,1.842,1.836,1.826,1.819,1.809,1.797,1.785,1.770,1.752,1.754,3.000,3.000,3.000,0.916,0.915,0.902,0.891,0.884,0.877,0.872,0.866,0.861,0.856,0.852,0.848,0.843,0.839,0.836,0.833,0.831,0.829,0.827,0.826,0.825,0.824,0.822,0.821,0.821,0.819,0.819,0.817,0.816,0.815,0.815,0.814,0.814,0.813,0.813,0.813,0.813,0.813,0.813,0.814,0.814,0.815,0.815,0.816,0.816,0.817,0.817,0.817,0.817,0.818,0.818,0.819,0.819,0.819,0.820,0.821,0.822,0.822,0.823,0.824,0.826,0.827,0.828,0.830,0.832,0.833,0.834,0.837,0.841,0.848,0.853,0.857,0.861,0.866,0.871,0.877,0.882,0.887,0.893,0.899,0.907,0.915,0.927,0.939,0.944,0.947,0.950,0.950,0.949,0.948,0.947,0.947,0.946,0.945,0.946,0.946,0.947,0.947,0.949,0.950,0.951,0.954,0.960,0.967,0.973,0.982,0.994,1.015,1.017,3.000,3.000,1.810,1.803,1.817,1.823,1.826,1.835,1.828,3.000,3.000,1.308,1.308,1.308,1.308,3.000,3.000,3.000,1.895,1.910,1.902,1.916,1.924,1.933,1.944,1.952,1.958,1.963,1.971,1.976,1.982,1.985,1.990,1.991,1.989,1.983,1.974,1.974,1.944,3.000,3.000,3.000,1.949,1.974,2.054,2.079,2.104,2.126,2.112,2.129,2.141,2.152,2.169,2.185,2.197,2.214,2.223,2.231,2.237,2.242,2.247,2.267,2.275,2.275,3.000,3.000,3.000,3.000,3.000,2.414,2.408,2.416,2.423,2.428,2.441,2.447,2.455,2.461,2.471,2.476,2.482,2.485,2.471,3.000,3.000,3.000,3.000,3.000,3.000,3.000,2.642,2.650,2.634,2.638,2.655,2.655,3.000,3.000,3.000,3.000,3.000,3.000,3.000,3.000,3.000,3.000,3.000,3.000
3.000,3.000,3.000,3.000,3.000,3.000,3.000,3.000,3.000,3.000,3.000,2.240,2.240,2.232,2.226,2.224,2.221,2.215,2.210,2.205,2.200,2.192,2.186,2.179,2.174,2.168,2.162,2.153,2.144,2.139,2.137,2.133,2.128,2.124,2.116,2.112,2.104,2.093,2.085,2.076,2.070,2.065,2.060,2.055,2.050,2.047,2.043,2.040,2.035,2.031,2.025,2.020,2.016,2.012,2.008,2.005,2.002,1.997,1.990,1.985,1.982,1.979,1.974,1.970,1.966,1.961,1.956,1.952,1.947,1.940,1.930,1.926,1.920,1.917,1.914,1.912,1.908,1.900,1.894,1.889,1.883,1.880,1.877,1.874,1.871,1.869,1.865,1.860,1.854,1.850,1.844,1.838,1.828,1.821,1.811,1.800,1.787,1.771,1.754,1.754,3.000,3.000,3.000,0.915,0.915,0.902,0.891,0.883,0.876,0.871,0.865,0.860,0.855,0.850,0.846,0.841,0.837,0.834,0.832,0.829,0.827,0.826,0.825,0.823,0.822,0.821,0.820,0.819,0.818,0.817,0.816,0.815,0.814,0.814,0.813,0.813,0.813,0.813,0.812,0.812,0.812,0.812,0.813,0.814,0.814,0.815,0.815,0.816,0.816,0.816,0.816,0.817,0.817,0.818,0.818,0.818,0.819,0.819,0.820,0.821,0.822,0.823,0.824,0.825,0.826,0.828,0.829,0.831,0.832,0.833,0.836,0.840,0.847,0.852,0.856,0.861,0.866,0.871,0.876,0.881,0.886,0.892,0.898,0.906,0.913,0.924,0.936,0.941,0.944,0.946,0.946,0.946,0.944,0.943,0.942,0.941,0.940,0.940,0.939,0.939,0.940,0.942,0.943,0.946,0.950,0.955,0.962,0.970,0.979,0.992,1.014,1.015,3.000,3.000,1.815,1.810,1.824,1.832,1.835,1.828,1.839,3.000,3.000,1.308,1.308,1.308,1.308,3.000,3.000,3.000,1.899,1.895,1.910,1.922,1.930,1.938,1.947,1.955,1.959,1.964,1.970,1.973,1.978,1.980,1.982,1.984,1.981,1.973,1.958,1.944,1.944,1.900,1.903,1.919,1.949,1.949,1.974,1.974,1.966,2.112,2.129,2.141,2.121,2.135,2.152,2.171,2.183,2.200,2.210,2.220,2.227,2.232,2.237,2.264,2.267,3.000,3.000,3.000,3.000,3.000,2.405,2.414,2.414,2.419,2.426,2.431,2.444,2.450,2.460,2.466,2.476,2.479,2.485,2.488,3.000,3.000,3.000,3.000,3.000,3.000,3.000,3.000,3.000,2.650,2.650,2.650,2.638,3.000,3.000,3.000,3.000,3.000,3.000,3.000,3.000,3.000,3.000,3.000,3.000,3.000
3.000,3.000,3.000,3.000,3.000,3.000,3.000,3.000,3.000,3.000,3.000,3.000,2.232,2.232,2.217,2.217,2.215,2.210,2.206,2.201,2.198,2.191,2.185,2.180,2.175,2.170,2.164,2.156,2.147,2.142,2.140,2.136,2.131,2.127,2.121,2.117,2.110,2.096,2.088,2.080,2.075,2.069,2.063,2.058,2.054,2.050,2.046,2.043,2.038,2.033,2.028,2.023,2.019,2.015,2.011,2.008,2.005,2.001,1.994,1.990,1.988,1.986,1.980,1.976,1.971,1.966,1.961,1.956,1.951,1.945,1.937,1.931,1.925,1.921,1.918,1.916,1.912,1.904,1.898,1.892,1.886,1.882,1.879,1.876,1.873,1.870,1.867,1.861,1.854,1.850,1.845,1.838,1.829,1.822,1.811,1.800,1.787,1.771,1.753,1.754,3.000,3.000,0.932,0.932,0.914,0.901,0.890,0.882,0.875,0.869,0.864,0.858,0.853,0.849,0.844,0.840,0.835,0.833,0.830,0.828,0.826,0.824,0.823,0.822,0.820,0.819,0.818,0.817,0.816,0.816,0.815,0.814,0.813,0.813,0.813,0.812,0.812,0.812,0.812,0.812,0.812,0.812,0.813,0.813,0.814,0.814,0.815,0.815,0.815,0.816,0.816,0.816,0.817,0.817,0.817,0.818,0.818,0.818,0.819,0.820,0.821,0.822,0.823,0.824,0.826,0.827,0.829,0.831,0.832,0.833,0.835,0.839,0.846,0.851,0.855,0.860,0.865,0.869,0.875,0.880,0.885,0.891,0.897,0.904,0.911,0.921,0.932,0.937,0.939,0.941,0.942,0.941,0.939,0.938,0.936,0.936,0.934,0.934,0.934,0.934,0.935,0.937,0.940,0.943,0.947,0.953,0.960,0.968,0.978,0.991,1.014,1.014,3.000,3.000,1.819,1.815,1.831,1.839,1.843,1.839,1.850,1.837,3.000,3.000,3.000,3.000,3.000,3.000,3.000,3.000,1.899,1.899,1.912,1.923,1.930,1.937,1.944,1.951,1.954,1.958,1.960,1.961,1.961,1.961,1.968,1.967,1.963,1.942,1.927,1.913,1.900,1.895,1.897,1.903,1.919,1.930,1.949,1.966,1.966,1.944,3.000,2.121,2.135,2.152,2.171,2.183,2.158,2.178,2.188,2.203,2.212,2.218,2.224,2.264,2.264,3.000,3.000,3.000,3.000,2.398,2.405,2.405,2.414,2.420,2.428,2.433,2.446,2.454,2.463,2.469,2.479,2.482,2.488,2.490,3.000,3.000,3.000,3.000,3.000,3.000,3.000,3.000,3.000,2.650,2.650,2.650,3.000,3.000,3.000,3.000,3.000,3.000,3.000,3.000,3.000,3.000,3.000,3.000,3.000,3.000
3.000,3.000,3.000,3.000,3.000,3.000,3.000,3.000,3.000,3.000,3.000,3.000,3.000,2.217,2.209,2.212,2.211,2.206,2.203,2.199,2.196,2.188,2.184,2.179,2.176,2.171,2.166,2.159,2.150,2.145,2.142,2.139,2.134,2.130,2.125,2.122,2.115,2.107,2.094,2.087,2.081,2.074,2.067,2.062,2.058,2.054,2.050,2.047,2.041,2.037,2.031,2.026,2.023,2.019,2.014,2.011,2.007,2.003,1.996,1.993,1.991,1.989,1.984,1.980,1.975,1.969,1.965,1.960,1.955,1.948,1.940,1.935,1.929,1.924,1.921,1.919,1.915,1.908,1.902,1.896,1.889,1.884,1.881,1.877,1.874,1.871,1.867,1.860,1.855,1.850,1.845,1.838,1.829,1.822,1.810,1.798,1.785,1.770,1.750,1.753,3.000,3.000,0.932,0.932,0.913,0.900,0.889,0.881,0.874,0.868,0.862,0.857,0.851,0.847,0.842,0.837,0.833,0.831,0.828,0.826,0.824,0.823,0.821,0.820,0.819,0.817,0.816,0.816,0.815,0.814,0.814,0.813,0.812,0.812,0.812,0.812,0.812,0.812,0.812,0.812,0.812,0.812,0.813,0.813,0.814,0.814,0.815,0.815,0.815,0.815,0.815,0.815,0.816,0.816,0.816,0.816,0.816,0.817,0.818,0.819,0.819,0.820,0.822,0.823,0.824,0.826,0.828,0.830,0.831,0.832,0.834,0.838,0.845,0.850,0.854,0.858,0.863,0.867,0.872,0.878,0.883,0.889,0.895,0.902,0.909,0.918,0.927,0.932,0.934,0.935,0.935,0.934,0.932,0.932,0.931,0.930,0.929,0.929,0.930,0.930,0.932,0.935,0.938,0.941,0.946,0.952,0.959,0.967,0.976,0.990,1.014,1.014,3.000,3.000,1.820,1.819,1.836,1.844,1.850,1.850,1.837,1.843,1.812,3.000,3.000,3.000,3.000,3.000,3.000,3.000,1.899,1.893,1.905,1.915,1.922,1.929,1.934,1.940,1.942,1.944,1.942,1.941,1.932,1.968,1.968,1.968,1.917,1.914,1.903,1.897,1.887,1.886,1.888,1.892,1.902,1.913,1.927,1.936,1.944,1.944,1.931,1.931,3.000,3.000,3.000,2.158,2.178,2.188,2.203,2.212,2.190,2.197,2.224,2.224,3.000,3.000,3.000,3.000,3.000,2.398,2.398,2.405,2.415,2.422,2.432,2.437,2.449,2.455,2.463,2.470,2.481,2.485,2.490,2.490,3.000,3.000,3.000,3.000,3.000,3.000,3.000,3.000,3.000,3.000,3.000,3.000,3.000,3.000,3.000,3.000,3.000,3.000,3.000,3.000,3.000,3.000,3.000,3.000,3.000,3.000
3.000,3.000,3.000,3.000,3.000,3.000,3.000,3.000,3.000,3.000,3.000,3.000,3.000,2.219,2.213,2.215,2.213,2.208,2.205,2.202,2.199,2.192,2.188,2.183,2.180,2.175,2.169,2.162,2.154,2.150,2.147,2.142,2.137,2.133,2.129,2.126,2.120,2.111,2.100,2.094,2.086,2.079,2.073,2.066,2.061,2.058,2.054,2.051,2.044,2.040,2.034,2.031,2.027,2.023,2.019,2.015,2.011,2.006,2.000,1.997,1.995,1.993,1.988,1.986,1.979,1.973,1.969,1.964,1.959,1.952,1.943,1.938,1.933,1.927,1.924,1.921,1.917,1.910,1.904,1.898,1.890,1.886,1.882,1.879,1.875,1.872,1.868,1.861,1.855,1.851,1.845,1.838,1.830,1.823,1.810,1.798,1.785,1.769,1.749,1.750,3.000,3.000,0.932,0.931,0.912,0.899,0.888,0.880,0.873,0.867,0.861,0.856,0.850,0.845,0.840,0.836,0.832,0.829,0.827,0.825,0.822,0.821,0.819,0.818,0.817,0.816,0.815,0.814,0.814,0.813,0.813,0.812,0.812,0.812,0.811,0.812,0.812,0.812,0.811,0.812,0.812,0.812,0.813,0.814,0.814,0.814,0.814,0.815,0.815,0.814,0.814,0.814,0.814,0.814,0.814,0.814,0.815,0.815,0.816,0.817,0.818,0.819,0.820,0.822,0.823,0.824,0.826,0.828,0.829,0.830,0.833,0.836,0.842,0.847,0.851,0.855,0.859,0.864,0.868,0.873,0.880,0.885,0.892,0.899,0.905,0.914,0.921,0.926,0.928,0.929,0.929,0.928,0.927,0.926,0.925,0.925,0.925,0.925,0.926,0.926,0.929,0.931,0.935,0.939,0.944,0.950,0.957,0.964,0.974,0.989,0.990,3.000,3.000,3.000,1.820,1.820,1.837,1.846,1.852,1.852,1.843,1.812,1.812,3.000,3.000,3.000,3.000,3.000,3.000,3.000,1.893,1.905,1.915,1.922,1.929,1.934,1.940,1.942,1.944,1.944,1.944,1.942,1.898,1.887,1.884,1.883,1.889,1.888,1.884,1.879,1.874,1.875,1.875,1.881,1.888,1.893,1.903,1.913,1.916,1.927,1.931,1.931,1.916,3.000,3.000,3.000,3.000,3.000,3.000,2.190,2.197,2.197,2.197,3.000,3.000,3.000,3.000,3.000,2.367,2.398,2.393,2.402,2.413,2.419,2.430,2.436,2.446,2.450,2.459,2.468,2.480,2.484,2.490,2.490,3.000,3.000,3.000,3.000,3.000,3.000,3.000,3.000,3.000,3.000,3.000,3.000,3.000,3.000,3.000,3.000,3.000,3.000,3.000,3.000,3.000,3.000,3.000,3.000,3.000,3.000
3.000,3.000,3.000,3.000,3.000,3.000,3.000,3.000,3.000,3.000,3.000,3.000,3.000,2.219,2.219,2.219,2.216,2.210,2.208,2.205,2.203,2.196,2.191,2.186,2.182,2.177,2.171,2.164,2.158,2.154,2.151,2.146,2.142,2.137,2.134,2.130,2.123,2.113,2.103,2.097,2.091,2.083,2.075,2.069,2.065,2.061,2.057,2.053,2.048,2.041,2.036,2.032,2.029,2.024,2.020,2.016,2.012,2.008,2.003,2.001,1.998,1.997,1.993,1.991,1.984,1.977,1.973,1.968,1.963,1.956,1.947,1.943,1.936,1.931,1.927,1.924,1.920,1.912,1.906,1.901,1.893,1.889,1.885,1.881,1.877,1.874,1.870,1.863,1.857,1.852,1.846,1.839,1.832,1.825,1.811,1.800,1.785,1.768,1.745,1.749,3.000,3.000,0.931,0.930,0.912,0.899,0.888,0.880,0.872,0.866,0.860,0.855,0.849,0.844,0.839,0.834,0.830,0.828,0.825,0.823,0.821,0.819,0.818,0.817,0.816,0.815,0.814,0.813,0.812,0.812,0.812,0.812,0.811,0.812,0.811,0.812,0.812,0.812,0.812,0.812,0.812,0.812,0.813,0.813,0.814,0.814,0.814,0.814,0.814,0.813,0.813,0.813,0.812,0.813,0.813,0.813,0.813,0.814,0.815,0.816,0.816,0.818,0.819,0.820,0.821,0.823,0.825,0.826,0.827,0.828,0.830,0.834,0.840,0.844,0.849,0.852,0.856,0.860,0.865,0.869,0.875,0.881,0.887,0.894,0.901,0.909,0.916,0.920,0.922,0.924,0.924,0.923,0.922,0.922,0.921,0.921,0.921,0.922,0.922,0.923,0.925,0.927,0.931,0.934,0.940,0.946,0.953,0.962,0.972,0.988,0.989,3.000,3.000,3.000,1.820,1.819,1.837,1.846,1.850,1.850,1.842,1.812,1.812,3.000,3.000,3.000,3.000,3.000,3.000,3.000,1.770,1.782,1.791,1.801,1.810,1.821,1.826,1.827,1.827,1.827,1.828,1.898,1.861,1.860,1.860,1.857,1.860,1.863,1.863,1.861,1.858,1.860,1.861,1.868,1.874,1.877,1.886,1.891,1.896,1.904,1.906,1.916,1.916,1.881,3.000,3.000,3.000,3.000,3.000,3.000,3.000,3.000,3.000,3.000,3.000,3.000,3.000,3.000,2.367,2.367,2.385,2.397,2.408,2.416,2.424,2.432,2.440,2.445,2.454,2.464,2.477,2.481,2.489,2.490,3.000,3.000,3.000,3.000,3.000,3.000,3.000,3.000,3.000,3.000,3.000,3.000,3.000,3.000,3.000,3.000,3.000,3.000,3.000,3.000,3.000,3.000,3.000,3.000,3.000,3.000
3.000,3.000,3.000,3.000,3.000,3.000,3.000,3.000,3.000,3.000,3.000,3.000,3.000,2.219,2.228,2.228,2.222,2.212,2.209,2.207,2.204,2.199,2.194,2.188,2.184,2.179,2.173,2.166,2.161,2.156,2.153,2.148,2.145,2.140,2.137,2.133,2.127,2.121,2.109,2.103,2.096,2.088,2.081,2.074,2.070,2.067,2.063,2.058,2.052,2.044,2.038,2.035,2.031,2.026,2.022,2.018,2.016,2.011,2.007,2.004,2.001,2.001,1.997,1.994,1.988,1.980,1.976,1.971,1.966,1.958,1.951,1.947,1.939,1.934,1.930,1.927,1.923,1.915,1.909,1.904,1.896,1.893,1.889,1.885,1.880,1.878,1.873,1.865,1.859,1.854,1.847,1.840,1.832,1.826,1.813,1.803,1.788,1.769,1.743,1.747,3.000,3.000,0.932,0.930,0.912,0.900,0.889,0.880,0.872,0.866,0.860,0.855,0.849,0.843,0.838,0.833,0.829,0.827,0.824,0.822,0.820,0.818,0.817,0.816,0.815,0.814,0.813,0.812,0.812,0.812,0.812,0.812,0.811,0.811,0.811,0.812,0.812,0.812,0.812,0.812,0.812,0.812,0.812,0.813,0.813,0.813,0.813,0.813,0.812,0.812,0.811,0.811,0.810,0.811,0.811,0.811,0.811,0.812,0.813,0.814,0.815,0.816,0.817,0.819,0.820,0.821,0.823,0.824,0.825,0.826,0.828,0.831,0.837,0.841,0.846,0.849,0.852,0.856,0.860,0.864,0.869,0.874,0.879,0.887,0.895,0.902,0.909,0.914,0.916,0.918,0.918,0.917,0.916,0.917,0.916,0.917,0.917,0.918,0.918,0.918,0.920,0.921,0.924,0.928,0.933,0.938,0.945,0.953,0.965,0.984,0.988,3.000,3.000,3.000,1.819,1.818,1.836,1.843,1.847,1.844,1.835,1.842,1.812,1.329,1.329,1.329,3.000,3.000,3.000,1.728,1.770,1.770,1.782,1.791,1.801,1.810,1.821,1.826,1.827,1.824,1.826,1.828,1.832,1.832,1.831,1.831,1.832,1.832,1.834,1.834,1.830,1.830,1.834,1.845,1.850,1.847,1.850,1.853,1.861,1.867,1.868,1.876,1.881,1.881,1.865,1.869,1.872,1.874,1.874,1.874,3.000,3.000,3.000,3.000,3.000,3.000,3.000,3.000,2.367,2.355,2.377,2.392,2.404,2.412,2.421,2.427,2.435,2.440,2.448,2.461,2.475,2.479,2.488,2.489,3.000,3.000,3.000,3.000,3.000,3.000,3.000,3.000,3.000,3.000,3.000,3.000,3.000,3.000,3.000,3.000,3.000,3.000,3.000,3.000,3.000,3.000,3.000,3.000,3.000,3.000
3.000,3.000,3.000,3.000,3.000,3.000,3.000,3.000,3.000,3.000,3.000,3.000,3.000,3.000,2.228,2.229,2.226,2.213,2.208,2.206,2.204,2.199,2.193,2.189,2.185,2.180,2.176,2.169,2.164,2.158,2.155,2.149,2.147,2.143,2.140,2.136,2.130,2.125,2.115,2.107,2.100,2.093,2.085,2.078,2.073,2.069,2.065,2.060,2.053,2.045,2.039,2.036,2.031,2.027,2.023,2.021,2.019,2.014,2.009,2.006,2.004,2.003,1.999,1.997,1.990,1.985,1.978,1.973,1.968,1.961,1.954,1.949,1.943,1.937,1.933,1.929,1.925,1.917,1.911,1.906,1.900,1.896,1.892,1.888,1.884,1.880,1.876,1.869,1.860,1.855,1.849,1.841,1.832,1.825,1.814,1.804,1.789,1.771,1.747,1.748,3.000,3.000,0.934,0.932,0.915,0.903,0.891,0.882,0.874,0.867,0.861,0.855,0.849,0.843,0.837,0.832,0.829,0.826,0.823,0.821,0.819,0.817,0.816,0.815,0.814,0.813,0.812,0.812,0.811,0.811,0.811,0.812,0.811,0.811,0.811,0.812,0.812,0.812,0.811,0.811,0.811,0.811,0.811,0.812,0.812,0.812,0.811,0.811,0.810,0.810,0.809,0.809,0.808,0.809,0.809,0.810,0.810,0.810,0.811,0.812,0.813,0.815,0.816,0.817,0.818,0.820,0.821,0.823,0.823,0.824,0.826,0.829,0.834,0.838,0.842,0.846,0.849,0.852,0.855,0.859,0.863,0.867,0.872,0.881,0.887,0.894,0.900,0.905,0.907,0.910,0.910,0.910,0.910,0.911,0.911,0.911,0.911,0.912,0.911,0.911,0.912,0.912,0.913,0.916,0.920,0.926,0.933,0.942,0.956,0.974,0.984,3.000,3.000,3.000,1.818,1.816,1.832,1.839,1.840,1.831,1.844,1.835,3.000,1.337,1.329,1.337,3.000,3.000,1.679,1.728,1.728,1.744,1.755,1.764,1.777,1.785,1.790,1.794,1.797,1.802,1.805,1.808,1.811,1.813,1.813,1.813,1.814,1.811,1.812,1.813,1.812,1.812,1.809,1.812,1.819,1.823,1.829,1.831,1.836,1.845,1.846,1.845,1.855,1.859,1.861,1.865,1.869,1.872,1.874,1.874,1.852,1.858,1.858,1.858,1.836,3.000,3.000,3.000,2.355,2.377,2.362,2.381,2.397,2.406,2.415,2.419,2.425,2.431,2.439,2.457,2.470,2.475,2.486,2.488,3.000,3.000,3.000,3.000,3.000,3.000,3.000,3.000,3.000,3.000,3.000,3.000,3.000,3.000,3.000,3.000,3.000,3.000,3.000,3.000,3.000,3.000,3.000,3.000,3.000,3.000
3.000,3.000,3.000,3.000,3.000,3.000,3.000,3.000,3.000,3.000,3.000,3.000,3.000,3.000,3.000,2.229,2.229,2.213,2.206,2.206,2.203,2.200,2.194,2.190,2.188,2.182,2.178,2.171,2.166,2.159,2.156,2.152,2.148,2.145,2.142,2.138,2.132,2.127,2.118,2.110,2.103,2.096,2.090,2.082,2.076,2.071,2.067,2.062,2.055,2.047,2.041,2.037,2.032,2.029,2.026,2.023,2.021,2.017,2.012,2.008,2.006,2.005,2.001,1.998,1.992,1.987,1.981,1.976,1.970,1.963,1.956,1.952,1.946,1.941,1.937,1.933,1.928,1.920,1.914,1.909,1.903,1.900,1.895,1.890,1.885,1.882,1.877,1.869,1.860,1.854,1.848,1.840,1.831,1.824,1.812,1.803,1.788,1.772,1.748,1.748,3.000,3.000,0.936,0.934,0.917,0.905,0.893,0.884,0.875,0.868,0.862,0.855,0.849,0.842,0.836,0.831,0.828,0.825,0.822,0.819,0.817,0.816,0.816,0.815,0.813,0.812,0.812,0.811,0.811,0.811,0.811,0.811,0.811,0.811,0.811,0.811,0.811,0.811,0.811,0.810,0.810,0.810,0.810,0.810,0.810,0.810,0.809,0.809,0.808,0.808,0.807,0.807,0.807,0.807,0.807,0.808,0.808,0.809,0.809,0.811,0.812,0.813,0.814,0.816,0.817,0.818,0.819,0.821,0.821,0.822,0.823,0.826,0.830,0.834,0.838,0.841,0.844,0.847,0.850,0.854,0.857,0.861,0.865,0.870,0.877,0.886,0.891,0.896,0.899,0.902,0.902,0.903,0.902,0.903,0.902,0.904,0.904,0.905,0.904,0.903,0.903,0.902,0.904,0.907,0.912,0.917,0.925,0.934,0.949,0.969,0.974,3.000,3.000,3.000,1.816,1.811,1.827,1.833,1.834,1.819,1.831,3.000,3.000,1.356,1.337,1.356,3.000,3.000,1.679,1.679,1.699,1.716,1.728,1.735,1.742,1.748,1.753,1.758,1.772,1.775,1.778,1.780,1.782,1.782,1.780,1.782,1.788,1.789,1.791,1.796,1.794,1.794,1.793,1.796,1.800,1.806,1.810,1.812,1.815,1.818,1.820,1.823,1.826,1.832,1.837,1.842,1.845,1.847,1.848,1.847,1.852,1.852,1.858,1.836,1.836,1.831,3.000,3.000,3.000,2.362,2.381,2.371,2.389,2.399,2.409,2.411,2.412,2.415,2.430,2.453,2.467,2.472,2.486,2.486,3.000,3.000,3.000,3.000,3.000,3.000,3.000,3.000,3.000,3.000,3.000,3.000,3.000,3.000,3.000,3.000,3.000,3.000,3.000,3.000,3.000,3.000,3.000,3.000,3.000,3.000
3.000,3.000,3.000,3.000,3.000,3.000,3.000,3.000,3.000,3.000,3.000,3.000,3.000,3.000,3.000,2.229,2.228,2.210,2.207,2.209,2.206,2.204,2.198,2.194,2.192,2.187,2.183,2.172,2.168,2.162,2.158,2.154,2.150,2.146,2.143,2.139,2.133,2.128,2.120,2.114,2.105,2.099,2.093,2.085,2.079,2.073,2.068,2.063,2.056,2.050,2.043,2.039,2.034,2.030,2.028,2.025,2.023,2.018,2.013,2.009,2.007,2.005,2.001,1.999,1.993,1.989,1.984,1.979,1.973,1.966,1.958,1.954,1.949,1.945,1.941,1.937,1.932,1.924,1.918,1.913,1.907,1.903,1.897,1.891,1.885,1.881,1.876,1.867,1.858,1.852,1.845,1.837,1.828,1.821,1.809,1.800,1.785,1.769,1.746,1.748,3.000,3.000,0.938,0.936,0.918,0.906,0.895,0.885,0.876,0.869,0.862,0.855,0.848,0.841,0.835,0.830,0.826,0.823,0.821,0.818,0.816,0.815,0.815,0.814,0.813,0.812,0.811,0.810,0.810,0.810,0.810,0.811,0.811,0.811,0.810,0.811,0.811,0.810,0.810,0.809,0.808,0.808,0.808,0.808,0.807,0.807,0.807,0.807,0.806,0.806,0.805,0.805,0.805,0.805,0.806,0.806,0.806,0.807,0.808,0.809,0.810,0.812,0.813,0.814,0.815,0.816,0.817,0.819,0.819,0.819,0.820,0.823,0.826,0.830,0.834,0.837,0.839,0.842,0.845,0.849,0.852,0.856,0.859,0.864,0.870,0.878,0.883,0.888,0.891,0.895,0.895,0.896,0.896,0.896,0.895,0.896,0.896,0.895,0.893,0.894,0.894,0.894,0.896,0.899,0.904,0.909,0.917,0.928,0.942,0.969,0.969,3.000,3.000,3.000,1.811,1.800,1.818,1.824,1.823,1.807,1.819,3.000,3.000,1.356,1.356,1.356,3.000,1.626,1.679,1.667,1.684,1.698,1.707,1.714,1.720,1.725,1.728,1.735,1.739,1.742,1.755,1.758,1.760,1.761,1.759,1.760,1.765,1.764,1.769,1.778,1.776,1.776,1.772,1.781,1.785,1.791,1.795,1.795,1.797,1.803,1.804,1.806,1.809,1.813,1.818,1.823,1.827,1.829,1.829,1.827,1.832,1.834,1.839,1.825,1.831,1.831,3.000,3.000,3.000,3.000,2.371,2.389,2.377,2.390,2.399,2.400,2.401,2.399,2.413,2.467,2.472,2.472,2.472,3.000,3.000,3.000,3.000,3.000,3.000,3.000,3.000,3.000,3.000,3.000,3.000,3.000,3.000,3.000,3.000,3.000,3.000,3.000,3.000,3.000,3.000,3.000,3.000,3.000,3.000,3.000
3.000,3.000,3.000,3.000,3.000,3.000,3.000,3.000,3.000,3.000,3.000,3.000,3.000,3.000,3.000,2.228,2.216,2.208,2.207,2.212,2.209,2.207,2.201,2.198,2.195,2.189,2.185,2.174,2.170,2.164,2.161,2.156,2.153,2.149,2.146,2.142,2.135,2.130,2.123,2.118,2.110,2.104,2.099,2.092,2.085,2.076,2.071,2.066,2.058,2.052,2.046,2.042,2.036,2.033,2.030,2.027,2.025,2.018,2.014,2.010,2.008,2.006,2.002,1.999,1.993,1.990,1.986,1.981,1.974,1.967,1.959,1.955,1.951,1.948,1.944,1.939,1.935,1.927,1.920,1.915,1.909,1.904,1.898,1.891,1.885,1.881,1.875,1.866,1.856,1.849,1.842,1.833,1.823,1.815,1.801,1.793,1.779,1.763,1.741,1.746,3.000,3.000,0.938,0.938,0.920,0.908,0.897,0.887,0.877,0.870,0.862,0.855,0.848,0.841,0.834,0.829,0.826,0.823,0.820,0.817,0.815,0.814,0.813,0.813,0.811,0.810,0.810,0.809,0.808,0.809,0.809,0.809,0.809,0.809,0.809,0.809,0.809,0.808,0.808,0.807,0.806,0.806,0.805,0.805,0.804,0.804,0.804,0.804,0.803,0.803,0.802,0.802,0.802,0.803,0.803,0.804,0.804,0.805,0.805,0.807,0.808,0.809,0.810,0.812,0.813,0.814,0.815,0.816,0.816,0.817,0.818,0.820,0.823,0.826,0.830,0.833,0.835,0.838,0.840,0.844,0.847,0.850,0.854,0.858,0.863,0.870,0.876,0.881,0.885,0.888,0.889,0.889,0.889,0.889,0.888,0.888,0.887,0.887,0.886,0.886,0.886,0.887,0.889,0.892,0.896,0.901,0.908,0.917,0.933,0.942,0.930,3.000,3.000,3.000,1.800,1.787,1.809,1.817,1.815,1.804,1.807,3.000,3.000,1.356,1.356,1.356,1.593,1.626,1.626,1.651,1.667,1.680,1.688,1.696,1.698,1.702,1.706,1.715,1.719,1.721,1.723,1.725,1.733,1.736,1.734,1.732,1.740,1.737,1.741,1.748,1.750,1.752,1.755,1.763,1.768,1.771,1.774,1.770,1.779,1.782,1.784,1.785,1.786,1.785,1.787,1.789,1.803,1.799,1.802,1.801,1.810,1.813,1.817,1.808,1.813,1.831,3.000,3.000,3.000,3.000,3.000,2.377,2.363,2.379,2.390,2.391,2.386,2.385,2.413,2.413,3.000,3.000,3.000,3.000,3.000,3.000,3.000,3.000,3.000,3.000,3.000,3.000,3.000,3.000,3.000,3.000,3.000,3.000,3.000,3.000,3.000,3.000,3.000,3.000,3.000,3.000,3.000,3.000,3.000,3.000
3.000,3.000,3.000,3.000,3.000,3.000,3.000,3.000,3.000,3.000,3.000,3.000,3.000,3.000,3.000,2.216,2.216,2.216,2.209,2.216,2.213,2.207,2.203,2.199,2.195,2.186,2.182,2.175,2.170,2.164,2.161,2.159,2.155,2.152,2.148,2.144,2.138,2.132,2.126,2.120,2.112,2.107,2.102,2.095,2.087,2.080,2.075,2.070,2.064,2.056,2.049,2.046,2.040,2.036,2.033,2.031,2.027,2.020,2.017,2.014,2.012,2.012,2.009,2.006,1.998,1.994,1.989,1.984,1.976,1.969,1.961,1.957,1.953,1.950,1.947,1.942,1.937,1.931,1.923,1.917,1.910,1.904,1.898,1.890,1.883,1.878,1.872,1.863,1.851,1.843,1.835,1.826,1.816,1.806,1.793,1.785,1.769,1.755,1.763,1.741,3.000,3.000,0.940,0.938,0.921,0.909,0.898,0.888,0.879,0.871,0.863,0.855,0.848,0.840,0.833,0.829,0.825,0.822,0.819,0.817,0.815,0.813,0.813,0.812,0.810,0.809,0.808,0.808,0.807,0.807,0.807,0.808,0.808,0.808,0.807,0.807,0.807,0.807,0.806,0.805,0.804,0.804,0.803,0.803,0.802,0.802,0.801,0.801,0.801,0.801,0.800,0.801,0.801,0.801,0.801,0.802,0.802,0.803,0.804,0.804,0.805,0.806,0.807,0.809,0.810,0.811,0.812,0.813,0.814,0.814,0.816,0.818,0.820,0.823,0.826,0.829,0.832,0.834,0.837,0.840,0.843,0.846,0.849,0.853,0.858,0.863,0.870,0.875,0.879,0.882,0.883,0.884,0.883,0.883,0.882,0.882,0.881,0.881,0.880,0.879,0.880,0.881,0.883,0.885,0.889,0.893,0.899,0.906,0.917,0.930,0.936,0.936,3.000,3.000,1.787,1.809,1.796,1.806,1.805,1.799,1.804,3.000,3.000,3.000,1.520,1.562,1.593,1.593,1.617,1.632,1.642,1.659,1.666,1.672,1.677,1.685,1.689,1.698,1.701,1.703,1.703,1.704,1.713,1.715,1.713,1.711,1.717,1.717,1.722,1.726,1.730,1.733,1.736,1.738,1.743,1.747,1.749,1.750,1.752,1.755,1.764,1.765,1.767,1.764,1.768,1.771,1.776,1.778,1.781,1.781,1.783,1.785,1.794,1.781,1.785,1.813,1.761,3.000,3.000,3.000,3.000,2.363,2.353,2.390,2.391,2.391,2.391,2.386,2.385,3.000,3.000,3.000,3.000,3.000,3.000,3.000,3.000,3.000,3.000,3.000,3.000,3.000,3.000,3.000,3.000,3.000,3.000,3.000,3.000,3.000,3.000,3.000,3.000,3.000,3.000,3.000,3.000,3.000,3.000,3.000
3.000,3.000,3.000,3.000,3.000,3.000,3.000,3.000,3.000,3.000,3.000,3.000,3.000,3.000,3.000,3.000,3.000,2.209,2.220,2.220,2.217,2.210,2.206,2.201,2.197,2.189,2.185,2.177,2.173,2.166,2.163,2.162,2.159,2.155,2.151,2.147,2.140,2.134,2.129,2.124,2.115,2.110,2.105,2.097,2.091,2.083,2.078,2.073,2.066,2.059,2.053,2.050,2.044,2.041,2.037,2.035,2.031,2.023,2.019,2.016,2.015,2.014,2.011,2.008,2.002,1.998,1.992,1.986,1.979,1.973,1.964,1.960,1.956,1.953,1.950,1.946,1.940,1.934,1.927,1.920,1.912,1.904,1.896,1.887,1.878,1.873,1.867,1.855,1.842,1.832,1.823,1.812,1.799,1.791,1.777,1.766,1.754,1.738,1.755,3.000,3.000,3.000,0.944,0.940,0.923,0.911,0.899,0.890,0.880,0.872,0.864,0.855,0.847,0.839,0.833,0.828,0.825,0.821,0.819,0.816,0.814,0.813,0.811,0.810,0.809,0.807,0.806,0.806,0.805,0.805,0.805,0.806,0.805,0.805,0.805,0.805,0.804,0.803,0.802,0.801,0.801,0.801,0.800,0.800,0.799,0.799,0.799,0.799,0.799,0.799,0.799,0.799,0.799,0.799,0.799,0.800,0.801,0.801,0.802,0.802,0.803,0.804,0.805,0.806,0.807,0.808,0.810,0.811,0.811,0.812,0.813,0.815,0.817,0.820,0.823,0.826,0.828,0.831,0.833,0.836,0.839,0.843,0.846,0.849,0.854,0.858,0.865,0.870,0.874,0.877,0.877,0.878,0.878,0.877,0.877,0.876,0.876,0.876,0.876,0.875,0.875,0.877,0.878,0.880,0.883,0.887,0.892,0.898,0.908,0.918,0.936,0.936,3.000,3.000,3.000,1.796,1.806,1.786,1.786,1.785,1.799,3.000,3.000,3.000,1.520,1.520,1.562,1.585,1.604,1.616,1.624,1.635,1.642,1.652,1.656,1.660,1.664,1.675,1.677,1.680,1.681,1.683,1.686,1.687,1.688,1.688,1.692,1.697,1.700,1.702,1.707,1.704,1.706,1.709,1.723,1.726,1.729,1.730,1.731,1.731,1.733,1.727,1.737,1.737,1.743,1.746,1.747,1.748,1.757,1.753,1.753,1.748,1.750,1.748,1.756,1.761,1.776,1.776,1.776,3.000,3.000,2.353,2.338,2.353,3.000,3.000,3.000,3.000,3.000,3.000,3.000,3.000,3.000,3.000,3.000,3.000,3.000,3.000,3.000,3.000,3.000,3.000,3.000,3.000,3.000,3.000,3.000,3.000,3.000,3.000,3.000,3.000,3.000,3.000,3.000,3.000,3.000,3.000,3.000,3.000
3.000,3.000,3.000,3.000,3.000,3.000,3.000,3.000,3.000,3.000,3.000,3.000,3.000,3.000,3.000,3.000,3.000,3.000,2.220,2.220,2.218,2.211,2.208,2.204,2.199,2.192,2.188,2.181,2.176,2.171,2.169,2.167,2.164,2.158,2.154,2.150,2.143,2.137,2.132,2.128,2.120,2.113,2.108,2.100,2.095,2.086,2.081,2.075,2.069,2.063,2.056,2.053,2.046,2.043,2.039,2.037,2.033,2.026,2.023,2.019,2.017,2.015,2.012,2.008,2.003,2.000,1.995,1.989,1.983,1.976,1.967,1.962,1.958,1.955,1.952,1.947,1.941,1.934,1.927,1.921,1.910,1.902,1.890,1.880,1.870,1.864,1.856,1.842,1.827,1.842,1.832,1.823,1.812,1.799,1.791,1.777,1.766,1.754,1.738,3.000,3.000,3.000,0.945,0.944,0.925,0.913,0.901,0.891,0.881,0.873,0.865,0.855,0.846,0.838,0.832,0.828,0.824,0.821,0.818,0.815,0.813,0.812,0.810,0.809,0.808,0.806,0.805,0.804,0.804,0.804,0.803,0.803,0.803,0.803,0.802,0.802,0.801,0.801,0.800,0.799,0.798,0.798,0.798,0.798,0.797,0.797,0.797,0.798,0.798,0.797,0.797,0.797,0.797,0.798,0.798,0.799,0.799,0.800,0.801,0.801,0.802,0.803,0.804,0.805,0.806,0.807,0.808,0.809,0.810,0.810,0.811,0.813,0.815,0.817,0.820,0.822,0.825,0.828,0.830,0.834,0.836,0.840,0.843,0.846,0.850,0.855,0.860,0.865,0.869,0.872,0.873,0.873,0.873,0.873,0.872,0.872,0.872,0.872,0.872,0.872,0.873,0.874,0.875,0.878,0.880,0.884,0.889,0.895,0.904,0.913,0.928,0.938,0.938,3.000,3.000,3.000,1.786,1.786,1.786,1.786,1.785,3.000,3.000,3.000,1.520,1.520,1.549,1.574,1.589,1.601,1.608,1.616,1.622,1.632,1.636,1.640,1.646,1.657,1.660,1.662,1.660,1.662,1.670,1.669,1.670,1.672,1.677,1.680,1.683,1.685,1.686,1.688,1.690,1.694,1.707,1.709,1.712,1.708,1.713,1.711,1.712,1.708,1.712,1.716,1.723,1.725,1.729,1.730,1.730,1.731,1.727,1.728,1.729,1.728,1.737,1.742,1.762,1.776,1.776,3.000,3.000,2.338,2.338,2.338,3.000,3.000,3.000,3.000,2.354,2.354,2.354,3.000,3.000,3.000,3.000,3.000,3.000,3.000,3.000,3.000,3.000,3.000,3.000,3.000,3.000,3.000,3.000,3.000,3.000,3.000,3.000,3.000,3.000,3.000,3.000,3.000,3.000,3.000,3.000,3.000
3.000,3.000,3.000,3.000,3.000,3.000,3.000,3.000,3.000,3.000,3.000,3.000,3.000,3.000,3.000,3.000,3.000,3.000,3.000,2.226,2.220,2.213,2.210,2.206,2.200,2.193,2.189,2.183,2.178,2.174,2.172,2.170,2.167,2.161,2.157,2.152,2.145,2.140,2.135,2.131,2.122,2.116,2.111,2.103,2.099,2.091,2.085,2.078,2.072,2.067,2.061,2.058,2.051,2.049,2.044,2.041,2.037,2.031,2.028,2.022,2.020,2.017,2.014,2.010,2.005,2.002,1.997,1.991,1.985,1.980,1.971,1.965,1.959,1.956,1.952,1.947,1.941,1.933,1.925,1.917,1.905,1.891,1.880,1.864,1.850,1.837,1.864,1.856,1.842,1.827,3.000,3.000,3.000,3.000,3.000,3.000,3.000,3.000,3.000,3.000,3.000,3.000,0.946,0.945,0.927,0.914,0.902,0.892,0.882,0.874,0.865,0.854,0.845,0.837,0.831,0.827,0.823,0.820,0.817,0.815,0.813,0.811,0.810,0.808,0.807,0.806,0.804,0.804,0.803,0.803,0.802,0.802,0.802,0.801,0.800,0.800,0.800,0.799,0.798,0.798,0.797,0.797,0.796,0.796,0.796,0.796,0.796,0.796,0.796,0.796,0.796,0.796,0.796,0.796,0.797,0.797,0.798,0.799,0.800,0.800,0.801,0.802,0.803,0.804,0.805,0.806,0.806,0.808,0.808,0.809,0.810,0.811,0.812,0.815,0.817,0.820,0.822,0.825,0.828,0.831,0.834,0.837,0.840,0.843,0.847,0.851,0.856,0.860,0.864,0.867,0.868,0.869,0.869,0.869,0.868,0.868,0.869,0.869,0.869,0.869,0.870,0.871,0.873,0.875,0.878,0.882,0.887,0.892,0.900,0.909,0.922,0.938,0.938,3.000,3.000,3.000,3.000,3.000,3.000,3.000,3.000,3.000,3.000,3.000,1.520,1.515,1.539,1.555,1.569,1.582,1.590,1.597,1.603,1.611,1.615,1.617,1.620,1.624,1.633,1.636,1.638,1.640,1.643,1.645,1.651,1.654,1.658,1.660,1.665,1.664,1.666,1.666,1.672,1.677,1.682,1.683,1.684,1.685,1.684,1.688,1.689,1.690,1.693,1.700,1.706,1.708,1.708,1.705,1.708,1.709,1.709,1.707,1.707,1.708,1.716,1.723,1.738,1.750,1.776,3.000,3.000,3.000,3.000,3.000,3.000,3.000,3.000,3.000,2.354,2.354,2.354,3.000,3.000,3.000,3.000,3.000,3.000,3.000,3.000,3.000,3.000,3.000,3.000,3.000,3.000,3.000,3.000,3.000,3.000,3.000,3.000,3.000,3.000,3.000,3.000,3.000,3.000,3.000,3.000,3.000
3.000,3.000,3.000,3.000,3.000,3.000,3.000,3.000,3.000,3.000,3.000,3.000,3.000,3.000,3.000,3.000,3.000,3.000,3.000,2.226,2.226,2.217,2.212,2.208,2.201,2.195,2.191,2.186,2.181,2.177,2.175,2.173,2.171,2.166,2.161,2.157,2.150,2.146,2.140,2.136,2.126,2.119,2.115,2.108,2.103,2.096,2.090,2.084,2.077,2.072,2.067,2.063,2.058,2.055,2.049,2.045,2.041,2.035,2.031,2.025,2.024,2.020,2.017,2.013,2.008,2.005,2.000,1.994,1.987,1.982,1.974,1.967,1.960,1.956,1.952,1.948,1.941,1.931,1.919,1.910,1.896,1.881,1.864,1.848,1.864,1.850,1.837,3.000,3.000,3.000,3.000,3.000,3.000,3.000,3.000,3.000,3.000,3.000,3.000,3.000,3.000,0.978,0.978,0.946,0.927,0.914,0.902,0.892,0.882,0.874,0.865,0.852,0.843,0.836,0.831,0.826,0.823,0.820,0.817,0.815,0.812,0.811,0.810,0.808,0.807,0.805,0.804,0.804,0.803,0.802,0.802,0.802,0.801,0.801,0.800,0.800,0.799,0.799,0.798,0.797,0.796,0.796,0.796,0.796,0.795,0.795,0.795,0.795,0.796,0.795,0.795,0.795,0.795,0.795,0.796,0.797,0.797,0.798,0.799,0.799,0.800,0.801,0.802,0.803,0.804,0.805,0.806,0.807,0.807,0.808,0.809,0.809,0.811,0.813,0.815,0.818,0.820,0.823,0.825,0.828,0.831,0.835,0.837,0.841,0.844,0.849,0.853,0.856,0.859,0.862,0.864,0.865,0.865,0.865,0.864,0.864,0.865,0.865,0.865,0.866,0.867,0.868,0.870,0.873,0.876,0.880,0.885,0.891,0.899,0.907,0.920,0.936,0.938,3.000,3.000,3.000,3.000,3.000,3.000,3.000,3.000,3.000,3.000,3.000,1.515,1.502,1.524,1.540,1.553,1.564,1.573,1.578,1.586,1.593,1.596,1.599,1.602,1.605,1.609,1.610,1.613,1.620,1.623,1.624,1.632,1.638,1.641,1.644,1.648,1.648,1.650,1.650,1.656,1.659,1.666,1.666,1.664,1.667,1.666,1.670,1.671,1.672,1.674,1.681,1.689,1.690,1.689,1.689,1.692,1.695,1.696,1.693,1.695,1.698,1.704,1.712,1.728,1.741,1.750,3.000,3.000,3.000,3.000,3.000,3.000,3.000,3.000,3.000,2.354,2.354,2.354,3.000,3.000,3.000,3.000,3.000,3.000,3.000,3.000,3.000,3.000,3.000,3.000,3.000,3.000,3.000,3.000,3.000,3.000,3.000,3.000,3.000,3.000,3.000,3.000,3.000,3.000,3.000,3.000,3.000
3.000,3.000,3.000,3.000,3.000,3.000,3.000,3.000,3.000,3.000,3.000,3.000,3.000,3.000,3.000,3.000,3.000,3.000,3.000,2.226,2.226,2.219,2.215,2.210,2.203,2.198,2.193,2.189,2.184,2.181,2.178,2.176,2.174,2.169,2.166,2.162,2.157,2.150,2.144,2.140,2.131,2.125,2.122,2.117,2.110,2.103,2.098,2.091,2.085,2.079,2.075,2.070,2.067,2.062,2.055,2.050,2.046,2.040,2.036,2.032,2.029,2.024,2.020,2.017,2.013,2.010,2.004,1.997,1.990,1.985,1.977,1.970,1.962,1.957,1.953,1.948,1.940,1.928,1.914,1.903,1.886,1.867,1.847,1.864,1.848,3.000,3.000,3.000,3.000,3.000,3.000,3.000,3.000,3.000,3.000,3.000,1.083,1.083,1.083,1.064,1.053,1.032,0.978,0.946,0.927,0.914,0.902,0.892,0.882,0.874,0.864,0.852,0.843,0.836,0.830,0.826,0.823,0.820,0.817,0.815,0.813,0.811,0.810,0.809,0.807,0.806,0.805,0.804,0.803,0.803,0.802,0.802,0.801,0.800,0.800,0.800,0.799,0.799,0.798,0.797,0.796,0.796,0.796,0.796,0.795,0.795,0.795,0.795,0.795,0.795,0.795,0.795,0.795,0.795,0.796,0.797,0.797,0.798,0.799,0.799,0.800,0.801,0.802,0.803,0.804,0.805,0.805,0.806,0.807,0.807,0.808,0.809,0.810,0.811,0.814,0.816,0.818,0.821,0.824,0.827,0.830,0.833,0.835,0.839,0.842,0.846,0.850,0.853,0.856,0.858,0.859,0.860,0.859,0.860,0.860,0.860,0.861,0.861,0.862,0.862,0.864,0.866,0.868,0.871,0.874,0.878,0.884,0.889,0.897,0.906,0.919,0.937,0.937,3.000,3.000,3.000,3.000,3.000,3.000,3.000,1.249,1.249,1.249,3.000,1.502,1.487,1.509,1.524,1.538,1.547,1.554,1.562,1.568,1.573,1.576,1.575,1.575,1.577,1.584,1.587,1.592,1.597,1.599,1.599,1.606,1.615,1.622,1.625,1.627,1.629,1.631,1.624,1.628,1.634,1.637,1.639,1.642,1.644,1.645,1.650,1.652,1.653,1.655,1.658,1.663,1.660,1.660,1.662,1.674,1.672,1.673,1.677,1.682,1.686,1.691,1.699,1.715,1.731,1.741,3.000,3.000,3.000,3.000,3.000,3.000,3.000,3.000,3.000,3.000,3.000,3.000,3.000,3.000,3.000,3.000,3.000,3.000,3.000,3.000,3.000,3.000,3.000,3.000,3.000,3.000,3.000,3.000,3.000,3.000,3.000,3.000,3.000,3.000,3.000,3.000,3.000,3.000,3.000,3.000,3.000
3.000,3.000,3.000,3.000,3.000,3.000,3.000,3.000,3.000,3.000,3.000,3.000,3.000,3.000,3.000,3.000,3.000,3.000,3.000,3.000,2.219,2.219,2.218,2.215,2.210,2.205,2.198,2.194,2.189,2.186,2.181,2.178,2.175,2.169,2.167,2.163,2.158,2.151,2.146,2.141,2.132,2.127,2.124,2.120,2.113,2.107,2.102,2.095,2.089,2.083,2.079,2.075,2.072,2.067,2.059,2.054,2.050,2.044,2.040,2.036,2.033,2.027,2.024,2.021,2.017,2.014,2.008,2.002,1.994,1.988,1.979,1.973,1.964,1.959,1.954,1.947,1.938,1.925,1.910,1.897,1.876,1.886,1.867,1.847,3.000,3.000,3.000,3.000,3.000,3.000,3.000,3.000,3.000,3.000,1.081,1.081,1.083,1.083,1.064,1.053,1.032,1.006,0.972,0.946,0.928,0.914,0.902,0.892,0.882,0.873,0.864,0.851,0.842,0.836,0.831,0.826,0.823,0.820,0.817,0.815,0.813,0.812,0.811,0.810,0.808,0.806,0.805,0.804,0.803,0.803,0.802,0.802,0.801,0.801,0.800,0.800,0.799,0.799,0.798,0.797,0.796,0.796,0.796,0.796,0.795,0.795,0.795,0.795,0.795,0.795,0.795,0.794,0.795,0.795,0.796,0.797,0.797,0.798,0.798,0.799,0.800,0.801,0.802,0.803,0.804,0.805,0.805,0.806,0.806,0.807,0.807,0.808,0.809,0.811,0.813,0.815,0.817,0.820,0.823,0.826,0.829,0.831,0.834,0.837,0.840,0.843,0.847,0.850,0.852,0.854,0.856,0.856,0.856,0.856,0.856,0.856,0.856,0.857,0.858,0.859,0.860,0.863,0.865,0.868,0.871,0.876,0.881,0.887,0.896,0.905,0.918,0.936,0.937,3.000,3.000,3.000,3.000,3.000,1.231,1.231,1.249,1.249,1.249,3.000,1.487,1.468,1.494,1.509,1.522,1.533,1.540,1.549,1.554,1.559,1.560,1.560,1.562,1.564,1.567,1.573,1.576,1.581,1.583,1.581,1.590,1.596,1.605,1.608,1.610,1.609,1.609,1.609,1.611,1.615,1.621,1.624,1.625,1.629,1.629,1.631,1.635,1.637,1.639,1.642,1.641,1.643,1.644,1.647,1.650,1.653,1.655,1.661,1.667,1.673,1.682,1.691,1.706,1.731,1.731,3.000,3.000,3.000,3.000,3.000,3.000,3.000,3.000,3.000,3.000,3.000,3.000,3.000,3.000,3.000,3.000,3.000,3.000,3.000,3.000,3.000,3.000,3.000,3.000,3.000,3.000,3.000,3.000,3.000,3.000,3.000,3.000,3.000,3.000,3.000,3.000,3.000,3.000,3.000,3.000,3.000
3.000,3.000,3.000,3.000,3.000,3.000,3.000,3.000,3.000,3.000,3.000,3.000,3.000,3.000,3.000,3.000,3.000,3.000,3.000,3.000,3.000,2.218,2.221,2.221,2.217,2.211,2.204,2.200,2.194,2.190,2.185,2.180,2.177,2.172,2.171,2.165,2.159,2.153,2.147,2.143,2.134,2.129,2.126,2.122,2.115,2.109,2.104,2.097,2.091,2.086,2.082,2.079,2.077,2.072,2.063,2.058,2.054,2.049,2.043,2.039,2.036,2.032,2.027,2.024,2.021,2.017,2.012,2.005,1.998,1.991,1.980,1.974,1.965,1.959,1.952,1.944,1.933,1.918,1.897,1.880,1.897,1.876,3.000,3.000,3.000,3.000,3.000,3.000,3.000,3.000,3.000,1.098,1.098,1.098,1.088,1.081,1.075,1.068,1.055,1.046,1.028,1.007,0.974,0.950,0.930,0.915,0.903,0.893,0.883,0.874,0.864,0.851,0.842,0.836,0.831,0.827,0.824,0.821,0.818,0.816,0.814,0.813,0.811,0.810,0.808,0.807,0.806,0.805,0.804,0.803,0.803,0.802,0.802,0.801,0.801,0.801,0.800,0.800,0.799,0.798,0.797,0.797,0.797,0.797,0.796,0.796,0.796,0.796,0.796,0.795,0.795,0.795,0.795,0.796,0.796,0.797,0.798,0.798,0.799,0.799,0.800,0.801,0.802,0.803,0.804,0.804,0.805,0.806,0.806,0.807,0.807,0.808,0.809,0.810,0.812,0.815,0.817,0.820,0.822,0.825,0.828,0.830,0.833,0.835,0.838,0.841,0.844,0.846,0.848,0.849,0.850,0.850,0.850,0.850,0.850,0.850,0.850,0.850,0.851,0.853,0.855,0.858,0.860,0.863,0.866,0.870,0.876,0.882,0.892,0.901,0.916,0.935,0.936,3.000,3.000,3.000,3.000,1.190,1.231,1.231,1.226,1.231,1.249,3.000,1.468,1.449,1.468,1.483,1.495,1.506,1.515,1.526,1.533,1.542,1.543,1.546,1.548,1.551,1.553,1.556,1.558,1.563,1.564,1.565,1.571,1.578,1.583,1.589,1.582,1.587,1.589,1.591,1.592,1.594,1.597,1.606,1.602,1.605,1.606,1.612,1.613,1.615,1.620,1.620,1.621,1.623,1.628,1.633,1.635,1.642,1.643,1.651,1.656,1.665,1.676,1.706,1.706,1.706,3.000,3.000,3.000,3.000,3.000,3.000,3.000,3.000,3.000,3.000,3.000,3.000,3.000,3.000,3.000,3.000,3.000,3.000,3.000,3.000,3.000,3.000,3.000,3.000,3.000,3.000,3.000,3.000,3.000,3.000,3.000,3.000,3.000,3.000,3.000,3.000,3.000,3.000,3.000,3.000,3.000,3.000
3.000,3.000,3.000,3.000,3.000,3.000,3.000,3.000,3.000,3.000,3.000,3.000,3.000,3.000,3.000,3.000,3.000,3.000,3.000,3.000,3.000,3.000,2.221,2.223,2.220,2.213,2.207,2.203,2.196,2.191,2.186,2.182,2.179,2.174,2.172,2.167,2.159,2.153,2.148,2.143,2.134,2.129,2.126,2.122,2.116,2.110,2.104,2.097,2.092,2.087,2.083,2.079,2.077,2.071,2.064,2.058,2.054,2.049,2.044,2.041,2.038,2.035,2.030,2.028,2.024,2.019,2.014,2.008,2.000,1.991,1.981,1.973,1.963,1.957,1.948,1.938,1.926,1.902,1.918,1.897,1.880,3.000,3.000,3.000,3.000,3.000,3.000,1.044,1.049,1.064,1.078,1.098,1.098,1.088,1.086,1.075,1.072,1.067,1.056,1.048,1.031,1.013,0.983,0.959,0.937,0.919,0.905,0.895,0.885,0.876,0.866,0.852,0.844,0.838,0.833,0.829,0.825,0.822,0.820,0.817,0.815,0.814,0.812,0.811,0.808,0.807,0.806,0.805,0.804,0.803,0.803,0.802,0.802,0.801,0.801,0.801,0.801,0.801,0.800,0.799,0.798,0.798,0.797,0.797,0.797,0.797,0.796,0.796,0.796,0.796,0.796,0.795,0.796,0.796,0.796,0.797,0.797,0.798,0.799,0.799,0.800,0.801,0.802,0.803,0.804,0.804,0.805,0.806,0.806,0.807,0.807,0.808,0.809,0.810,0.812,0.815,0.817,0.820,0.822,0.825,0.828,0.830,0.832,0.835,0.837,0.840,0.842,0.844,0.845,0.845,0.846,0.846,0.845,0.845,0.845,0.845,0.844,0.845,0.846,0.847,0.848,0.850,0.852,0.855,0.858,0.863,0.870,0.878,0.888,0.897,0.912,0.933,0.956,0.956,3.000,3.000,3.000,1.190,1.190,1.202,1.204,1.212,1.231,3.000,1.449,1.468,1.448,1.465,1.476,1.487,1.501,1.514,1.522,1.528,1.531,1.534,1.538,1.540,1.542,1.543,1.545,1.547,1.548,1.548,1.556,1.561,1.563,1.563,1.567,1.570,1.575,1.577,1.579,1.580,1.584,1.587,1.588,1.591,1.592,1.598,1.600,1.602,1.606,1.608,1.610,1.614,1.619,1.623,1.627,1.633,1.636,1.646,1.651,1.676,1.676,1.676,3.000,3.000,3.000,3.000,3.000,3.000,3.000,3.000,3.000,3.000,3.000,3.000,3.000,3.000,3.000,3.000,3.000,3.000,3.000,3.000,3.000,3.000,3.000,3.000,3.000,3.000,3.000,3.000,3.000,3.000,3.000,3.000,3.000,3.000,3.000,3.000,3.000,3.000,3.000,3.000,3.000,3.000,3.000,3.000
3.000,3.000,3.000,3.000,3.000,3.000,3.000,3.000,3.000,3.000,3.000,3.000,3.000,3.000,3.000,3.000,3.000,3.000,3.000,3.000,3.000,3.000,3.000,2.223,2.223,2.212,2.206,2.202,2.196,2.190,2.185,2.183,2.182,2.177,2.174,2.168,2.161,2.156,2.151,2.145,2.136,2.131,2.129,2.127,2.122,2.113,2.107,2.100,2.094,2.089,2.084,2.081,2.078,2.073,2.065,2.059,2.054,2.049,2.044,2.042,2.039,2.037,2.034,2.031,2.025,2.021,2.015,2.009,2.002,1.991,1.981,1.972,1.961,1.953,1.942,1.931,1.916,1.926,1.902,3.000,3.000,3.000,3.000,1.046,1.046,1.046,1.043,1.044,1.044,1.049,1.064,1.078,1.091,1.088,1.092,1.100,1.097,1.093,1.072,1.075,1.057,1.081,1.013,0.968,0.945,0.924,0.909,0.898,0.887,0.877,0.868,0.854,0.846,0.840,0.835,0.831,0.827,0.824,0.821,0.818,0.816,0.814,0.813,0.811,0.809,0.807,0.806,0.805,0.804,0.804,0.803,0.803,0.802,0.801,0.801,0.801,0.801,0.801,0.800,0.799,0.798,0.798,0.797,0.797,0.797,0.797,0.796,0.796,0.796,0.796,0.796,0.796,0.796,0.796,0.796,0.797,0.797,0.798,0.798,0.799,0.800,0.801,0.802,0.803,0.804,0.805,0.805,0.806,0.807,0.807,0.808,0.808,0.809,0.810,0.813,0.815,0.818,0.820,0.823,0.825,0.828,0.830,0.832,0.835,0.837,0.839,0.841,0.842,0.842,0.842,0.842,0.841,0.840,0.840,0.839,0.839,0.838,0.839,0.839,0.841,0.842,0.844,0.846,0.849,0.852,0.857,0.864,0.872,0.881,0.891,0.907,0.930,0.956,0.976,0.976,3.000,3.000,1.190,1.202,1.169,1.212,1.212,1.212,3.000,3.000,1.448,1.465,1.476,1.457,1.471,1.484,1.501,1.510,1.514,1.518,1.519,1.523,1.526,1.531,1.532,1.534,1.535,1.535,1.535,1.538,1.541,1.544,1.549,1.553,1.556,1.561,1.566,1.566,1.569,1.572,1.575,1.577,1.581,1.583,1.588,1.588,1.591,1.594,1.599,1.603,1.607,1.613,1.618,1.622,1.629,1.632,1.651,1.651,1.651,3.000,3.000,3.000,3.000,3.000,3.000,3.000,3.000,3.000,3.000,3.000,3.000,3.000,3.000,3.000,3.000,3.000,3.000,3.000,3.000,3.000,3.000,3.000,3.000,3.000,3.000,3.000,3.000,3.000,3.000,3.000,3.000,3.000,3.000,3.000,3.000,3.000,3.000,3.000,3.000,3.000,3.000,3.000,3.000,3.000,3.000
3.000,3.000,3.000,3.000,3.000,3.000,3.000,3.000,3.000,3.000,3.000,3.000,3.000,3.000,3.000,3.000,3.000,3.000,3.000,3.000,3.000,3.000,3.000,2.223,2.223,2.223,2.202,2.199,2.190,2.184,2.179,2.177,2.179,2.175,2.172,2.166,2.160,2.156,2.153,2.148,2.138,2.132,2.131,2.129,2.125,2.117,2.112,2.105,2.098,2.093,2.089,2.084,2.081,2.076,2.068,2.060,2.055,2.050,2.045,2.043,2.041,2.039,2.035,2.032,2.026,2.022,2.015,2.009,2.001,1.991,1.980,1.971,1.957,1.947,1.933,1.919,1.931,1.916,3.000,3.000,3.000,3.000,1.028,1.046,1.046,1.043,1.034,1.031,1.031,1.041,1.060,1.078,1.091,1.092,1.100,1.114,1.114,1.110,1.102,1.094,1.081,1.081,0.968,0.968,0.957,0.930,0.913,0.901,0.890,0.880,0.870,0.856,0.848,0.842,0.837,0.833,0.828,0.825,0.822,0.820,0.817,0.815,0.813,0.812,0.809,0.808,0.807,0.806,0.805,0.804,0.803,0.802,0.801,0.801,0.800,0.800,0.800,0.800,0.799,0.798,0.797,0.797,0.797,0.797,0.796,0.796,0.795,0.795,0.795,0.795,0.795,0.795,0.794,0.794,0.795,0.795,0.796,0.797,0.798,0.799,0.800,0.801,0.802,0.803,0.804,0.805,0.806,0.807,0.807,0.807,0.808,0.808,0.809,0.811,0.813,0.815,0.818,0.820,0.823,0.826,0.828,0.830,0.832,0.834,0.836,0.838,0.839,0.839,0.839,0.839,0.837,0.837,0.836,0.835,0.835,0.834,0.834,0.834,0.834,0.835,0.836,0.838,0.841,0.843,0.847,0.852,0.860,0.869,0.877,0.888,0.903,0.927,0.951,0.976,0.998,0.998,0.998,3.000,1.169,1.169,1.169,3.000,3.000,3.000,3.000,3.000,3.000,1.457,1.471,1.452,1.465,1.491,1.502,1.507,1.510,1.512,1.515,1.519,1.523,1.525,1.526,1.526,1.525,1.523,1.525,1.527,1.529,1.538,1.542,1.546,1.550,1.553,1.556,1.557,1.563,1.566,1.569,1.572,1.575,1.580,1.581,1.584,1.587,1.594,1.598,1.603,1.608,1.615,1.620,1.632,1.632,1.632,3.000,3.000,3.000,3.000,3.000,3.000,3.000,3.000,3.000,3.000,3.000,3.000,3.000,3.000,3.000,3.000,3.000,3.000,3.000,3.000,3.000,3.000,3.000,3.000,3.000,3.000,3.000,3.000,3.000,3.000,3.000,3.000,3.000,3.000,3.000,3.000,3.000,3.000,3.000,3.000,3.000,3.000,3.000,3.000,3.000,3.000,3.000,3.000
3.000,3.000,3.000,3.000,3.000,3.000,3.000,3.000,3.000,3.000,3.000,3.000,3.000,3.000,3.000,3.000,3.000,3.000,3.000,3.000,3.000,3.000,3.000,3.000,3.000,2.202,2.202,2.202,2.199,2.180,2.171,2.174,2.176,2.173,2.169,2.164,2.159,2.156,2.153,2.149,2.139,2.133,2.133,2.130,2.126,2.121,2.116,2.109,2.101,2.094,2.089,2.085,2.082,2.076,2.069,2.062,2.056,2.051,2.048,2.045,2.043,2.040,2.036,2.033,2.027,2.022,2.014,2.008,2.001,1.991,1.978,1.968,1.952,1.939,1.922,1.891,1.919,3.000,3.000,3.000,3.000,1.013,1.028,1.028,1.021,1.018,1.021,1.024,1.029,1.045,1.075,1.078,1.078,3.000,3.000,1.114,1.114,1.114,1.110,1.102,1.094,1.081,3.000,0.957,0.957,0.937,0.920,0.906,0.894,0.884,0.872,0.859,0.851,0.845,0.839,0.835,0.830,0.827,0.823,0.821,0.818,0.816,0.814,0.812,0.810,0.808,0.807,0.806,0.805,0.804,0.803,0.802,0.801,0.800,0.800,0.800,0.800,0.799,0.798,0.798,0.797,0.796,0.796,0.796,0.795,0.795,0.794,0.794,0.793,0.793,0.792,0.793,0.792,0.792,0.792,0.793,0.794,0.795,0.796,0.797,0.798,0.800,0.801,0.802,0.803,0.804,0.805,0.806,0.806,0.807,0.807,0.808,0.809,0.811,0.813,0.816,0.818,0.821,0.824,0.826,0.829,0.831,0.833,0.835,0.836,0.837,0.838,0.838,0.837,0.836,0.835,0.834,0.833,0.833,0.832,0.832,0.831,0.831,0.831,0.832,0.834,0.835,0.838,0.841,0.844,0.849,0.857,0.865,0.874,0.885,0.900,0.927,0.949,0.968,0.983,0.998,1.010,1.010,1.010,3.000,3.000,3.000,3.000,3.000,3.000,3.000,3.000,3.000,1.452,1.465,1.443,1.481,1.495,1.501,1.505,1.508,1.512,1.516,1.519,1.521,1.522,1.520,1.518,1.515,1.517,1.518,1.522,1.529,1.534,1.538,1.542,1.544,1.549,1.551,1.555,1.560,1.564,1.567,1.571,1.576,1.577,1.580,1.583,1.591,1.603,1.608,1.615,1.620,1.620,1.620,3.000,3.000,3.000,3.000,3.000,3.000,3.000,3.000,3.000,3.000,3.000,3.000,3.000,3.000,3.000,3.000,3.000,3.000,3.000,3.000,3.000,3.000,3.000,3.000,3.000,3.000,3.000,3.000,3.000,3.000,3.000,3.000,3.000,3.000,3.000,3.000,3.000,3.000,3.000,3.000,3.000,3.000,3.000,3.000,3.000,3.000,3.000,3.000,3.000,3.000
3.000,3.000,3.000,3.000,3.000,3.000,3.000,3.000,3.000,3.000,3.000,3.000,3.000,3.000,3.000,3.000,3.000,3.000,3.000,3.000,3.000,3.000,3.000,3.000,3.000,3.000,3.000,3.000,2.180,2.180,2.180,2.165,2.169,2.166,2.164,2.160,2.158,2.156,2.154,2.150,2.141,2.134,2.132,2.130,2.126,2.121,2.115,2.110,2.100,2.093,2.087,2.083,2.080,2.075,2.068,2.061,2.055,2.051,2.048,2.045,2.043,2.039,2.034,2.030,2.025,2.020,2.013,2.007,2.000,1.990,1.977,1.965,1.947,1.932,1.939,1.922,1.891,3.000,3.000,3.000,0.991,1.013,1.013,1.010,1.006,1.009,1.015,1.023,1.034,1.075,1.075,1.075,3.000,3.000,3.000,3.000,3.000,3.000,3.000,3.000,3.000,3.000,3.000,3.000,0.945,0.945,0.926,0.910,0.897,0.887,0.875,0.863,0.854,0.848,0.842,0.838,0.833,0.829,0.825,0.822,0.819,0.817,0.815,0.813,0.810,0.809,0.807,0.806,0.805,0.804,0.803,0.802,0.801,0.800,0.800,0.800,0.799,0.799,0.798,0.797,0.796,0.795,0.795,0.795,0.794,0.793,0.792,0.792,0.791,0.791,0.790,0.790,0.790,0.790,0.790,0.791,0.791,0.793,0.793,0.795,0.795,0.797,0.798,0.799,0.800,0.801,0.802,0.803,0.804,0.805,0.806,0.807,0.808,0.810,0.813,0.816,0.819,0.822,0.824,0.827,0.830,0.832,0.833,0.835,0.836,0.837,0.838,0.837,0.837,0.836,0.834,0.833,0.832,0.832,0.831,0.831,0.830,0.830,0.830,0.831,0.832,0.834,0.837,0.839,0.843,0.848,0.855,0.864,0.873,0.885,0.902,0.953,0.953,0.967,0.976,0.984,0.998,1.010,1.010,0.990,0.990,3.000,3.000,3.000,3.000,3.000,3.000,3.000,3.000,1.443,1.481,1.473,1.494,1.502,1.507,1.510,1.515,1.519,1.521,1.522,1.522,1.519,1.515,1.512,1.513,1.514,1.518,1.525,1.530,1.534,1.538,1.541,1.547,1.550,1.553,1.556,1.561,1.564,1.568,1.573,1.574,1.576,1.591,1.591,1.591,3.000,3.000,3.000,3.000,3.000,3.000,3.000,3.000,3.000,3.000,3.000,3.000,3.000,3.000,3.000,3.000,3.000,3.000,3.000,3.000,3.000,3.000,3.000,3.000,3.000,3.000,3.000,3.000,3.000,3.000,3.000,3.000,3.000,3.000,3.000,3.000,3.000,3.000,3.000,3.000,3.000,3.000,3.000,3.000,3.000,3.000,3.000,3.000,3.000,3.000,3.000,3.000,3.000,3.000,3.000
3.000,3.000,3.000,3.000,3.000,3.000,3.000,3.000,3.000,3.000,3.000,3.000,3.000,3.000,3.000,3.000,3.000,3.000,3.000,3.000,3.000,3.000,3.000,3.000,3.000,3.000,3.000,3.000,3.000,3.000,2.165,2.169,2.169,2.169,2.163,2.156,2.157,2.156,2.154,2.150,2.139,2.130,2.127,2.125,2.120,2.117,2.113,2.108,2.099,2.092,2.086,2.082,2.078,2.073,2.066,2.061,2.055,2.050,2.047,2.045,2.043,2.038,2.033,2.029,2.024,2.019,2.011,2.005,1.997,1.986,1.972,1.957,1.936,1.947,1.932,3.000,3.000,3.000,3.000,0.983,0.991,0.991,0.988,0.989,0.991,1.000,1.012,1.027,1.046,1.046,3.000,3.000,3.000,3.000,1.767,1.767,1.768,1.768,1.768,3.000,3.000,3.000,3.000,3.000,0.945,0.945,0.930,0.913,0.900,0.890,0.878,0.867,0.858,0.851,0.845,0.840,0.835,0.832,0.827,0.824,0.821,0.818,0.816,0.813,0.811,0.809,0.807,0.806,0.805,0.804,0.803,0.802,0.800,0.799,0.799,0.798,0.798,0.797,0.796,0.795,0.794,0.793,0.793,0.793,0.792,0.790,0.789,0.789,0.788,0.788,0.787,0.788,0.788,0.788,0.789,0.789,0.790,0.792,0.793,0.794,0.795,0.796,0.797,0.798,0.799,0.801,0.802,0.803,0.804,0.805,0.806,0.807,0.808,0.811,0.814,0.817,0.820,0.822,0.825,0.828,0.830,0.832,0.834,0.836,0.837,0.838,0.838,0.837,0.836,0.835,0.834,0.833,0.832,0.831,0.830,0.830,0.830,0.830,0.830,0.831,0.832,0.834,0.836,0.839,0.842,0.848,0.855,0.863,0.873,0.887,0.902,0.953,0.967,0.983,0.983,0.984,0.982,0.986,0.989,0.990,0.990,0.951,3.000,3.000,3.000,3.000,3.000,3.000,3.000,3.000,1.473,1.506,1.506,1.512,1.520,1.524,1.527,1.529,1.530,1.528,1.527,1.522,1.516,1.511,1.512,1.513,1.516,1.524,1.529,1.533,1.538,1.542,1.548,1.553,1.558,1.561,1.564,1.568,1.573,1.574,1.576,1.576,1.576,3.000,3.000,3.000,3.000,3.000,3.000,3.000,3.000,3.000,3.000,3.000,3.000,3.000,3.000,3.000,3.000,3.000,3.000,3.000,3.000,3.000,3.000,3.000,3.000,3.000,3.000,3.000,3.000,3.000,3.000,3.000,3.000,3.000,3.000,3.000,3.000,3.000,3.000,3.000,3.000,3.000,3.000,3.000,3.000,3.000,3.000,3.000,3.000,3.000,3.000,3.000,3.000,3.000,3.000,3.000,3.000,3.000
3.000,3.000,3.000,3.000,3.000,3.000,3.000,3.000,3.000,3.000,3.000,3.000,3.000,3.000,3.000,3.000,3.000,3.000,3.000,3.000,3.000,3.000,3.000,3.000,3.000,3.000,3.000,3.000,3.000,3.000,3.000,3.000,3.000,2.163,2.163,2.163,2.152,2.154,2.153,2.148,2.132,2.124,2.121,2.119,2.116,2.113,2.110,2.106,2.098,2.091,2.085,2.081,2.077,2.072,2.066,2.059,2.052,2.048,2.046,2.045,2.041,2.038,2.032,2.028,2.023,2.017,2.009,2.002,1.993,1.981,1.963,1.949,1.957,1.936,3.000,3.000,3.000,3.000,0.971,0.983,0.983,0.974,0.972,0.978,0.983,0.996,1.013,1.033,1.046,1.046,3.000,3.000,1.797,1.799,1.799,1.767,1.767,1.768,1.793,1.785,1.767,1.750,3.000,3.000,3.000,0.937,0.934,0.916,0.902,0.891,0.880,0.870,0.861,0.854,0.848,0.843,0.838,0.834,0.830,0.826,0.823,0.820,0.817,0.815,0.812,0.810,0.808,0.807,0.805,0.804,0.802,0.801,0.799,0.798,0.797,0.796,0.795,0.794,0.793,0.792,0.791,0.790,0.789,0.789,0.788,0.787,0.786,0.785,0.785,0.785,0.785,0.786,0.786,0.787,0.788,0.789,0.790,0.792,0.793,0.794,0.795,0.797,0.799,0.800,0.801,0.802,0.804,0.805,0.806,0.807,0.807,0.808,0.809,0.811,0.814,0.817,0.820,0.822,0.825,0.828,0.830,0.832,0.833,0.835,0.836,0.837,0.837,0.836,0.835,0.834,0.833,0.832,0.831,0.830,0.829,0.829,0.829,0.829,0.829,0.830,0.831,0.833,0.836,0.839,0.842,0.848,0.856,0.865,0.877,0.895,0.903,3.000,3.000,0.983,0.984,0.984,0.979,0.976,0.968,0.960,0.951,0.951,0.917,0.912,0.911,0.921,0.921,0.921,3.000,3.000,3.000,1.506,1.512,1.520,1.553,1.553,1.551,1.546,1.544,1.541,1.537,1.529,1.521,1.512,1.512,1.512,1.515,1.525,1.532,1.536,1.540,1.544,1.553,1.568,1.568,1.561,1.561,3.000,3.000,3.000,3.000,3.000,3.000,3.000,3.000,3.000,3.000,3.000,3.000,3.000,3.000,3.000,3.000,3.000,3.000,3.000,3.000,3.000,3.000,3.000,3.000,3.000,3.000,3.000,3.000,3.000,3.000,3.000,3.000,3.000,3.000,3.000,3.000,3.000,3.000,3.000,3.000,3.000,3.000,3.000,3.000,3.000,3.000,3.000,3.000,3.000,3.000,3.000,3.000,3.000,3.000,3.000,3.000,3.000,3.000,3.000,3.000,3.000,3.000,3.000
3.000,3.000,3.000,3.000,3.000,3.000,3.000,3.000,3.000,3.000,3.000,3.000,3.000,3.000,3.000,3.000,3.000,3.000,3.000,3.000,3.000,3.000,3.000,3.000,3.000,3.000,3.000,3.000,3.000,3.000,3.000,3.000,3.000,3.000,3.000,2.152,2.154,2.154,2.154,2.153,2.128,2.116,2.114,2.114,2.111,2.110,2.108,2.105,2.096,2.089,2.084,2.081,2.076,2.070,2.063,2.056,2.049,2.045,2.044,2.042,2.038,2.035,2.029,2.025,2.020,2.014,2.006,1.998,1.989,1.975,1.957,1.937,1.949,3.000,3.000,3.000,3.000,0.971,0.971,0.971,0.961,0.954,0.956,0.963,0.974,0.991,1.016,1.033,1.033,3.000,3.000,1.808,1.817,1.797,1.799,1.797,1.796,1.793,1.785,1.767,1.750,1.765,3.000,3.000,3.000,0.940,0.937,0.918,0.904,0.893,0.882,0.873,0.865,0.858,0.852,0.846,0.841,0.837,0.833,0.829,0.825,0.822,0.820,0.817,0.814,0.812,0.810,0.808,0.806,0.804,0.803,0.801,0.799,0.798,0.797,0.795,0.794,0.793,0.792,0.791,0.789,0.788,0.788,0.787,0.786,0.785,0.784,0.784,0.783,0.784,0.784,0.785,0.786,0.786,0.787,0.788,0.790,0.792,0.793,0.794,0.796,0.798,0.799,0.801,0.802,0.803,0.805,0.806,0.806,0.807,0.808,0.809,0.810,0.812,0.814,0.817,0.820,0.822,0.825,0.827,0.830,0.831,0.833,0.834,0.835,0.836,0.836,0.836,0.835,0.833,0.832,0.831,0.830,0.830,0.829,0.829,0.829,0.829,0.829,0.830,0.831,0.834,0.836,0.840,0.844,0.850,0.859,0.869,0.885,0.903,0.903,3.000,3.000,3.000,3.000,0.979,0.979,0.973,0.951,0.934,0.922,0.917,0.912,0.911,0.911,0.910,0.921,0.921,0.907,3.000,3.000,3.000,3.000,3.000,1.553,1.553,1.553,1.551,1.546,1.544,1.541,1.537,1.529,1.521,1.512,1.515,1.525,1.532,1.536,1.540,1.544,1.553,1.568,1.568,1.568,3.000,3.000,3.000,3.000,3.000,3.000,3.000,3.000,3.000,3.000,3.000,3.000,3.000,3.000,3.000,3.000,3.000,3.000,3.000,3.000,3.000,3.000,3.000,3.000,3.000,3.000,3.000,3.000,3.000,3.000,3.000,3.000,3.000,3.000,3.000,3.000,3.000,3.000,3.000,3.000,3.000,3.000,3.000,3.000,3.000,3.000,3.000,3.000,3.000,3.000,3.000,3.000,3.000,3.000,3.000,3.000,3.000,3.000,3.000,3.000,3.000,3.000,3.000,3.000,3.000
3.000,3.000,3.000,3.000,3.000,3.000,3.000,3.000,3.000,3.000,3.000,3.000,3.000,3.000,3.000,3.000,3.000,3.000,3.000,3.000,3.000,3.000,3.000,3.000,3.000,3.000,3.000,3.000,3.000,3.000,3.000,3.000,3.000,3.000,3.000,3.000,3.000,3.000,3.000,2.128,2.128,2.128,2.106,2.108,2.107,2.106,2.104,2.102,2.091,2.083,2.079,2.076,2.071,2.061,2.056,2.050,2.044,2.040,2.039,2.037,2.034,2.028,2.023,2.019,2.015,2.008,2.001,1.992,1.983,1.969,1.949,1.957,1.937,3.000,3.000,3.000,3.000,0.971,0.971,0.953,0.944,0.940,0.944,0.953,0.965,0.988,1.016,1.016,3.000,3.000,1.818,1.826,1.808,1.817,1.817,1.815,1.813,1.808,1.800,1.782,1.765,1.773,3.000,3.000,3.000,0.942,0.940,0.920,0.905,0.895,0.884,0.875,0.867,0.860,0.854,0.849,0.844,0.839,0.835,0.831,0.827,0.824,0.821,0.819,0.816,0.813,0.811,0.809,0.807,0.805,0.803,0.802,0.800,0.798,0.797,0.796,0.794,0.793,0.792,0.790,0.789,0.788,0.787,0.786,0.785,0.784,0.783,0.783,0.782,0.783,0.783,0.784,0.785,0.786,0.787,0.788,0.789,0.791,0.793,0.794,0.795,0.797,0.799,0.801,0.802,0.804,0.805,0.806,0.807,0.808,0.808,0.809,0.810,0.812,0.814,0.817,0.819,0.822,0.825,0.827,0.829,0.831,0.832,0.834,0.835,0.835,0.835,0.835,0.833,0.832,0.831,0.830,0.829,0.828,0.828,0.828,0.828,0.828,0.829,0.830,0.831,0.834,0.836,0.840,0.845,0.852,0.862,0.874,0.894,0.905,0.903,3.000,3.000,3.000,3.000,3.000,0.975,0.975,0.948,0.923,0.908,0.900,0.888,0.887,0.888,0.890,0.898,0.907,0.907,3.000,3.000,3.000,3.000,1.773,1.778,1.781,1.781,1.781,1.754,1.748,1.739,3.000,3.000,3.000,3.000,3.000,3.000,3.000,3.000,3.000,3.000,3.000,3.000,3.000,3.000,3.000,3.000,3.000,3.000,3.000,3.000,3.000,3.000,3.000,3.000,3.000,3.000,3.000,3.000,3.000,3.000,3.000,3.000,3.000,3.000,3.000,3.000,3.000,3.000,3.000,3.000,3.000,3.000,3.000,3.000,3.000,3.000,3.000,3.000,3.000,3.000,3.000,3.000,3.000,3.000,3.000,3.000,3.000,3.000,3.000,3.000,3.000,3.000,3.000,3.000,3.000,3.000,3.000,3.000,3.000,3.000,3.000,3.000,3.000,3.000,3.000,3.000,3.000,3.000,3.000
3.000,3.000,3.000,3.000,3.000,3.000,3.000,3.000,3.000,3.000,3.000,3.000,3.000,3.000,3.000,3.000,3.000,3.000,3.000,3.000,3.000,3.000,3.000,3.000,3.000,3.000,3.000,3.000,3.000,3.000,3.000,3.000,3.000,3.000,3.000,3.000,3.000,3.000,3.000,3.000,3.000,2.106,2.108,2.108,2.108,2.104,2.102,2.099,2.085,2.072,2.071,2.068,2.059,2.053,2.049,2.043,2.037,2.034,2.034,2.032,2.029,2.023,2.017,2.013,2.008,2.003,1.996,1.987,1.978,1.963,1.938,1.949,3.000,3.000,3.000,3.000,0.904,0.971,0.936,0.927,0.923,0.925,0.930,0.943,0.959,0.988,0.988,3.000,3.000,3.000,1.830,1.818,1.826,1.833,1.832,1.829,1.823,1.818,1.809,1.791,1.773,1.777,3.000,3.000,3.000,0.942,0.942,0.921,0.906,0.895,0.885,0.876,0.869,0.863,0.856,0.851,0.846,0.842,0.838,0.833,0.830,0.826,0.824,0.821,0.818,0.815,0.812,0.810,0.808,0.806,0.804,0.802,0.800,0.799,0.797,0.796,0.795,0.794,0.792,0.791,0.789,0.788,0.787,0.786,0.785,0.784,0.782,0.782,0.781,0.782,0.782,0.783,0.784,0.785,0.786,0.787,0.788,0.790,0.792,0.793,0.795,0.797,0.798,0.800,0.802,0.803,0.804,0.805,0.806,0.807,0.808,0.809,0.809,0.811,0.813,0.816,0.818,0.821,0.823,0.826,0.828,0.830,0.831,0.832,0.833,0.834,0.834,0.833,0.831,0.830,0.828,0.828,0.827,0.826,0.826,0.826,0.827,0.827,0.828,0.829,0.831,0.833,0.837,0.841,0.847,0.854,0.866,0.881,0.905,0.905,3.000,3.000,1.636,1.636,1.636,3.000,0.975,0.975,0.975,0.915,0.899,0.885,0.878,0.875,0.875,0.879,0.886,0.894,0.907,0.905,3.000,3.000,1.744,1.773,1.773,1.778,1.781,1.754,1.748,1.739,1.751,3.000,3.000,3.000,3.000,3.000,3.000,3.000,3.000,3.000,3.000,3.000,3.000,3.000,3.000,3.000,3.000,3.000,3.000,3.000,3.000,3.000,3.000,3.000,3.000,3.000,3.000,3.000,3.000,3.000,3.000,3.000,3.000,3.000,3.000,3.000,3.000,3.000,3.000,3.000,3.000,3.000,3.000,3.000,3.000,3.000,3.000,3.000,3.000,3.000,3.000,3.000,3.000,3.000,3.000,3.000,3.000,3.000,3.000,3.000,3.000,3.000,3.000,3.000,3.000,3.000,3.000,3.000,3.000,3.000,3.000,3.000,3.000,3.000,3.000,3.000,3.000,3.000,3.000,3.000
3.000,3.000,3.000,3.000,3.000,3.000,3.000,3.000,3.000,3.000,3.000,3.000,3.000,3.000,3.000,3.000,3.000,3.000,3.000,3.000,3.000,3.000,3.000,3.000,3.000,3.000,3.000,3.000,3.000,3.000,3.000,3.000,3.000,3.000,3.000,3.000,3.000,3.000,3.000,3.000,3.000,3.000,3.000,3.000,2.104,2.104,2.104,2.102,2.099,2.052,2.050,2.046,2.042,2.041,2.037,2.030,2.026,2.025,2.025,2.024,2.021,2.015,2.009,2.003,1.999,1.995,1.990,1.981,1.971,1.956,1.927,1.938,3.000,3.000,0.914,0.914,0.914,0.904,0.899,0.898,0.899,0.904,0.914,0.931,0.954,0.959,3.000,3.000,3.000,1.820,1.835,1.830,1.837,1.842,1.840,1.837,1.832,1.825,1.814,1.798,1.777,1.777,3.000,3.000,3.000,0.942,0.942,0.921,0.906,0.894,0.884,0.876,0.869,0.863,0.857,0.853,0.847,0.843,0.839,0.834,0.831,0.828,0.825,0.822,0.820,0.817,0.814,0.811,0.809,0.807,0.805,0.802,0.800,0.799,0.798,0.796,0.795,0.794,0.792,0.791,0.789,0.788,0.787,0.786,0.784,0.783,0.782,0.781,0.780,0.780,0.781,0.782,0.782,0.783,0.784,0.786,0.787,0.789,0.790,0.792,0.793,0.795,0.797,0.798,0.799,0.801,0.802,0.803,0.804,0.806,0.806,0.807,0.808,0.810,0.812,0.815,0.817,0.819,0.822,0.824,0.827,0.828,0.829,0.830,0.830,0.831,0.831,0.829,0.827,0.826,0.825,0.824,0.823,0.823,0.822,0.823,0.823,0.824,0.825,0.827,0.829,0.832,0.836,0.841,0.847,0.856,0.869,0.905,0.905,0.905,3.000,1.658,1.658,1.636,1.654,1.641,3.000,3.000,0.917,0.917,0.896,0.882,0.874,0.870,0.869,0.874,0.880,0.887,0.905,0.905,3.000,3.000,1.744,1.744,1.756,1.764,1.777,1.759,1.758,1.751,1.751,3.000,3.000,3.000,3.000,3.000,3.000,3.000,3.000,3.000,3.000,3.000,3.000,3.000,3.000,3.000,3.000,3.000,3.000,3.000,3.000,3.000,3.000,3.000,3.000,3.000,3.000,3.000,3.000,3.000,3.000,3.000,3.000,3.000,3.000,3.000,3.000,3.000,3.000,3.000,3.000,3.000,3.000,3.000,3.000,3.000,3.000,3.000,3.000,3.000,3.000,3.000,3.000,3.000,3.000,3.000,3.000,3.000,3.000,3.000,3.000,3.000,3.000,3.000,3.000,3.000,3.000,3.000,3.000,3.000,3.000,3.000,3.000,3.000,3.000,3.000,3.000,3.000,3.000,3.000
3.000,3.000,3.000,3.000,3.000,3.000,3.000,3.000,3.000,3.000,3.000,3.000,3.000,3.000,3.000,3.000,3.000,3.000,3.000,3.000,3.000,3.000,3.000,3.000,3.000,3.000,3.000,3.000,3.000,3.000,3.000,3.000,3.000,3.000,3.000,3.000,3.000,3.000,3.000,3.000,3.000,3.000,3.000,3.000,3.000,3.000,3.000,3.000,2.052,2.026,2.027,2.025,2.023,2.019,2.017,2.014,2.012,2.010,2.013,2.011,2.007,2.002,1.995,1.988,1.985,1.983,1.979,1.970,1.961,1.943,1.915,1.927,3.000,3.000,0.914,0.914,0.893,0.885,0.880,0.883,0.884,0.890,0.900,0.923,0.954,0.954,3.000,3.000,3.000,1.821,1.820,1.835,1.841,1.846,1.843,1.839,1.834,1.827,1.816,1.799,1.775,1.777,3.000,3.000,3.000,0.942,0.934,0.917,0.901,0.891,0.881,0.874,0.867,0.862,0.856,0.851,0.846,0.842,0.838,0.833,0.830,0.827,0.824,0.822,0.819,0.816,0.813,0.811,0.808,0.806,0.804,0.802,0.800,0.798,0.797,0.796,0.794,0.793,0.792,0.790,0.789,0.788,0.786,0.785,0.784,0.782,0.781,0.781,0.780,0.780,0.781,0.781,0.782,0.783,0.784,0.785,0.786,0.788,0.790,0.791,0.792,0.794,0.796,0.797,0.798,0.799,0.801,0.802,0.803,0.804,0.805,0.807,0.808,0.809,0.811,0.813,0.815,0.818,0.820,0.823,0.825,0.827,0.827,0.828,0.828,0.828,0.828,0.826,0.825,0.824,0.823,0.822,0.821,0.821,0.821,0.821,0.822,0.823,0.824,0.826,0.829,0.832,0.836,0.841,0.849,0.858,0.874,0.878,3.000,3.000,3.000,1.659,1.658,1.654,1.641,1.643,3.000,3.000,0.917,0.917,0.896,0.881,0.873,0.867,0.865,0.870,0.876,0.883,0.899,0.905,3.000,3.000,1.744,1.756,1.764,1.777,1.777,1.777,1.759,1.758,1.751,3.000,3.000,3.000,3.000,3.000,3.000,3.000,3.000,3.000,3.000,3.000,3.000,3.000,3.000,3.000,3.000,3.000,3.000,3.000,3.000,3.000,3.000,3.000,3.000,3.000,3.000,3.000,3.000,3.000,3.000,3.000,3.000,3.000,3.000,3.000,3.000,3.000,3.000,3.000,3.000,3.000,3.000,3.000,3.000,3.000,3.000,3.000,3.000,3.000,3.000,3.000,3.000,3.000,3.000,3.000,3.000,3.000,3.000,3.000,3.000,3.000,3.000,3.000,3.000,3.000,3.000,3.000,3.000,3.000,3.000,3.000,3.000,3.000,3.000,3.000,3.000,3.000,3.000,3.000
3.000,3.000,3.000,3.000,3.000,3.000,3.000,3.000,3.000,3.000,3.000,3.000,3.000,3.000,3.000,3.000,3.000,3.000,3.000,3.000,3.000,3.000,3.000,3.000,3.000,3.000,3.000,3.000,3.000,3.000,3.000,3.000,3.000,3.000,3.000,3.000,3.000,3.000,3.000,3.000,3.000,3.000,3.000,3.000,3.000,3.000,3.000,3.000,2.026,2.027,2.006,2.010,2.007,2.001,1.995,1.979,1.975,1.972,1.968,1.966,2.011,1.963,1.960,1.960,1.958,1.960,1.961,1.952,1.944,1.924,1.943,1.915,3.000,3.000,0.914,0.907,0.886,0.877,0.872,0.874,0.876,0.884,0.896,0.922,0.923,3.000,3.000,3.000,1.790,1.821,1.821,1.836,1.841,1.846,1.843,1.839,1.834,1.827,1.815,1.797,1.799,1.775,3.000,3.000,3.000,0.934,0.928,0.912,0.895,0.886,0.875,0.867,0.861,0.855,0.849,0.844,0.839,0.835,0.831,0.828,0.823,0.821,0.818,0.816,0.813,0.811,0.809,0.807,0.805,0.804,0.802,0.799,0.798,0.796,0.795,0.794,0.793,0.792,0.790,0.789,0.788,0.787,0.786,0.785,0.784,0.783,0.782,0.781,0.780,0.780,0.781,0.781,0.782,0.782,0.783,0.785,0.786,0.787,0.789,0.790,0.791,0.793,0.795,0.796,0.797,0.798,0.800,0.801,0.802,0.803,0.805,0.806,0.807,0.808,0.810,0.812,0.814,0.817,0.819,0.822,0.825,0.826,0.826,0.826,0.826,0.826,0.826,0.825,0.824,0.823,0.822,0.821,0.821,0.820,0.820,0.821,0.822,0.823,0.824,0.826,0.829,0.832,0.836,0.842,0.850,0.860,0.878,0.878,3.000,3.000,3.000,1.659,1.659,1.654,1.643,1.643,3.000,3.000,3.000,0.902,0.902,0.885,0.875,0.868,0.864,0.868,0.873,0.879,0.899,0.899,3.000,3.000,3.000,3.000,3.000,3.000,3.000,3.000,3.000,3.000,3.000,3.000,3.000,3.000,3.000,3.000,3.000,3.000,3.000,3.000,3.000,3.000,3.000,3.000,3.000,3.000,3.000,3.000,3.000,3.000,3.000,3.000,3.000,3.000,3.000,3.000,3.000,3.000,3.000,3.000,3.000,3.000,3.000,3.000,3.000,3.000,3.000,3.000,3.000,3.000,3.000,3.000,3.000,3.000,3.000,3.000,3.000,3.000,3.000,3.000,3.000,3.000,3.000,3.000,3.000,3.000,3.000,3.000,3.000,3.000,3.000,3.000,3.000,3.000,3.000,3.000,3.000,3.000,3.000,3.000,3.000,3.000,3.000,3.000,3.000,3.000,3.000,3.000,3.000,3.000
3.000,3.000,3.000,3.000,3.000,3.000,3.000,3.000,3.000,3.000,3.000,3.000,3.000,3.000,3.000,3.000,3.000,3.000,3.000,3.000,3.000,3.000,3.000,3.000,3.000,3.000,3.000,3.000,3.000,3.000,3.000,3.000,3.000,3.000,3.000,3.000,3.000,3.000,3.000,3.000,3.000,3.000,3.000,3.000,3.000,3.000,3.000,3.000,3.000,2.006,2.010,1.998,1.996,1.985,1.969,1.956,1.950,1.946,1.941,1.936,1.929,1.923,1.932,1.930,1.925,1.921,1.961,1.961,1.952,1.944,1.924,3.000,3.000,3.000,0.907,0.906,0.884,0.874,0.868,0.869,0.872,0.881,0.893,0.921,0.922,3.000,3.000,3.000,1.790,1.790,1.818,1.831,1.836,1.840,1.837,1.833,1.827,1.820,1.807,1.787,1.797,3.000,3.000,3.000,0.934,0.934,0.920,0.903,0.889,0.879,0.870,0.863,0.857,0.851,0.845,0.841,0.836,0.832,0.828,0.824,0.821,0.818,0.816,0.813,0.811,0.809,0.807,0.805,0.803,0.802,0.800,0.798,0.797,0.795,0.794,0.793,0.792,0.791,0.790,0.789,0.788,0.787,0.786,0.785,0.784,0.783,0.782,0.782,0.781,0.780,0.781,0.781,0.781,0.782,0.783,0.784,0.785,0.787,0.788,0.790,0.791,0.792,0.794,0.795,0.796,0.798,0.799,0.800,0.801,0.802,0.804,0.805,0.806,0.807,0.808,0.810,0.812,0.814,0.817,0.819,0.822,0.824,0.823,0.823,0.823,0.823,0.823,0.822,0.821,0.820,0.819,0.819,0.819,0.818,0.818,0.819,0.820,0.822,0.823,0.826,0.828,0.832,0.836,0.843,0.851,0.862,0.878,0.878,3.000,3.000,3.000,1.659,1.647,1.642,1.636,1.643,3.000,3.000,3.000,0.902,0.906,0.893,0.881,0.872,0.865,0.873,0.879,0.879,0.879,3.000,3.000,3.000,3.000,3.000,3.000,3.000,3.000,3.000,3.000,3.000,3.000,3.000,3.000,3.000,3.000,3.000,3.000,3.000,3.000,3.000,3.000,3.000,3.000,3.000,3.000,3.000,3.000,3.000,3.000,3.000,3.000,3.000,3.000,3.000,3.000,3.000,3.000,3.000,3.000,3.000,3.000,3.000,3.000,3.000,3.000,3.000,3.000,3.000,3.000,3.000,3.000,3.000,3.000,3.000,3.000,3.000,3.000,3.000,3.000,3.000,3.000,3.000,3.000,3.000,3.000,3.000,3.000,3.000,3.000,3.000,3.000,3.000,3.000,3.000,3.000,3.000,3.000,3.000,3.000,3.000,3.000,3.000,3.000,3.000,3.000,3.000,3.000,3.000,3.000,3.000
3.000,3.000,3.000,3.000,3.000,3.000,3.000,3.000,3.000,3.000,3.000,3.000,3.000,3.000,3.000,3.000,3.000,3.000,3.000,3.000,3.000,3.000,3.000,3.000,3.000,3.000,3.000,3.000,3.000,3.000,3.000,3.000,3.000,3.000,3.000,3.000,3.000,3.000,3.000,3.000,3.000,3.000,3.000,3.000,3.000,3.000,3.000,3.000,3.000,3.000,1.998,1.998,1.998,1.996,1.956,1.943,1.937,1.932,1.926,1.918,1.911,1.904,1.903,1.899,1.893,1.887,1.883,1.874,1.867,1.854,1.854,1.812,3.000,3.000,0.906,0.906,0.885,0.875,0.868,0.868,0.871,0.882,0.898,0.922,0.922,3.000,3.000,3.000,1.790,1.785,1.810,1.819,1.825,1.829,1.824,1.820,1.814,1.805,1.820,1.807,1.787,3.000,3.000,3.000,0.934,0.934,0.915,0.900,0.885,0.876,0.867,0.861,0.855,0.850,0.844,0.840,0.835,0.831,0.827,0.823,0.820,0.817,0.815,0.813,0.810,0.808,0.806,0.805,0.803,0.802,0.800,0.798,0.796,0.795,0.794,0.792,0.791,0.790,0.790,0.789,0.788,0.787,0.786,0.785,0.785,0.783,0.783,0.782,0.781,0.780,0.780,0.781,0.781,0.782,0.783,0.784,0.785,0.786,0.788,0.789,0.790,0.792,0.793,0.795,0.796,0.797,0.798,0.799,0.800,0.801,0.802,0.804,0.805,0.806,0.807,0.808,0.810,0.811,0.814,0.816,0.818,0.819,0.819,0.819,0.819,0.819,0.819,0.818,0.817,0.816,0.815,0.815,0.815,0.815,0.815,0.816,0.817,0.819,0.821,0.823,0.826,0.830,0.835,0.842,0.851,0.861,0.862,3.000,3.000,3.000,3.000,1.647,1.627,1.629,1.626,1.636,1.595,3.000,3.000,3.000,0.941,0.906,0.894,0.923,0.872,0.865,3.000,3.000,3.000,3.000,3.000,3.000,3.000,3.000,3.000,3.000,3.000,3.000,3.000,3.000,3.000,3.000,3.000,3.000,3.000,3.000,3.000,3.000,3.000,3.000,3.000,3.000,3.000,3.000,3.000,3.000,3.000,3.000,3.000,3.000,3.000,3.000,3.000,3.000,3.000,3.000,3.000,3.000,3.000,3.000,3.000,3.000,3.000,3.000,3.000,3.000,3.000,3.000,3.000,3.000,3.000,3.000,3.000,3.000,3.000,3.000,3.000,3.000,3.000,3.000,3.000,3.000,3.000,3.000,3.000,3.000,3.000,3.000,3.000,3.000,3.000,3.000,3.000,3.000,3.000,3.000,3.000,3.000,3.000,3.000,3.000,3.000,3.000,3.000,3.000,3.000,3.000,3.000,3.000,3.000
3.000,3.000,3.000,3.000,3.000,3.000,3.000,3.000,3.000,3.000,3.000,3.000,3.000,3.000,3.000,3.000,3.000,3.000,3.000,3.000,3.000,3.000,3.000,3.000,3.000,3.000,3.000,3.000,3.000,3.000,3.000,3.000,3.000,3.000,3.000,3.000,3.000,3.000,3.000,3.000,3.000,3.000,3.000,3.000,3.000,3.000,3.000,3.000,3.000,3.000,3.000,3.000,3.000,1.956,1.956,1.932,1.926,1.917,1.912,1.907,1.902,1.893,1.890,1.885,1.880,1.875,1.871,1.861,1.853,1.835,1.812,1.812,1.782,3.000,3.000,0.895,0.895,0.880,0.872,0.871,0.874,0.888,0.904,0.922,0.922,3.000,3.000,3.000,1.785,1.756,1.791,1.792,1.795,1.798,1.829,1.824,1.820,1.814,1.805,3.000,3.000,3.000,3.000,3.000,0.934,0.927,0.910,0.896,0.882,0.873,0.864,0.858,0.852,0.848,0.842,0.838,0.834,0.830,0.826,0.822,0.819,0.817,0.814,0.812,0.810,0.808,0.806,0.804,0.803,0.802,0.800,0.798,0.796,0.795,0.793,0.792,0.791,0.790,0.789,0.789,0.788,0.787,0.787,0.786,0.785,0.784,0.783,0.782,0.782,0.781,0.780,0.780,0.781,0.782,0.783,0.784,0.785,0.786,0.787,0.789,0.790,0.791,0.792,0.794,0.795,0.796,0.797,0.798,0.799,0.800,0.802,0.803,0.804,0.805,0.806,0.807,0.808,0.809,0.811,0.813,0.814,0.816,0.816,0.816,0.815,0.815,0.813,0.813,0.811,0.810,0.810,0.810,0.809,0.809,0.810,0.812,0.813,0.814,0.816,0.818,0.822,0.828,0.834,0.842,0.851,0.862,0.873,0.873,3.000,3.000,3.000,1.627,1.604,1.610,1.616,1.595,1.595,3.000,3.000,3.000,0.958,0.941,0.923,0.923,3.000,3.000,3.000,3.000,3.000,3.000,3.000,3.000,3.000,3.000,3.000,3.000,3.000,3.000,3.000,3.000,3.000,3.000,3.000,3.000,3.000,3.000,3.000,3.000,3.000,3.000,3.000,3.000,3.000,3.000,3.000,3.000,3.000,3.000,3.000,3.000,3.000,3.000,3.000,3.000,3.000,3.000,3.000,3.000,3.000,3.000,3.000,3.000,3.000,3.000,3.000,3.000,3.000,3.000,3.000,3.000,3.000,3.000,3.000,3.000,3.000,3.000,3.000,3.000,3.000,3.000,3.000,3.000,3.000,3.000,3.000,3.000,3.000,3.000,3.000,3.000,3.000,3.000,3.000,3.000,3.000,3.000,3.000,3.000,3.000,3.000,3.000,3.000,3.000,3.000,3.000,3.000,3.000,3.000,3.000,3.000
3.000,3.000,3.000,3.000,3.000,3.000,3.000,3.000,3.000,3.000,3.000,3.000,3.000,3.000,3.000,3.000,3.000,3.000,3.000,3.000,3.000,3.000,3.000,3.000,3.000,3.000,3.000,3.000,3.000,3.000,3.000,3.000,3.000,3.000,3.000,3.000,3.000,3.000,3.000,3.000,3.000,3.000,3.000,3.000,3.000,3.000,3.000,3.000,3.000,3.000,3.000,3.000,3.000,3.000,1.932,1.932,1.932,1.926,1.907,1.902,1.897,1.884,1.880,1.873,1.870,1.866,1.863,1.853,1.844,1.825,1.807,1.782,1.786,3.000,3.000,0.895,0.895,0.888,0.876,0.874,0.878,0.895,0.913,0.913,3.000,3.000,3.000,1.696,1.756,1.735,1.742,1.757,1.760,1.762,1.798,1.715,1.705,1.698,1.683,3.000,3.000,3.000,3.000,0.946,0.946,0.922,0.906,0.892,0.879,0.870,0.862,0.856,0.851,0.846,0.841,0.837,0.833,0.829,0.825,0.822,0.818,0.816,0.813,0.812,0.809,0.808,0.806,0.804,0.802,0.801,0.800,0.798,0.796,0.794,0.792,0.791,0.790,0.790,0.789,0.788,0.788,0.787,0.786,0.786,0.785,0.784,0.783,0.782,0.782,0.781,0.781,0.780,0.780,0.781,0.782,0.783,0.784,0.785,0.786,0.788,0.789,0.791,0.792,0.793,0.794,0.795,0.796,0.797,0.798,0.800,0.801,0.803,0.804,0.805,0.806,0.807,0.807,0.808,0.810,0.811,0.812,0.812,0.812,0.812,0.811,0.810,0.809,0.808,0.807,0.806,0.805,0.804,0.804,0.804,0.805,0.806,0.807,0.808,0.811,0.814,0.817,0.822,0.827,0.837,0.847,0.858,0.873,0.873,3.000,3.000,3.000,1.604,1.586,1.598,1.606,1.588,1.595,3.000,3.000,3.000,0.969,0.958,0.969,0.923,3.000,3.000,3.000,3.000,3.000,3.000,3.000,3.000,3.000,3.000,3.000,3.000,3.000,3.000,3.000,3.000,3.000,3.000,3.000,3.000,3.000,3.000,3.000,3.000,3.000,3.000,3.000,3.000,3.000,3.000,3.000,3.000,3.000,3.000,3.000,3.000,3.000,3.000,3.000,3.000,3.000,3.000,3.000,3.000,3.000,3.000,3.000,3.000,3.000,3.000,3.000,3.000,3.000,3.000,3.000,3.000,3.000,3.000,3.000,3.000,3.000,3.000,3.000,3.000,3.000,3.000,3.000,3.000,3.000,3.000,3.000,3.000,3.000,3.000,3.000,3.000,3.000,3.000,3.000,3.000,3.000,3.000,3.000,3.000,3.000,3.000,3.000,3.000,3.000,3.000,3.000,3.000,3.000,3.000,3.000,3.000
3.000,3.000,3.000,3.000,3.000,3.000,3.000,3.000,3.000,3.000,3.000,3.000,3.000,3.000,3.000,3.000,3.000,3.000,3.000,3.000,3.000,3.000,3.000,3.000,3.000,3.000,3.000,3.000,3.000,3.000,3.000,3.000,3.000,3.000,3.000,3.000,3.000,3.000,3.000,3.000,3.000,3.000,3.000,3.000,3.000,3.000,3.000,3.000,3.000,3.000,3.000,3.000,3.000,3.000,3.000,3.000,3.000,1.907,1.907,1.907,1.902,1.897,1.873,1.868,1.865,1.862,1.858,1.847,1.839,1.822,1.805,1.786,1.798,3.000,3.000,3.000,0.888,0.888,0.888,0.878,0.913,0.913,0.913,0.913,3.000,3.000,3.000,1.696,1.696,1.711,1.721,1.726,1.730,1.725,1.715,1.705,1.698,1.683,1.683,3.000,3.000,3.000,3.000,0.946,0.946,0.918,0.903,0.888,0.875,0.867,0.860,0.854,0.850,0.846,0.841,0.837,0.833,0.829,0.825,0.822,0.819,0.816,0.814,0.812,0.810,0.808,0.806,0.804,0.802,0.801,0.799,0.796,0.794,0.791,0.790,0.789,0.788,0.788,0.787,0.787,0.786,0.786,0.785,0.784,0.783,0.782,0.782,0.781,0.780,0.780,0.779,0.778,0.778,0.779,0.780,0.780,0.781,0.782,0.784,0.786,0.787,0.789,0.790,0.791,0.792,0.793,0.794,0.795,0.796,0.798,0.800,0.801,0.802,0.804,0.805,0.806,0.806,0.807,0.808,0.809,0.809,0.810,0.809,0.809,0.807,0.806,0.805,0.804,0.803,0.802,0.801,0.800,0.800,0.800,0.800,0.801,0.801,0.802,0.804,0.807,0.811,0.815,0.821,0.828,0.839,0.852,0.867,0.873,3.000,3.000,3.000,1.586,1.598,1.583,1.585,1.573,1.588,3.000,3.000,3.000,0.970,0.969,0.970,3.000,3.000,3.000,3.000,3.000,3.000,3.000,3.000,3.000,3.000,3.000,3.000,3.000,3.000,3.000,3.000,3.000,3.000,3.000,3.000,3.000,3.000,3.000,3.000,3.000,3.000,3.000,3.000,3.000,3.000,3.000,3.000,3.000,3.000,3.000,3.000,3.000,3.000,3.000,3.000,3.000,3.000,3.000,3.000,3.000,3.000,3.000,3.000,3.000,3.000,3.000,3.000,3.000,3.000,3.000,3.000,3.000,3.000,3.000,3.000,3.000,3.000,3.000,3.000,3.000,3.000,3.000,3.000,3.000,3.000,3.000,3.000,3.000,3.000,3.000,3.000,3.000,3.000,3.000,3.000,3.000,3.000,3.000,3.000,3.000,3.000,3.000,3.000,3.000,3.000,3.000,3.000,3.000,3.000,3.000,3.000,3.000
3.000,3.000,3.000,3.000,3.000,3.000,3.000,3.000,3.000,3.000,3.000,3.000,3.000,3.000,3.000,3.000,3.000,3.000,3.000,3.000,3.000,3.000,3.000,3.000,3.000,3.000,3.000,3.000,3.000,3.000,3.000,3.000,3.000,3.000,3.000,3.000,3.000,3.000,3.000,3.000,3.000,3.000,3.000,3.000,3.000,3.000,3.000,3.000,3.000,3.000,3.000,3.000,3.000,3.000,3.000,3.000,3.000,3.000,3.000,3.000,3.000,1.873,1.873,1.873,1.855,1.858,1.854,1.843,1.833,1.822,1.808,1.798,1.815,1.815,3.000,3.000,3.000,3.000,3.000,3.000,0.913,0.913,0.913,3.000,3.000,3.000,3.000,1.696,1.680,1.696,1.704,1.708,1.714,1.709,1.699,1.690,1.682,1.664,1.683,3.000,3.000,3.000,3.000,0.946,0.934,0.913,0.898,0.883,0.871,0.864,0.858,0.853,0.849,0.846,0.842,0.839,0.833,0.829,0.826,0.823,0.819,0.817,0.814,0.812,0.810,0.808,0.805,0.803,0.801,0.799,0.798,0.795,0.793,0.789,0.788,0.787,0.786,0.786,0.785,0.784,0.783,0.782,0.782,0.781,0.780,0.779,0.778,0.777,0.777,0.776,0.776,0.776,0.776,0.777,0.778,0.778,0.779,0.780,0.781,0.784,0.785,0.787,0.787,0.789,0.789,0.791,0.792,0.793,0.794,0.796,0.797,0.799,0.800,0.802,0.803,0.804,0.804,0.804,0.805,0.807,0.807,0.807,0.806,0.806,0.804,0.803,0.802,0.801,0.801,0.800,0.799,0.798,0.797,0.797,0.797,0.797,0.797,0.798,0.799,0.801,0.805,0.809,0.814,0.820,0.829,0.843,0.858,0.867,3.000,3.000,3.000,3.000,1.583,1.585,1.559,1.585,1.573,3.000,3.000,3.000,0.970,0.970,0.970,3.000,3.000,3.000,3.000,3.000,3.000,3.000,3.000,3.000,3.000,3.000,3.000,3.000,3.000,3.000,3.000,3.000,3.000,3.000,3.000,3.000,3.000,3.000,3.000,3.000,3.000,3.000,3.000,3.000,3.000,3.000,3.000,3.000,3.000,3.000,3.000,3.000,3.000,3.000,3.000,3.000,3.000,3.000,3.000,3.000,3.000,3.000,3.000,3.000,3.000,3.000,3.000,3.000,3.000,3.000,3.000,3.000,3.000,3.000,3.000,3.000,3.000,3.000,3.000,3.000,3.000,3.000,3.000,3.000,3.000,3.000,3.000,3.000,3.000,3.000,3.000,3.000,3.000,3.000,3.000,3.000,3.000,3.000,3.000,3.000,3.000,3.000,3.000,3.000,3.000,3.000,3.000,3.000,3.000,3.000,3.000,3.000
3.000,3.000,3.000,3.000,3.000,3.000,3.000,3.000,3.000,3.000,3.000,3.000,3.000,3.000,3.000,3.000,3.000,3.000,3.000,3.000,3.000,3.000,3.000,3.000,3.000,3.000,3.000,3.000,3.000,3.000,3.000,3.000,3.000,3.000,3.000,3.000,3.000,3.000,3.000,3.000,3.000,3.000,3.000,3.000,3.000,3.000,3.000,3.000,3.000,3.000,3.000,3.000,3.000,3.000,3.000,3.000,3.000,3.000,3.000,3.000,3.000,3.000,3.000,1.863,1.863,1.863,1.858,1.854,1.834,1.825,1.812,1.810,1.815,1.817,3.000,3.000,3.000,3.000,3.000,3.000,3.000,3.000,3.000,3.000,3.000,3.000,3.000,1.680,1.673,1.684,1.692,1.694,1.700,1.694,1.686,1.675,1.666,1.682,1.664,3.000,3.000,3.000,0.943,0.943,0.928,0.909,0.896,0.881,0.869,0.862,0.856,0.851,0.848,0.844,0.841,0.838,0.833,0.828,0.825,0.821,0.818,0.815,0.813,0.811,0.808,0.805,0.803,0.800,0.798,0.796,0.795,0.793,0.789,0.787,0.785,0.784,0.784,0.783,0.782,0.781,0.780,0.780,0.779,0.779,0.778,0.777,0.777,0.775,0.775,0.774,0.774,0.774,0.774,0.775,0.776,0.777,0.778,0.779,0.780,0.781,0.783,0.784,0.785,0.786,0.787,0.788,0.789,0.790,0.791,0.793,0.795,0.797,0.798,0.799,0.800,0.801,0.802,0.802,0.803,0.805,0.805,0.805,0.803,0.803,0.802,0.801,0.800,0.799,0.799,0.798,0.797,0.796,0.795,0.795,0.795,0.794,0.794,0.794,0.795,0.797,0.800,0.804,0.808,0.813,0.820,0.831,0.849,0.858,0.855,3.000,3.000,3.000,3.000,1.559,1.559,1.559,3.000,3.000,3.000,3.000,0.970,0.970,0.970,3.000,3.000,3.000,3.000,3.000,3.000,3.000,3.000,3.000,3.000,3.000,3.000,3.000,3.000,3.000,3.000,3.000,3.000,3.000,3.000,3.000,3.000,3.000,3.000,3.000,3.000,3.000,3.000,3.000,3.000,3.000,3.000,3.000,3.000,3.000,3.000,3.000,3.000,3.000,3.000,3.000,3.000,3.000,3.000,3.000,3.000,3.000,3.000,3.000,3.000,3.000,3.000,3.000,3.000,3.000,3.000,3.000,3.000,3.000,3.000,3.000,3.000,3.000,3.000,3.000,3.000,3.000,3.000,3.000,3.000,3.000,3.000,3.000,3.000,3.000,3.000,3.000,3.000,3.000,3.000,3.000,3.000,3.000,3.000,3.000,3.000,3.000,3.000,3.000,3.000,3.000,3.000,3.000,3.000,3.000,3.000,3.000
3.000,3.000,3.000,3.000,3.000,3.000,3.000,3.000,3.000,3.000,3.000,3.000,3.000,3.000,3.000,3.000,3.000,3.000,3.000,3.000,3.000,3.000,3.000,3.000,3.000,3.000,3.000,3.000,3.000,3.000,3.000,3.000,3.000,3.000,3.000,3.000,3.000,3.000,3.000,3.000,3.000,3.000,3.000,3.000,3.000,3.000,3.000,3.000,3.000,3.000,3.000,3.000,3.000,3.000,3.000,3.000,3.000,3.000,3.000,3.000,3.000,3.000,3.000,1.863,1.863,1.863,3.000,1.834,1.826,1.817,1.797,1.809,1.817,1.817,3.000,3.000,3.000,3.000,3.000,3.000,3.000,3.000,3.000,3.000,3.000,3.000,3.000,1.673,1.666,1.675,1.680,1.680,1.682,1.675,1.669,1.658,1.649,1.666,3.000,3.000,3.000,3.000,0.943,0.943,0.920,0.904,0.891,0.877,0.865,0.858,0.853,0.848,0.844,0.841,0.838,0.834,0.828,0.824,0.821,0.816,0.812,0.809,0.807,0.804,0.802,0.800,0.798,0.796,0.795,0.793,0.792,0.790,0.788,0.785,0.784,0.783,0.782,0.782,0.781,0.780,0.779,0.779,0.778,0.778,0.778,0.777,0.776,0.775,0.775,0.774,0.774,0.773,0.774,0.775,0.775,0.776,0.777,0.778,0.778,0.780,0.781,0.783,0.784,0.784,0.785,0.786,0.787,0.788,0.789,0.791,0.793,0.795,0.796,0.798,0.799,0.800,0.800,0.800,0.801,0.802,0.802,0.802,0.801,0.800,0.799,0.798,0.797,0.797,0.797,0.796,0.796,0.795,0.794,0.793,0.792,0.792,0.791,0.791,0.791,0.792,0.795,0.798,0.801,0.806,0.812,0.822,0.838,0.855,0.855,3.000,3.000,3.000,3.000,3.000,3.000,3.000,3.000,3.000,3.000,3.000,3.000,3.000,3.000,3.000,3.000,3.000,3.000,3.000,3.000,3.000,3.000,3.000,3.000,3.000,3.000,3.000,3.000,3.000,3.000,3.000,3.000,3.000,3.000,3.000,3.000,3.000,3.000,3.000,3.000,3.000,3.000,3.000,3.000,3.000,3.000,3.000,3.000,3.000,3.000,3.000,3.000,3.000,3.000,3.000,3.000,3.000,3.000,3.000,3.000,3.000,3.000,3.000,3.000,3.000,3.000,3.000,3.000,3.000,3.000,3.000,3.000,3.000,3.000,3.000,3.000,3.000,3.000,3.000,3.000,3.000,3.000,3.000,3.000,3.000,3.000,3.000,3.000,3.000,3.000,3.000,3.000,3.000,3.000,3.000,3.000,3.000,3.000,3.000,3.000,3.000,3.000,3.000,3.000,3.000,3.000,3.000,3.000,3.000,3.000,3.000
3.000,3.000,3.000,3.000,3.000,3.000,3.000,3.000,3.000,3.000,3.000,3.000,3.000,3.000,3.000,3.000,3.000,3.000,3.000,3.000,3.000,3.000,3.000,3.000,3.000,3.000,3.000,3.000,3.000,3.000,3.000,3.000,3.000,3.000,3.000,3.000,3.000,3.000,3.000,3.000,3.000,3.000,3.000,3.000,3.000,3.000,3.000,3.000,3.000,3.000,3.000,3.000,3.000,3.000,3.000,3.000,3.000,3.000,3.000,3.000,3.000,3.000,3.000,3.000,3.000,3.000,3.000,1.826,1.815,1.794,1.780,1.766,1.807,1.817,3.000,3.000,3.000,3.000,3.000,3.000,3.000,3.000,3.000,3.000,3.000,3.000,3.000,1.666,1.657,1.665,1.667,1.658,1.663,1.658,1.652,1.641,1.618,1.649,3.000,3.000,3.000,3.000,0.943,0.934,0.912,0.898,0.887,0.874,0.862,0.855,0.849,0.844,0.840,0.837,0.834,0.831,0.825,0.821,0.817,0.813,0.809,0.806,0.804,0.802,0.799,0.797,0.795,0.794,0.792,0.791,0.789,0.788,0.786,0.784,0.783,0.782,0.781,0.781,0.780,0.779,0.778,0.778,0.778,0.778,0.778,0.777,0.777,0.775,0.775,0.774,0.774,0.773,0.774,0.774,0.775,0.776,0.777,0.777,0.778,0.778,0.780,0.781,0.782,0.783,0.783,0.784,0.785,0.786,0.787,0.788,0.791,0.793,0.794,0.795,0.797,0.798,0.798,0.798,0.799,0.800,0.800,0.800,0.799,0.798,0.797,0.796,0.795,0.795,0.795,0.796,0.796,0.795,0.793,0.793,0.792,0.791,0.789,0.788,0.788,0.789,0.790,0.793,0.796,0.799,0.804,0.812,0.824,0.838,0.855,0.840,3.000,3.000,3.000,3.000,3.000,3.000,3.000,3.000,3.000,3.000,3.000,3.000,3.000,3.000,3.000,3.000,3.000,3.000,3.000,3.000,3.000,3.000,3.000,3.000,3.000,3.000,3.000,3.000,3.000,3.000,3.000,3.000,3.000,3.000,3.000,3.000,3.000,3.000,3.000,3.000,3.000,3.000,3.000,3.000,3.000,3.000,3.000,3.000,3.000,3.000,3.000,3.000,3.000,3.000,3.000,3.000,3.000,3.000,3.000,3.000,3.000,3.000,3.000,3.000,3.000,3.000,3.000,3.000,3.000,3.000,3.000,3.000,3.000,3.000,3.000,3.000,3.000,3.000,3.000,3.000,3.000,3.000,3.000,3.000,3.000,3.000,3.000,3.000,3.000,3.000,3.000,3.000,3.000,3.000,3.000,3.000,3.000,3.000,3.000,3.000,3.000,3.000,3.000,3.000,3.000,3.000,3.000,3.000,3.000,3.000
3.000,3.000,3.000,3.000,3.000,3.000,3.000,3.000,3.000,3.000,3.000,3.000,3.000,3.000,3.000,3.000,3.000,3.000,3.000,3.000,3.000,3.000,3.000,3.000,3.000,3.000,3.000,3.000,3.000,3.000,3.000,3.000,3.000,3.000,3.000,3.000,3.000,3.000,3.000,3.000,3.000,3.000,3.000,3.000,3.000,3.000,3.000,3.000,3.000,3.000,3.000,3.000,3.000,3.000,3.000,3.000,3.000,3.000,3.000,3.000,3.000,3.000,3.000,3.000,3.000,3.000,3.000,1.815,1.799,1.787,1.766,1.757,1.786,1.807,1.742,3.000,3.000,3.000,3.000,3.000,3.000,3.000,3.000,3.000,3.000,3.000,1.590,1.657,1.641,1.651,1.645,1.634,1.640,1.641,1.635,1.613,1.599,1.618,3.000,3.000,3.000,3.000,0.934,0.921,0.901,0.889,0.878,0.866,0.855,0.849,0.843,0.838,0.835,0.833,0.830,0.827,0.823,0.818,0.815,0.811,0.807,0.804,0.802,0.800,0.798,0.795,0.793,0.792,0.791,0.789,0.788,0.787,0.785,0.784,0.783,0.782,0.781,0.781,0.781,0.780,0.779,0.779,0.778,0.778,0.778,0.778,0.777,0.776,0.776,0.774,0.774,0.773,0.774,0.774,0.775,0.775,0.776,0.777,0.777,0.777,0.778,0.779,0.780,0.780,0.781,0.782,0.782,0.783,0.784,0.784,0.786,0.788,0.789,0.792,0.794,0.795,0.796,0.796,0.797,0.798,0.798,0.798,0.797,0.796,0.795,0.794,0.794,0.794,0.795,0.795,0.796,0.795,0.793,0.793,0.791,0.790,0.788,0.787,0.786,0.786,0.787,0.788,0.791,0.794,0.798,0.804,0.812,0.824,0.840,0.840,0.831,3.000,3.000,3.000,3.000,3.000,3.000,3.000,3.000,3.000,3.000,3.000,3.000,3.000,3.000,3.000,3.000,3.000,3.000,3.000,3.000,3.000,3.000,3.000,3.000,3.000,3.000,3.000,3.000,3.000,3.000,3.000,3.000,3.000,3.000,3.000,3.000,3.000,3.000,3.000,3.000,3.000,3.000,3.000,3.000,3.000,3.000,3.000,3.000,3.000,3.000,3.000,3.000,3.000,3.000,3.000,3.000,3.000,3.000,3.000,3.000,3.000,3.000,3.000,3.000,3.000,3.000,3.000,3.000,3.000,3.000,3.000,3.000,3.000,3.000,3.000,3.000,3.000,3.000,3.000,3.000,3.000,3.000,3.000,3.000,3.000,3.000,3.000,3.000,3.000,3.000,3.000,3.000,3.000,3.000,3.000,3.000,3.000,3.000,3.000,3.000,3.000,3.000,3.000,3.000,3.000,3.000,3.000,3.000,3.000
3.000,3.000,3.000,3.000,3.000,3.000,3.000,3.000,3.000,3.000,3.000,3.000,3.000,3.000,3.000,3.000,3.000,3.000,3.000,3.000,3.000,3.000,3.000,3.000,3.000,3.000,3.000,3.000,3.000,3.000,3.000,3.000,3.000,3.000,3.000,3.000,3.000,3.000,3.000,3.000,3.000,3.000,3.000,3.000,3.000,3.000,3.000,3.000,3.000,3.000,3.000,3.000,3.000,3.000,3.000,3.000,3.000,3.000,3.000,3.000,3.000,3.000,3.000,1.814,1.814,1.814,1.802,1.799,1.797,1.786,1.764,1.755,1.764,1.742,1.742,3.000,3.000,3.000,3.000,3.000,3.000,3.000,3.000,3.000,3.000,1.552,1.590,1.590,1.623,1.632,1.621,1.615,1.611,1.605,1.594,1.587,1.577,1.599,3.000,3.000,3.000,0.925,0.925,0.909,0.891,0.880,0.869,0.859,0.851,0.845,0.840,0.834,0.831,0.830,0.828,0.825,0.821,0.816,0.814,0.809,0.805,0.803,0.801,0.799,0.797,0.794,0.792,0.791,0.790,0.788,0.787,0.787,0.785,0.784,0.783,0.782,0.782,0.782,0.782,0.781,0.780,0.780,0.780,0.779,0.779,0.778,0.778,0.776,0.776,0.775,0.775,0.774,0.774,0.774,0.774,0.775,0.776,0.777,0.776,0.776,0.777,0.778,0.778,0.779,0.779,0.780,0.780,0.780,0.781,0.782,0.783,0.784,0.785,0.787,0.790,0.791,0.792,0.792,0.794,0.795,0.795,0.795,0.794,0.793,0.792,0.791,0.791,0.791,0.792,0.793,0.793,0.792,0.792,0.791,0.791,0.789,0.787,0.785,0.784,0.784,0.784,0.785,0.787,0.789,0.792,0.797,0.802,0.811,0.822,0.831,0.835,0.835,0.835,3.000,3.000,3.000,3.000,3.000,3.000,3.000,3.000,3.000,3.000,3.000,3.000,3.000,3.000,3.000,3.000,3.000,3.000,3.000,3.000,3.000,3.000,3.000,3.000,3.000,3.000,3.000,3.000,3.000,3.000,3.000,3.000,3.000,3.000,3.000,3.000,3.000,3.000,3.000,3.000,3.000,3.000,3.000,3.000,3.000,3.000,3.000,3.000,3.000,3.000,3.000,3.000,3.000,3.000,3.000,3.000,3.000,3.000,3.000,3.000,3.000,3.000,3.000,3.000,3.000,3.000,3.000,3.000,3.000,3.000,3.000,3.000,3.000,3.000,3.000,3.000,3.000,3.000,3.000,3.000,3.000,3.000,3.000,3.000,3.000,3.000,3.000,3.000,3.000,3.000,3.000,3.000,3.000,3.000,3.000,3.000,3.000,3.000,3.000,3.000,3.000,3.000,3.000,3.000,3.000,3.000,3.000
3.000,3.000,3.000,3.000,3.000,3.000,3.000,3.000,3.000,3.000,3.000,3.000,3.000,3.000,3.000,3.000,3.000,3.000,3.000,3.000,3.000,3.000,3.000,3.000,3.000,3.000,3.000,3.000,3.000,3.000,3.000,3.000,3.000,3.000,3.000,3.000,3.000,3.000,3.000,3.000,3.000,3.000,3.000,3.000,3.000,3.000,3.000,3.000,3.000,3.000,3.000,3.000,3.000,3.000,3.000,3.000,1.951,1.951,1.951,3.000,3.000,1.811,1.811,1.814,1.814,1.802,1.793,1.798,1.798,1.792,1.769,1.759,1.764,1.742,1.742,3.000,3.000,3.000,3.000,3.000,3.000,3.000,3.000,3.000,3.000,1.552,1.552,1.578,1.603,1.611,1.607,1.599,1.591,1.582,1.568,1.563,1.587,1.577,3.000,3.000,3.000,0.925,0.925,0.903,0.886,0.873,0.864,0.856,0.848,0.842,0.837,0.832,0.828,0.827,0.826,0.822,0.818,0.814,0.811,0.806,0.803,0.801,0.799,0.797,0.795,0.793,0.792,0.790,0.789,0.788,0.787,0.787,0.786,0.784,0.783,0.782,0.782,0.783,0.782,0.781,0.781,0.781,0.781,0.780,0.780,0.779,0.779,0.777,0.778,0.776,0.775,0.774,0.774,0.774,0.775,0.776,0.777,0.777,0.777,0.776,0.776,0.777,0.777,0.777,0.777,0.778,0.778,0.778,0.779,0.780,0.780,0.781,0.783,0.784,0.785,0.787,0.788,0.788,0.790,0.791,0.791,0.791,0.790,0.790,0.789,0.788,0.787,0.788,0.789,0.790,0.791,0.790,0.789,0.790,0.789,0.788,0.786,0.784,0.782,0.781,0.781,0.781,0.783,0.785,0.788,0.791,0.795,0.800,0.810,0.816,0.826,0.835,0.835,0.825,3.000,3.000,3.000,3.000,3.000,3.000,3.000,3.000,3.000,3.000,3.000,3.000,3.000,3.000,3.000,3.000,3.000,3.000,3.000,3.000,3.000,3.000,3.000,3.000,3.000,3.000,3.000,3.000,3.000,3.000,3.000,3.000,3.000,3.000,3.000,3.000,3.000,3.000,3.000,3.000,3.000,3.000,3.000,3.000,3.000,3.000,3.000,3.000,3.000,3.000,3.000,3.000,3.000,3.000,3.000,3.000,3.000,3.000,3.000,3.000,3.000,3.000,3.000,3.000,3.000,3.000,3.000,3.000,3.000,3.000,3.000,3.000,3.000,3.000,3.000,3.000,3.000,3.000,3.000,3.000,3.000,3.000,3.000,3.000,3.000,3.000,3.000,3.000,3.000,3.000,3.000,3.000,3.000,3.000,3.000,3.000,3.000,3.000,3.000,3.000,3.000,3.000,3.000,3.000,3.000,3.000
3.000,3.000,3.000,3.000,3.000,3.000,3.000,3.000,3.000,3.000,3.000,3.000,3.000,3.000,3.000,3.000,3.000,3.000,3.000,3.000,3.000,3.000,3.000,3.000,3.000,3.000,3.000,3.000,3.000,3.000,3.000,3.000,3.000,3.000,3.000,3.000,3.000,3.000,3.000,3.000,3.000,3.000,3.000,3.000,3.000,3.000,3.000,3.000,3.000,3.000,3.000,3.000,3.000,3.000,3.000,3.000,1.951,1.951,1.951,3.000,3.000,1.811,1.811,1.808,1.800,1.793,1.786,1.793,1.795,1.791,1.771,1.767,1.764,1.740,1.742,3.000,3.000,3.000,3.000,3.000,3.000,3.000,3.000,3.000,3.000,1.552,1.547,1.570,1.598,1.606,1.600,1.590,1.575,1.560,1.549,1.539,1.563,3.000,3.000,3.000,3.000,0.925,0.918,0.897,0.877,0.866,0.858,0.851,0.845,0.839,0.834,0.829,0.826,0.824,0.823,0.820,0.816,0.811,0.808,0.803,0.801,0.798,0.797,0.795,0.794,0.792,0.791,0.790,0.788,0.787,0.787,0.787,0.786,0.784,0.783,0.783,0.784,0.784,0.784,0.783,0.783,0.783,0.783,0.782,0.782,0.781,0.781,0.778,0.779,0.777,0.777,0.775,0.775,0.775,0.776,0.776,0.777,0.777,0.777,0.776,0.776,0.776,0.776,0.775,0.775,0.775,0.776,0.776,0.777,0.777,0.778,0.779,0.780,0.781,0.783,0.784,0.784,0.785,0.786,0.787,0.788,0.788,0.787,0.787,0.785,0.784,0.784,0.784,0.786,0.788,0.788,0.787,0.787,0.788,0.788,0.787,0.785,0.782,0.781,0.779,0.778,0.778,0.778,0.781,0.783,0.786,0.788,0.792,0.796,0.799,0.808,0.814,0.825,0.825,0.832,0.832,0.832,3.000,3.000,3.000,3.000,3.000,3.000,3.000,3.000,3.000,3.000,3.000,3.000,3.000,1.496,1.510,1.514,1.514,1.514,3.000,3.000,3.000,3.000,3.000,3.000,3.000,3.000,3.000,3.000,3.000,3.000,3.000,3.000,3.000,3.000,3.000,3.000,3.000,3.000,3.000,3.000,3.000,3.000,3.000,3.000,3.000,3.000,3.000,3.000,3.000,3.000,3.000,3.000,3.000,3.000,3.000,3.000,3.000,3.000,3.000,3.000,3.000,3.000,3.000,3.000,3.000,3.000,3.000,3.000,3.000,3.000,3.000,3.000,3.000,3.000,3.000,3.000,3.000,3.000,3.000,3.000,3.000,3.000,3.000,3.000,3.000,3.000,3.000,3.000,3.000,3.000,3.000,3.000,3.000,3.000,3.000,3.000,3.000,3.000,3.000,3.000,3.000,3.000,3.000
3.000,3.000,3.000,3.000,3.000,3.000,3.000,3.000,3.000,3.000,3.000,3.000,3.000,3.000,3.000,3.000,3.000,3.000,3.000,3.000,3.000,3.000,3.000,3.000,3.000,3.000,3.000,3.000,3.000,3.000,3.000,3.000,3.000,3.000,3.000,3.000,3.000,3.000,3.000,3.000,3.000,3.000,3.000,3.000,3.000,3.000,3.000,3.000,3.000,3.000,3.000,3.000,3.000,3.000,3.000,3.000,1.951,1.951,1.951,1.813,1.813,1.813,1.807,1.804,1.795,1.781,1.775,1.783,1.785,1.781,1.772,1.768,1.766,1.732,1.740,3.000,3.000,3.000,3.000,3.000,3.000,3.000,3.000,3.000,3.000,1.547,1.570,1.559,1.595,1.602,1.595,1.581,1.547,1.537,1.534,1.524,1.539,3.000,3.000,3.000,3.000,0.918,0.913,0.890,0.872,0.861,0.854,0.847,0.842,0.836,0.832,0.827,0.824,0.822,0.822,0.817,0.815,0.809,0.808,0.802,0.799,0.796,0.796,0.794,0.793,0.791,0.790,0.789,0.788,0.787,0.787,0.787,0.787,0.786,0.785,0.784,0.786,0.786,0.786,0.785,0.785,0.786,0.786,0.785,0.785,0.784,0.783,0.780,0.781,0.780,0.779,0.777,0.776,0.777,0.777,0.777,0.777,0.777,0.777,0.775,0.775,0.774,0.774,0.773,0.772,0.772,0.772,0.773,0.773,0.774,0.774,0.776,0.777,0.778,0.780,0.780,0.781,0.781,0.782,0.784,0.785,0.786,0.785,0.784,0.782,0.782,0.781,0.782,0.783,0.786,0.786,0.785,0.785,0.786,0.787,0.785,0.782,0.780,0.779,0.777,0.774,0.774,0.774,0.776,0.778,0.781,0.782,0.785,0.788,0.790,0.796,0.801,0.808,0.813,0.825,0.832,0.832,0.826,3.000,3.000,3.000,3.000,3.000,3.000,3.000,3.000,3.000,3.000,3.000,1.498,1.498,1.496,1.510,1.514,1.514,3.000,3.000,3.000,3.000,3.000,3.000,3.000,3.000,3.000,3.000,3.000,3.000,3.000,3.000,3.000,3.000,3.000,3.000,3.000,3.000,3.000,3.000,3.000,3.000,3.000,3.000,3.000,3.000,3.000,3.000,3.000,3.000,3.000,3.000,3.000,3.000,3.000,3.000,3.000,3.000,3.000,3.000,3.000,3.000,3.000,3.000,3.000,3.000,3.000,3.000,3.000,3.000,3.000,3.000,3.000,3.000,3.000,3.000,3.000,3.000,3.000,3.000,3.000,3.000,3.000,3.000,3.000,3.000,3.000,3.000,3.000,3.000,3.000,3.000,3.000,3.000,3.000,3.000,3.000,3.000,3.000,3.000,3.000,3.000,3.000
3.000,3.000,3.000,3.000,3.000,3.000,3.000,3.000,3.000,3.000,3.000,3.000,3.000,3.000,3.000,3.000,3.000,3.000,3.000,3.000,3.000,3.000,3.000,3.000,3.000,3.000,3.000,3.000,3.000,3.000,3.000,3.000,3.000,3.000,3.000,3.000,3.000,3.000,3.000,3.000,3.000,3.000,3.000,3.000,3.000,3.000,3.000,3.000,3.000,3.000,3.000,3.000,3.000,3.000,3.000,3.000,3.000,3.000,3.000,1.813,1.813,1.811,1.804,1.801,1.792,1.775,1.770,1.772,1.772,1.776,1.770,1.767,1.765,1.728,1.732,3.000,3.000,3.000,3.000,3.000,3.000,3.000,3.000,3.000,3.000,3.000,1.559,1.544,1.593,1.601,1.595,1.576,1.538,1.528,1.524,1.513,1.524,3.000,3.000,3.000,3.000,0.913,0.909,0.884,0.868,0.858,0.850,0.843,0.840,0.832,0.829,0.825,0.822,0.821,0.821,0.816,0.815,0.808,0.807,0.800,0.798,0.795,0.794,0.792,0.792,0.790,0.790,0.789,0.788,0.787,0.787,0.788,0.788,0.787,0.787,0.786,0.788,0.789,0.789,0.787,0.787,0.789,0.789,0.789,0.789,0.788,0.786,0.782,0.783,0.782,0.781,0.778,0.777,0.778,0.779,0.778,0.778,0.777,0.777,0.775,0.774,0.773,0.772,0.771,0.770,0.770,0.770,0.770,0.770,0.771,0.771,0.773,0.775,0.776,0.777,0.778,0.778,0.779,0.780,0.781,0.783,0.784,0.783,0.782,0.780,0.780,0.779,0.780,0.780,0.785,0.785,0.784,0.784,0.785,0.786,0.783,0.780,0.779,0.777,0.775,0.772,0.772,0.772,0.773,0.775,0.778,0.779,0.780,0.782,0.784,0.787,0.793,0.798,0.803,0.808,0.816,0.826,0.826,3.000,3.000,3.000,3.000,3.000,3.000,3.000,3.000,3.000,3.000,3.000,1.498,1.498,1.466,1.500,1.503,1.514,3.000,3.000,3.000,3.000,3.000,3.000,3.000,3.000,3.000,3.000,3.000,3.000,3.000,3.000,3.000,3.000,3.000,3.000,3.000,3.000,3.000,3.000,3.000,3.000,3.000,3.000,3.000,3.000,3.000,3.000,3.000,3.000,3.000,3.000,3.000,3.000,3.000,3.000,3.000,3.000,3.000,3.000,3.000,3.000,3.000,3.000,3.000,3.000,3.000,3.000,3.000,3.000,3.000,3.000,3.000,3.000,3.000,3.000,3.000,3.000,3.000,3.000,3.000,3.000,3.000,3.000,3.000,3.000,3.000,3.000,3.000,3.000,3.000,3.000,3.000,3.000,3.000,3.000,3.000,3.000,3.000,3.000,3.000,3.000,3.000
