3.000,3.000,3.000,3.000,3.000,3.000,3.000,3.000,3.000,3.000,3.000,3.000,3.000,3.000,3.000,3.000,3.000,3.000,3.000,3.000,3.000,3.000,3.000,3.000,3.000,3.000,3.000,3.000,3.000,3.000,3.000,3.000,3.000,3.000,3.000,3.000,3.000,3.000,3.000,3.000,3.000,3.000,3.000,3.000,3.000,3.000,3.000,3.000,3.000,3.000,3.000,3.000,3.000,3.000,3.000,3.000,3.000,3.000,3.000,3.000,3.000,3.000,3.000,3.000,2.298,2.298,2.296,2.300,2.297,2.284,2.265,2.261,2.264,2.280,2.297,2.298,2.298,2.297,2.297,2.297,2.295,2.294,2.294,2.291,2.280,2.275,2.273,2.270,2.265,2.263,2.261,2.259,2.258,2.255,2.254,2.251,2.248,2.242,2.238,2.236,2.237,2.237,2.235,2.233,2.228,2.231,2.228,2.231,2.231,2.235,2.232,2.234,2.232,2.231,2.229,2.230,2.232,2.239,2.241,2.243,2.244,2.244,2.239,2.241,2.251,2.254,2.253,2.250,2.247,2.247,2.250,2.251,2.250,2.247,2.247,2.247,2.247,2.246,2.246,2.248,2.249,2.250,2.250,2.251,2.252,2.252,2.252,2.251,2.251,2.248,2.247,2.248,2.252,2.255,2.258,2.262,2.267,2.270,2.272,2.271,2.271,2.272,2.273,2.273,2.276,2.276,2.280,2.283,2.285,2.286,2.288,2.289,2.288,2.288,2.296,2.307,2.312,2.314,2.317,2.319,2.322,2.326,2.327,2.333,2.333,2.336,2.338,2.340,2.343,2.343,2.345,2.347,2.351,2.353,2.355,2.358,2.363,2.368,2.371,2.375,2.381,2.393,2.402,2.409,2.415,2.423,2.427,2.431,2.433,2.436,2.443,2.448,2.452,2.454,2.459,2.463,2.469,2.480,2.485,2.490,2.492,2.509,2.525,2.535,2.541,2.546,2.556,2.557,2.561,2.567,2.571,2.580,2.601,2.609,2.620,2.625,2.640,2.647,2.660,2.670,2.675,2.674,2.678,2.685,2.701,2.707,2.731,2.729,2.736,2.744,2.766,2.775,2.783,2.796,2.837,2.853,2.864,2.875,2.887,2.887,3.000,3.000,3.000,3.000,3.000,3.000,3.000,3.000,3.000,3.000,3.000,3.000,3.000,3.000,3.000,3.000,3.000,3.000,3.000,3.000,3.000,3.000,3.000,3.000,3.000,3.000,3.000,3.000,3.000,3.000,3.000,3.000,3.000,3.000,3.000,3.000,3.000,3.000,3.000,3.000,3.000,3.000,3.000,3.000,3.000,3.000,3.000,3.000,3.000,3.000,3.000,3.000,3.000,3.000,3.000,3.000,3.000,3.000,3.000,3.000
3.000,3.000,3.000,3.000,3.000,3.000,3.000,3.000,3.000,3.000,3.000,3.000,3.000,3.000,3.000,3.000,3.000,3.000,3.000,3.000,3.000,3.000,3.000,3.000,3.000,3.000,3.000,3.000,3.000,3.000,3.000,3.000,3.000,3.000,3.000,3.000,3.000,3.000,3.000,3.000,3.000,3.000,3.000,3.000,3.000,3.000,3.000,3.000,3.000,3.000,3.000,3.000,3.000,3.000,3.000,3.000,3.000,3.000,3.000,3.000,3.000,3.000,3.000,2.281,2.298,2.292,2.289,2.289,2.287,2.280,2.262,2.257,2.260,2.274,2.284,2.287,2.284,2.284,2.281,2.281,2.283,2.284,2.285,2.280,2.274,2.270,2.268,2.266,2.261,2.260,2.258,2.255,2.254,2.251,2.249,2.246,2.242,2.237,2.234,2.232,2.233,2.233,2.231,2.228,2.224,2.227,2.224,2.227,2.225,2.230,2.228,2.231,2.228,2.228,2.226,2.227,2.229,2.235,2.236,2.237,2.238,2.237,2.234,2.237,2.243,2.247,2.246,2.242,2.241,2.241,2.245,2.246,2.245,2.240,2.242,2.241,2.243,2.242,2.242,2.243,2.242,2.245,2.245,2.247,2.248,2.247,2.247,2.245,2.246,2.244,2.244,2.244,2.248,2.251,2.254,2.258,2.263,2.265,2.268,2.267,2.267,2.267,2.268,2.270,2.272,2.272,2.276,2.278,2.281,2.283,2.285,2.286,2.285,2.285,2.292,2.302,2.308,2.310,2.313,2.315,2.317,2.321,2.323,2.327,2.329,2.332,2.335,2.336,2.339,2.339,2.342,2.343,2.348,2.350,2.352,2.356,2.361,2.366,2.370,2.373,2.379,2.390,2.397,2.404,2.412,2.419,2.424,2.428,2.430,2.434,2.441,2.445,2.448,2.451,2.455,2.459,2.466,2.474,2.479,2.483,2.487,2.503,2.519,2.527,2.533,2.537,2.544,2.550,2.556,2.562,2.567,2.576,2.591,2.600,2.611,2.617,2.627,2.634,2.652,2.661,2.669,2.670,2.674,2.681,2.691,2.700,2.720,2.723,2.731,2.739,2.762,2.771,2.779,2.792,2.826,2.846,2.859,2.872,2.884,2.888,3.000,3.000,3.000,3.000,3.000,3.000,3.000,3.000,3.000,3.000,3.000,3.000,3.000,3.000,3.000,3.000,3.000,3.000,3.000,3.000,3.000,3.000,3.000,3.000,3.000,3.000,3.000,3.000,3.000,3.000,3.000,3.000,3.000,3.000,3.000,3.000,3.000,3.000,3.000,3.000,3.000,3.000,3.000,3.000,3.000,3.000,3.000,3.000,3.000,3.000,3.000,3.000,3.000,3.000,3.000,3.000,3.000,3.000,3.000,3.000
3.000,3.000,3.000,3.000,3.000,3.000,3.000,3.000,3.000,3.000,3.000,3.000,3.000,3.000,3.000,3.000,3.000,3.000,3.000,3.000,3.000,3.000,3.000,3.000,3.000,3.000,3.000,3.000,3.000,3.000,3.000,3.000,3.000,3.000,3.000,3.000,3.000,3.000,3.000,3.000,3.000,3.000,3.000,3.000,3.000,3.000,3.000,3.000,3.000,3.000,3.000,3.000,3.000,3.000,3.000,3.000,3.000,3.000,3.000,3.000,3.000,3.000,2.264,2.281,2.281,2.281,2.279,2.278,2.280,2.276,2.263,2.256,2.259,2.269,2.274,2.278,2.273,2.273,2.271,2.270,2.272,2.275,2.276,2.273,2.268,2.264,2.262,2.259,2.256,2.255,2.253,2.250,2.249,2.246,2.244,2.239,2.236,2.230,2.227,2.226,2.227,2.227,2.225,2.220,2.217,2.220,2.219,2.219,2.219,2.223,2.223,2.224,2.222,2.221,2.220,2.222,2.223,2.227,2.227,2.229,2.230,2.228,2.227,2.230,2.235,2.237,2.235,2.234,2.234,2.234,2.236,2.238,2.236,2.232,2.232,2.231,2.236,2.236,2.236,2.236,2.235,2.236,2.239,2.241,2.241,2.242,2.240,2.240,2.240,2.239,2.238,2.239,2.242,2.246,2.249,2.251,2.255,2.256,2.259,2.260,2.260,2.259,2.259,2.262,2.265,2.265,2.269,2.272,2.275,2.277,2.280,2.281,2.279,2.280,2.288,2.296,2.302,2.304,2.308,2.310,2.312,2.314,2.317,2.321,2.323,2.326,2.329,2.330,2.332,2.333,2.336,2.338,2.343,2.345,2.349,2.353,2.359,2.365,2.368,2.371,2.377,2.385,2.392,2.399,2.408,2.413,2.419,2.424,2.427,2.430,2.437,2.441,2.444,2.446,2.451,2.455,2.462,2.469,2.473,2.478,2.482,2.497,2.508,2.520,2.525,2.529,2.536,2.541,2.550,2.557,2.562,2.572,2.584,2.592,2.602,2.608,2.618,2.622,2.644,2.654,2.661,2.666,2.670,2.677,2.685,2.694,2.711,2.717,2.726,2.734,2.759,2.769,2.777,2.792,2.817,2.839,2.856,2.873,2.888,2.888,3.000,3.000,3.000,3.000,3.000,3.000,3.000,3.000,3.000,3.000,3.000,3.000,3.000,3.000,3.000,3.000,3.000,3.000,3.000,3.000,3.000,3.000,3.000,3.000,3.000,3.000,3.000,3.000,3.000,3.000,3.000,3.000,3.000,3.000,3.000,3.000,3.000,3.000,3.000,3.000,3.000,3.000,3.000,3.000,3.000,3.000,3.000,3.000,3.000,3.000,3.000,3.000,3.000,3.000,3.000,3.000,3.000,3.000,3.000,3.000
3.000,3.000,3.000,3.000,3.000,3.000,3.000,3.000,3.000,3.000,3.000,3.000,3.000,3.000,3.000,3.000,3.000,3.000,3.000,3.000,3.000,3.000,3.000,3.000,3.000,3.000,3.000,3.000,3.000,3.000,3.000,3.000,3.000,3.000,3.000,3.000,3.000,3.000,3.000,3.000,3.000,3.000,3.000,3.000,3.000,3.000,3.000,3.000,3.000,3.000,3.000,3.000,3.000,3.000,3.000,3.000,3.000,3.000,3.000,3.000,2.260,2.260,2.264,2.264,2.272,2.271,2.270,2.270,2.272,2.268,2.258,2.251,2.251,2.262,2.264,2.267,2.264,2.263,2.260,2.257,2.260,2.265,2.265,2.261,2.257,2.254,2.252,2.250,2.246,2.245,2.245,2.239,2.238,2.236,2.234,2.230,2.225,2.221,2.218,2.216,2.212,2.216,2.210,2.207,2.206,2.206,2.208,2.210,2.211,2.214,2.214,2.216,2.214,2.214,2.213,2.215,2.216,2.219,2.218,2.216,2.215,2.216,2.215,2.221,2.226,2.226,2.225,2.225,2.225,2.225,2.225,2.224,2.224,2.223,2.224,2.224,2.228,2.229,2.228,2.228,2.228,2.229,2.231,2.234,2.235,2.234,2.234,2.234,2.234,2.233,2.232,2.233,2.235,2.240,2.242,2.244,2.244,2.246,2.249,2.252,2.252,2.250,2.251,2.254,2.257,2.258,2.261,2.265,2.268,2.270,2.272,2.272,2.272,2.274,2.279,2.289,2.292,2.294,2.297,2.300,2.301,2.306,2.310,2.313,2.316,2.318,2.321,2.321,2.323,2.324,2.327,2.332,2.337,2.339,2.343,2.348,2.355,2.361,2.364,2.367,2.372,2.379,2.384,2.390,2.396,2.403,2.409,2.416,2.419,2.423,2.431,2.435,2.435,2.439,2.444,2.450,2.455,2.463,2.467,2.472,2.477,2.488,2.501,2.509,2.516,2.521,2.528,2.534,2.541,2.550,2.557,2.566,2.575,2.584,2.591,2.597,2.603,2.610,2.625,2.643,2.652,2.657,2.662,2.669,2.676,2.688,2.704,2.711,2.719,2.727,2.752,2.759,2.768,2.786,2.807,2.828,2.842,2.859,2.888,2.888,2.884,2.884,2.884,2.877,3.000,3.000,3.000,3.000,3.000,3.000,3.000,3.000,3.000,3.000,3.000,3.000,3.000,3.000,3.000,3.000,3.000,3.000,3.000,3.000,3.000,3.000,3.000,3.000,3.000,3.000,3.000,3.000,3.000,3.000,3.000,3.000,3.000,3.000,3.000,3.000,3.000,3.000,3.000,3.000,3.000,3.000,3.000,3.000,3.000,3.000,3.000,3.000,3.000,3.000,3.000,3.000,3.000,3.000,3.000,3.000
3.000,3.000,3.000,3.000,3.000,3.000,3.000,3.000,3.000,3.000,3.000,3.000,3.000,3.000,3.000,3.000,3.000,3.000,3.000,3.000,3.000,3.000,3.000,3.000,3.000,3.000,3.000,3.000,3.000,3.000,3.000,3.000,3.000,3.000,3.000,3.000,3.000,3.000,3.000,3.000,3.000,3.000,3.000,3.000,3.000,3.000,3.000,3.000,3.000,3.000,3.000,3.000,3.000,3.000,3.000,3.000,3.000,3.000,2.253,2.256,2.260,2.260,2.258,2.260,2.266,2.265,2.264,2.264,2.265,2.261,2.250,2.244,2.243,2.249,2.252,2.257,2.254,2.252,2.249,2.246,2.249,2.248,2.248,2.241,2.239,2.239,2.237,2.235,2.229,2.228,2.230,2.228,2.228,2.227,2.224,2.221,2.216,2.212,2.208,2.205,2.202,2.198,2.198,2.197,2.197,2.196,2.199,2.200,2.203,2.204,2.205,2.203,2.202,2.205,2.205,2.207,2.208,2.210,2.208,2.207,2.205,2.206,2.206,2.212,2.217,2.217,2.217,2.216,2.217,2.215,2.215,2.215,2.215,2.215,2.216,2.216,2.218,2.220,2.220,2.220,2.221,2.223,2.225,2.226,2.228,2.227,2.227,2.226,2.228,2.227,2.227,2.228,2.229,2.234,2.235,2.235,2.236,2.238,2.240,2.244,2.243,2.244,2.245,2.248,2.251,2.251,2.254,2.259,2.261,2.263,2.265,2.264,2.266,2.268,2.273,2.281,2.284,2.286,2.287,2.290,2.293,2.296,2.303,2.306,2.310,2.312,2.315,2.316,2.317,2.319,2.322,2.325,2.331,2.334,2.339,2.344,2.350,2.356,2.359,2.362,2.365,2.371,2.376,2.384,2.389,2.396,2.400,2.406,2.409,2.413,2.418,2.422,2.427,2.431,2.437,2.442,2.448,2.455,2.460,2.466,2.471,2.480,2.493,2.500,2.508,2.514,2.521,2.527,2.533,2.542,2.550,2.559,2.566,2.576,2.583,2.588,2.594,2.602,2.617,2.633,2.644,2.650,2.655,2.662,2.669,2.681,2.698,2.705,2.713,2.722,2.738,2.748,2.757,2.773,2.792,2.811,2.827,2.841,2.859,2.846,2.884,2.884,2.877,2.882,2.882,3.000,3.000,3.000,3.000,3.000,3.000,3.000,3.000,3.000,3.000,3.000,3.000,3.000,3.000,3.000,3.000,3.000,3.000,3.000,3.000,3.000,3.000,3.000,3.000,3.000,3.000,3.000,3.000,3.000,3.000,3.000,3.000,3.000,3.000,3.000,3.000,3.000,3.000,3.000,3.000,3.000,3.000,3.000,3.000,3.000,3.000,3.000,3.000,3.000,3.000,3.000,3.000,3.000,3.000,3.000
3.000,3.000,3.000,3.000,3.000,3.000,3.000,3.000,3.000,3.000,3.000,3.000,3.000,3.000,3.000,3.000,3.000,3.000,3.000,3.000,3.000,3.000,3.000,3.000,3.000,3.000,3.000,3.000,3.000,3.000,3.000,3.000,3.000,3.000,3.000,3.000,3.000,3.000,3.000,3.000,3.000,3.000,3.000,3.000,3.000,3.000,3.000,3.000,3.000,3.000,3.000,3.000,3.000,3.000,3.000,3.000,3.000,2.263,2.263,2.253,2.256,2.254,2.253,2.255,2.259,2.259,2.255,2.257,2.258,2.255,2.244,2.239,2.237,2.241,2.243,2.246,2.245,2.243,2.240,2.237,2.239,2.237,2.234,2.231,2.229,2.227,2.225,2.222,2.218,2.216,2.215,2.216,2.217,2.215,2.213,2.210,2.204,2.201,2.198,2.190,2.187,2.185,2.185,2.185,2.184,2.184,2.184,2.187,2.194,2.195,2.195,2.194,2.192,2.195,2.191,2.196,2.197,2.197,2.196,2.194,2.194,2.194,2.197,2.200,2.204,2.205,2.206,2.204,2.205,2.206,2.206,2.206,2.206,2.207,2.208,2.208,2.210,2.211,2.211,2.212,2.214,2.216,2.218,2.219,2.220,2.219,2.219,2.219,2.220,2.220,2.219,2.221,2.221,2.224,2.223,2.227,2.228,2.230,2.230,2.232,2.233,2.236,2.237,2.239,2.241,2.243,2.245,2.248,2.251,2.253,2.253,2.254,2.259,2.261,2.266,2.273,2.276,2.278,2.280,2.283,2.286,2.290,2.296,2.299,2.302,2.306,2.307,2.309,2.311,2.312,2.315,2.318,2.323,2.326,2.329,2.335,2.341,2.347,2.351,2.354,2.358,2.363,2.368,2.375,2.380,2.388,2.390,2.395,2.399,2.403,2.409,2.413,2.419,2.423,2.429,2.434,2.439,2.445,2.450,2.459,2.464,2.473,2.482,2.489,2.498,2.504,2.513,2.519,2.525,2.533,2.543,2.553,2.559,2.565,2.573,2.579,2.586,2.594,2.605,2.621,2.633,2.639,2.646,2.653,2.661,2.672,2.688,2.696,2.705,2.714,2.729,2.739,2.746,2.759,2.779,2.793,2.803,2.814,2.827,2.832,2.846,2.854,2.862,2.882,2.888,2.888,3.000,3.000,3.000,3.000,3.000,3.000,3.000,3.000,3.000,3.000,3.000,3.000,3.000,3.000,3.000,3.000,3.000,3.000,3.000,3.000,3.000,3.000,3.000,3.000,3.000,3.000,3.000,3.000,3.000,3.000,3.000,3.000,3.000,3.000,3.000,3.000,3.000,3.000,3.000,3.000,3.000,3.000,3.000,3.000,3.000,3.000,3.000,3.000,3.000,3.000,3.000,3.000,3.000,3.000
3.000,3.000,3.000,3.000,3.000,3.000,3.000,3.000,3.000,3.000,3.000,3.000,3.000,3.000,3.000,3.000,3.000,3.000,3.000,3.000,3.000,3.000,3.000,3.000,3.000,3.000,3.000,3.000,3.000,3.000,3.000,3.000,3.000,3.000,3.000,3.000,3.000,3.000,3.000,3.000,3.000,3.000,3.000,3.000,3.000,3.000,3.000,3.000,3.000,3.000,3.000,3.000,3.000,3.000,3.000,3.000,2.244,2.263,2.263,2.252,2.254,2.250,2.249,2.250,2.252,2.250,2.248,2.248,2.250,2.248,2.238,2.231,2.232,2.235,2.236,2.238,2.235,2.231,2.229,2.227,2.228,2.226,2.225,2.222,2.220,2.217,2.215,2.212,2.208,2.206,2.205,2.205,2.206,2.204,2.202,2.199,2.192,2.189,2.187,2.180,2.177,2.176,2.175,2.175,2.175,2.175,2.175,2.178,2.184,2.187,2.187,2.185,2.183,2.181,2.181,2.183,2.185,2.186,2.186,2.186,2.185,2.186,2.188,2.191,2.195,2.196,2.197,2.195,2.196,2.197,2.198,2.198,2.198,2.198,2.199,2.199,2.202,2.203,2.203,2.205,2.206,2.209,2.211,2.212,2.213,2.211,2.212,2.213,2.214,2.214,2.214,2.216,2.216,2.217,2.217,2.220,2.222,2.224,2.224,2.225,2.226,2.230,2.230,2.231,2.233,2.236,2.238,2.241,2.243,2.244,2.244,2.246,2.250,2.255,2.259,2.266,2.270,2.272,2.274,2.277,2.280,2.284,2.289,2.292,2.295,2.298,2.301,2.302,2.303,2.305,2.307,2.310,2.314,2.318,2.320,2.325,2.333,2.338,2.342,2.346,2.350,2.353,2.359,2.364,2.369,2.376,2.379,2.386,2.391,2.396,2.402,2.406,2.412,2.417,2.422,2.428,2.432,2.439,2.444,2.454,2.458,2.467,2.475,2.481,2.489,2.495,2.505,2.511,2.518,2.522,2.537,2.546,2.551,2.558,2.564,2.571,2.577,2.584,2.595,2.608,2.622,2.629,2.636,2.641,2.652,2.661,2.679,2.688,2.697,2.705,2.722,2.733,2.740,2.752,2.767,2.781,2.790,2.802,2.816,2.820,2.828,2.839,2.853,2.874,2.888,2.888,3.000,3.000,3.000,3.000,3.000,3.000,3.000,3.000,3.000,3.000,3.000,3.000,3.000,3.000,3.000,3.000,3.000,3.000,3.000,3.000,3.000,3.000,3.000,3.000,3.000,3.000,3.000,3.000,3.000,3.000,3.000,3.000,3.000,3.000,3.000,3.000,3.000,3.000,3.000,3.000,3.000,3.000,3.000,3.000,3.000,3.000,3.000,3.000,3.000,3.000,3.000,3.000,3.000,3.000
3.000,3.000,3.000,3.000,3.000,3.000,3.000,3.000,3.000,3.000,3.000,3.000,3.000,3.000,3.000,3.000,3.000,3.000,3.000,3.000,3.000,3.000,3.000,3.000,3.000,3.000,3.000,3.000,3.000,3.000,3.000,3.000,3.000,3.000,3.000,3.000,3.000,3.000,3.000,3.000,3.000,3.000,3.000,3.000,3.000,3.000,3.000,3.000,3.000,3.000,3.000,3.000,3.000,3.000,3.000,2.227,2.244,2.244,2.246,2.243,2.246,2.244,2.243,2.243,2.245,2.242,2.240,2.239,2.238,2.240,2.231,2.222,2.225,2.227,2.228,2.226,2.222,2.220,2.219,2.218,2.217,2.214,2.214,2.213,2.211,2.206,2.202,2.200,2.196,2.195,2.194,2.194,2.193,2.191,2.189,2.185,2.181,2.178,2.173,2.169,2.165,2.164,2.163,2.163,2.160,2.161,2.160,2.164,2.167,2.169,2.172,2.170,2.167,2.166,2.166,2.166,2.169,2.173,2.174,2.176,2.177,2.178,2.180,2.181,2.184,2.186,2.187,2.187,2.188,2.189,2.188,2.189,2.190,2.191,2.192,2.192,2.194,2.194,2.195,2.196,2.197,2.199,2.201,2.202,2.202,2.202,2.203,2.203,2.205,2.206,2.207,2.209,2.209,2.210,2.209,2.209,2.215,2.217,2.216,2.219,2.219,2.222,2.222,2.224,2.225,2.229,2.231,2.234,2.236,2.238,2.238,2.240,2.244,2.248,2.252,2.257,2.261,2.264,2.267,2.270,2.273,2.276,2.281,2.282,2.285,2.291,2.292,2.293,2.293,2.296,2.298,2.302,2.305,2.310,2.313,2.318,2.324,2.330,2.334,2.339,2.344,2.346,2.352,2.355,2.362,2.368,2.372,2.379,2.383,2.388,2.395,2.399,2.405,2.409,2.415,2.420,2.424,2.431,2.437,2.446,2.450,2.458,2.466,2.472,2.478,2.485,2.492,2.498,2.506,2.513,2.529,2.538,2.543,2.548,2.554,2.560,2.569,2.575,2.586,2.597,2.605,2.613,2.623,2.630,2.638,2.649,2.661,2.670,2.684,2.695,2.713,2.724,2.731,2.742,2.756,2.767,2.774,2.792,2.807,2.811,2.818,2.828,2.843,2.865,2.880,2.888,2.878,3.000,3.000,3.000,3.000,3.000,3.000,3.000,3.000,3.000,3.000,3.000,3.000,3.000,3.000,3.000,3.000,3.000,3.000,3.000,3.000,3.000,3.000,3.000,3.000,3.000,3.000,3.000,3.000,3.000,3.000,3.000,3.000,3.000,3.000,3.000,3.000,3.000,3.000,3.000,3.000,3.000,3.000,3.000,3.000,3.000,3.000,3.000,3.000,3.000,3.000,3.000,3.000,3.000
3.000,3.000,3.000,3.000,3.000,3.000,3.000,3.000,3.000,3.000,3.000,3.000,3.000,3.000,3.000,3.000,3.000,3.000,3.000,3.000,3.000,3.000,3.000,3.000,3.000,3.000,3.000,3.000,3.000,3.000,3.000,3.000,3.000,3.000,3.000,3.000,3.000,3.000,3.000,3.000,3.000,3.000,3.000,3.000,3.000,3.000,3.000,3.000,3.000,3.000,3.000,3.000,3.000,3.000,2.226,2.227,2.227,2.229,2.233,2.236,2.236,2.237,2.236,2.237,2.238,2.235,2.233,2.231,2.230,2.228,2.218,2.215,2.214,2.219,2.220,2.218,2.214,2.212,2.210,2.209,2.207,2.204,2.203,2.203,2.201,2.194,2.193,2.191,2.187,2.185,2.184,2.182,2.182,2.181,2.178,2.174,2.171,2.165,2.162,2.157,2.154,2.152,2.151,2.149,2.146,2.146,2.145,2.150,2.151,2.154,2.153,2.150,2.152,2.148,2.150,2.152,2.157,2.162,2.164,2.168,2.168,2.170,2.172,2.174,2.176,2.177,2.178,2.180,2.181,2.181,2.181,2.180,2.182,2.184,2.185,2.186,2.187,2.187,2.187,2.188,2.189,2.190,2.192,2.195,2.196,2.196,2.196,2.196,2.197,2.199,2.200,2.202,2.202,2.201,2.200,2.199,2.202,2.203,2.205,2.210,2.212,2.215,2.215,2.216,2.217,2.221,2.223,2.228,2.230,2.232,2.232,2.234,2.238,2.241,2.244,2.246,2.249,2.252,2.255,2.258,2.264,2.268,2.272,2.273,2.275,2.280,2.283,2.284,2.285,2.287,2.291,2.295,2.297,2.304,2.307,2.312,2.317,2.322,2.327,2.331,2.337,2.339,2.344,2.347,2.353,2.360,2.364,2.370,2.375,2.380,2.386,2.390,2.397,2.401,2.406,2.411,2.416,2.424,2.429,2.436,2.440,2.448,2.455,2.463,2.468,2.475,2.482,2.488,2.497,2.505,2.520,2.530,2.535,2.541,2.547,2.553,2.562,2.568,2.579,2.589,2.597,2.604,2.615,2.622,2.630,2.636,2.651,2.659,2.671,2.686,2.702,2.711,2.718,2.726,2.743,2.753,2.760,2.780,2.796,2.800,2.806,2.815,2.834,2.849,2.869,2.878,2.878,3.000,3.000,3.000,3.000,3.000,3.000,3.000,3.000,3.000,3.000,3.000,3.000,3.000,3.000,3.000,3.000,3.000,3.000,3.000,3.000,3.000,3.000,3.000,3.000,3.000,3.000,3.000,3.000,3.000,3.000,3.000,3.000,3.000,3.000,3.000,3.000,3.000,3.000,3.000,3.000,3.000,3.000,3.000,3.000,3.000,3.000,3.000,3.000,3.000,3.000,3.000,3.000,3.000
3.000,3.000,3.000,3.000,3.000,3.000,3.000,3.000,3.000,3.000,3.000,3.000,3.000,3.000,3.000,3.000,3.000,3.000,3.000,3.000,3.000,3.000,3.000,3.000,3.000,3.000,3.000,3.000,3.000,3.000,3.000,3.000,3.000,3.000,3.000,3.000,3.000,3.000,3.000,3.000,3.000,3.000,3.000,3.000,3.000,3.000,3.000,3.000,3.000,3.000,3.000,3.000,3.000,2.245,2.245,2.226,2.226,2.226,2.231,2.233,2.231,2.232,2.231,2.230,2.231,2.228,2.226,2.224,2.223,2.221,2.211,2.208,2.207,2.209,2.211,2.206,2.205,2.203,2.200,2.197,2.196,2.194,2.192,2.191,2.187,2.185,2.184,2.182,2.178,2.175,2.173,2.171,2.168,2.168,2.165,2.156,2.151,2.148,2.144,2.139,2.134,2.132,2.129,2.129,2.119,2.146,2.150,2.151,2.154,2.154,2.154,2.153,2.126,2.127,2.130,2.136,2.144,2.149,2.152,2.157,2.159,2.161,2.163,2.166,2.168,2.168,2.168,2.170,2.171,2.169,2.170,2.171,2.172,2.174,2.177,2.178,2.178,2.179,2.180,2.181,2.182,2.182,2.184,2.187,2.188,2.188,2.187,2.187,2.188,2.189,2.190,2.193,2.192,2.190,2.189,2.189,2.193,2.194,2.195,2.198,2.201,2.204,2.206,2.208,2.209,2.212,2.212,2.219,2.217,2.224,2.224,2.226,2.229,2.231,2.234,2.235,2.237,2.239,2.245,2.248,2.252,2.259,2.263,2.264,2.267,2.272,2.273,2.275,2.275,2.278,2.282,2.286,2.289,2.297,2.300,2.304,2.308,2.312,2.317,2.323,2.328,2.331,2.336,2.338,2.344,2.350,2.354,2.360,2.366,2.370,2.375,2.377,2.388,2.392,2.397,2.402,2.406,2.413,2.418,2.425,2.429,2.436,2.441,2.447,2.451,2.464,2.471,2.477,2.488,2.496,2.506,2.516,2.524,2.530,2.537,2.543,2.552,2.554,2.565,2.575,2.581,2.591,2.602,2.611,2.619,2.625,2.640,2.649,2.660,2.675,2.687,2.694,2.701,2.715,2.732,2.740,2.747,2.768,2.784,2.790,2.797,2.805,2.825,2.839,2.857,2.865,2.878,3.000,3.000,3.000,3.000,3.000,3.000,3.000,3.000,3.000,3.000,3.000,3.000,3.000,3.000,3.000,3.000,3.000,3.000,3.000,3.000,3.000,3.000,3.000,3.000,3.000,3.000,3.000,3.000,3.000,3.000,3.000,3.000,3.000,3.000,3.000,3.000,3.000,3.000,3.000,3.000,3.000,3.000,3.000,3.000,3.000,3.000,3.000,3.000,3.000,3.000,3.000,3.000,3.000
3.000,3.000,3.000,3.000,3.000,3.000,3.000,3.000,3.000,3.000,3.000,3.000,3.000,3.000,3.000,3.000,3.000,3.000,3.000,3.000,3.000,3.000,3.000,3.000,3.000,3.000,3.000,3.000,3.000,3.000,3.000,3.000,3.000,3.000,3.000,3.000,3.000,3.000,3.000,3.000,3.000,3.000,3.000,3.000,3.000,3.000,3.000,3.000,3.000,3.000,3.000,2.220,2.220,2.245,2.245,2.233,2.232,2.228,2.229,2.229,2.220,2.218,2.219,2.218,2.218,2.212,2.214,2.214,2.213,2.211,2.203,2.200,2.199,2.200,2.201,2.197,2.197,2.195,2.191,2.190,2.188,2.187,2.185,2.183,2.180,2.178,2.177,2.174,2.170,2.167,2.163,2.160,2.156,2.154,2.147,2.142,2.133,2.129,2.121,2.122,2.117,2.112,2.101,2.129,2.129,2.119,3.000,3.000,3.000,3.000,3.000,2.126,2.127,2.099,2.111,2.119,2.129,2.138,2.141,2.147,2.150,2.153,2.156,2.158,2.159,2.160,2.161,2.161,2.162,2.162,2.163,2.164,2.165,2.167,2.169,2.170,2.170,2.171,2.172,2.173,2.174,2.175,2.176,2.178,2.179,2.180,2.178,2.177,2.179,2.180,2.181,2.182,2.182,2.183,2.182,2.182,2.185,2.187,2.188,2.190,2.192,2.195,2.197,2.201,2.201,2.204,2.204,2.207,2.208,2.211,2.212,2.214,2.218,2.220,2.223,2.225,2.227,2.229,2.233,2.239,2.243,2.247,2.253,2.255,2.257,2.261,2.263,2.265,2.267,2.270,2.274,2.278,2.282,2.285,2.290,2.295,2.299,2.303,2.308,2.313,2.319,2.322,2.327,2.329,2.334,2.339,2.344,2.347,2.356,2.359,2.363,2.368,2.379,2.383,2.388,2.393,2.398,2.404,2.409,2.415,2.418,2.426,2.432,2.437,2.441,2.449,2.459,2.468,2.475,2.487,2.496,2.501,2.510,2.516,2.527,2.532,2.538,2.543,2.550,2.560,2.568,2.576,2.587,2.600,2.609,2.615,2.623,2.631,2.647,2.660,2.674,2.678,2.685,2.697,2.718,2.726,2.735,2.744,2.771,2.777,2.784,2.793,2.804,2.817,2.842,2.839,2.865,2.827,3.000,3.000,3.000,3.000,3.000,3.000,3.000,3.000,3.000,3.000,3.000,3.000,3.000,3.000,3.000,3.000,3.000,3.000,3.000,3.000,3.000,3.000,3.000,3.000,3.000,3.000,3.000,3.000,3.000,3.000,3.000,3.000,3.000,3.000,3.000,3.000,3.000,3.000,3.000,3.000,3.000,3.000,3.000,3.000,3.000,3.000,3.000,3.000,3.000,3.000,3.000,3.000
3.000,3.000,3.000,3.000,3.000,3.000,3.000,3.000,3.000,3.000,3.000,3.000,3.000,3.000,3.000,3.000,3.000,3.000,3.000,3.000,3.000,3.000,3.000,3.000,3.000,3.000,3.000,3.000,3.000,3.000,3.000,3.000,3.000,3.000,3.000,3.000,3.000,3.000,3.000,3.000,3.000,3.000,3.000,3.000,3.000,3.000,3.000,3.000,3.000,3.000,3.000,2.220,2.220,2.220,2.228,2.213,2.211,2.218,2.220,2.219,2.209,2.207,2.206,2.205,2.206,2.202,2.203,2.201,2.201,2.199,2.194,2.189,2.188,2.187,2.187,2.188,2.188,2.187,2.183,2.182,2.180,2.180,2.178,2.176,2.173,2.170,2.168,2.163,2.161,2.157,2.154,2.150,2.143,2.139,2.133,2.128,2.114,2.109,2.100,2.096,2.086,2.071,2.067,2.101,3.000,3.000,3.000,3.000,3.000,3.000,3.000,3.000,2.099,2.073,2.086,2.103,2.117,2.126,2.128,2.133,2.140,2.144,2.146,2.148,2.151,2.152,2.153,2.153,2.154,2.154,2.155,2.155,2.156,2.156,2.156,2.159,2.158,2.159,2.160,2.162,2.163,2.164,2.164,2.168,2.169,2.170,2.168,2.167,2.168,2.169,2.171,2.173,2.174,2.175,2.175,2.176,2.179,2.181,2.182,2.184,2.186,2.188,2.190,2.192,2.194,2.198,2.198,2.200,2.201,2.204,2.205,2.206,2.209,2.211,2.215,2.217,2.219,2.221,2.224,2.227,2.232,2.235,2.239,2.243,2.245,2.248,2.251,2.253,2.255,2.257,2.264,2.269,2.273,2.277,2.280,2.285,2.289,2.294,2.299,2.304,2.308,2.311,2.314,2.314,2.318,2.324,2.332,2.336,2.342,2.347,2.351,2.356,2.364,2.370,2.377,2.381,2.389,2.395,2.400,2.404,2.408,2.413,2.421,2.427,2.432,2.439,2.446,2.457,2.466,2.474,2.485,2.490,2.497,2.503,2.513,2.520,2.527,2.532,2.539,2.549,2.559,2.566,2.580,2.593,2.602,2.607,2.614,2.621,2.635,2.646,2.656,2.663,2.673,2.681,2.704,2.713,2.722,2.730,2.749,2.762,2.768,2.780,2.793,2.805,2.825,2.824,2.827,2.827,3.000,3.000,3.000,3.000,3.000,3.000,3.000,3.000,3.000,3.000,3.000,3.000,3.000,3.000,3.000,3.000,3.000,3.000,3.000,3.000,3.000,3.000,3.000,3.000,3.000,3.000,3.000,3.000,3.000,3.000,3.000,3.000,3.000,3.000,3.000,3.000,3.000,3.000,3.000,3.000,3.000,3.000,3.000,3.000,3.000,3.000,3.000,3.000,3.000,3.000,3.000,3.000
3.000,3.000,3.000,3.000,3.000,3.000,3.000,3.000,3.000,3.000,3.000,3.000,3.000,3.000,3.000,3.000,3.000,3.000,3.000,3.000,3.000,3.000,3.000,3.000,3.000,3.000,3.000,3.000,3.000,3.000,3.000,3.000,3.000,3.000,3.000,3.000,3.000,3.000,3.000,3.000,3.000,3.000,3.000,3.000,3.000,3.000,3.000,3.000,3.000,3.000,2.204,2.220,2.212,2.211,2.214,2.207,2.205,2.207,2.212,2.212,2.203,2.201,2.200,2.197,2.198,2.195,2.196,2.193,2.193,2.189,2.184,2.180,2.178,2.177,2.176,2.175,2.179,2.178,2.174,2.174,2.172,2.171,2.169,2.168,2.166,2.163,2.160,2.155,2.152,2.148,2.144,2.140,2.133,2.129,2.123,2.117,2.104,2.097,2.082,2.077,2.063,2.086,2.071,2.067,3.000,0.561,0.567,0.567,0.567,3.000,3.000,3.000,2.073,2.086,2.071,2.088,2.106,2.114,2.119,2.122,2.129,2.135,2.138,2.140,2.143,2.144,2.145,2.145,2.146,2.146,2.148,2.148,2.147,2.148,2.149,2.149,2.149,2.151,2.152,2.154,2.154,2.155,2.155,2.158,2.161,2.162,2.160,2.159,2.161,2.162,2.164,2.166,2.167,2.169,2.169,2.171,2.174,2.176,2.176,2.178,2.180,2.182,2.184,2.186,2.188,2.190,2.192,2.195,2.195,2.197,2.199,2.200,2.203,2.204,2.207,2.210,2.213,2.215,2.217,2.220,2.224,2.227,2.230,2.234,2.236,2.238,2.242,2.243,2.245,2.248,2.252,2.259,2.264,2.268,2.271,2.275,2.278,2.285,2.291,2.295,2.300,2.302,2.304,2.306,2.310,2.315,2.321,2.326,2.334,2.338,2.343,2.349,2.354,2.362,2.367,2.373,2.378,2.386,2.391,2.396,2.399,2.404,2.411,2.418,2.423,2.431,2.438,2.447,2.456,2.464,2.472,2.479,2.486,2.493,2.502,2.509,2.517,2.521,2.528,2.541,2.552,2.558,2.572,2.585,2.594,2.599,2.605,2.612,2.623,2.634,2.646,2.653,2.664,2.670,2.687,2.700,2.708,2.712,2.734,2.745,2.753,2.763,2.781,2.793,2.807,2.805,2.814,2.827,2.805,3.000,3.000,3.000,3.000,3.000,3.000,3.000,3.000,3.000,3.000,3.000,3.000,3.000,3.000,3.000,3.000,3.000,3.000,3.000,3.000,3.000,3.000,3.000,3.000,3.000,3.000,3.000,3.000,3.000,3.000,3.000,3.000,3.000,3.000,3.000,3.000,3.000,3.000,3.000,3.000,3.000,3.000,3.000,3.000,3.000,3.000,3.000,3.000,3.000,3.000,3.000
3.000,3.000,3.000,3.000,3.000,3.000,3.000,3.000,3.000,3.000,3.000,3.000,3.000,3.000,3.000,3.000,3.000,3.000,3.000,3.000,3.000,3.000,3.000,3.000,3.000,3.000,3.000,3.000,3.000,3.000,3.000,3.000,3.000,3.000,3.000,3.000,3.000,3.000,3.000,3.000,3.000,3.000,3.000,3.000,3.000,3.000,3.000,3.000,3.000,3.000,2.204,2.204,2.205,2.203,2.205,2.201,2.200,2.201,2.202,2.206,2.198,2.196,2.194,2.191,2.192,2.189,2.190,2.187,2.185,2.182,2.176,2.172,2.169,2.167,2.166,2.165,2.166,2.165,2.164,2.163,2.163,2.162,2.161,2.158,2.157,2.155,2.152,2.147,2.144,2.138,2.133,2.128,2.124,2.119,2.112,2.106,2.093,2.085,2.067,2.058,2.043,2.063,3.000,3.000,0.550,0.561,0.561,0.567,0.567,0.562,3.000,3.000,3.000,2.071,2.088,2.070,2.086,2.097,2.103,2.111,2.116,2.122,2.127,2.130,2.134,2.136,2.137,2.136,2.136,2.137,2.138,2.139,2.138,2.139,2.140,2.140,2.139,2.141,2.144,2.145,2.146,2.146,2.147,2.148,2.151,2.153,2.152,2.152,2.154,2.155,2.156,2.159,2.159,2.161,2.161,2.164,2.166,2.169,2.169,2.171,2.173,2.175,2.177,2.179,2.180,2.182,2.185,2.187,2.189,2.191,2.193,2.194,2.196,2.197,2.201,2.204,2.206,2.208,2.210,2.213,2.216,2.219,2.222,2.224,2.227,2.229,2.231,2.233,2.236,2.238,2.242,2.245,2.250,2.258,2.260,2.264,2.267,2.271,2.278,2.282,2.287,2.288,2.293,2.295,2.300,2.303,2.309,2.317,2.324,2.329,2.335,2.341,2.346,2.354,2.360,2.365,2.369,2.375,2.379,2.387,2.390,2.393,2.398,2.408,2.415,2.422,2.430,2.438,2.447,2.454,2.462,2.468,2.473,2.479,2.492,2.498,2.505,2.511,2.518,2.529,2.542,2.547,2.562,2.572,2.586,2.590,2.597,2.604,2.615,2.625,2.637,2.645,2.656,2.662,2.678,2.689,2.697,2.700,2.717,2.728,2.738,2.745,2.763,2.770,2.794,2.794,2.805,2.805,2.808,2.808,3.000,3.000,3.000,3.000,3.000,3.000,3.000,3.000,3.000,3.000,3.000,3.000,3.000,3.000,3.000,3.000,3.000,3.000,3.000,3.000,3.000,3.000,3.000,3.000,3.000,3.000,3.000,3.000,3.000,3.000,3.000,3.000,3.000,3.000,3.000,3.000,3.000,3.000,3.000,3.000,3.000,3.000,3.000,3.000,3.000,3.000,3.000,3.000,3.000,3.000
3.000,3.000,3.000,3.000,3.000,3.000,3.000,3.000,3.000,3.000,3.000,3.000,3.000,3.000,3.000,3.000,3.000,3.000,3.000,3.000,3.000,3.000,3.000,3.000,3.000,3.000,3.000,3.000,3.000,3.000,3.000,3.000,3.000,3.000,3.000,3.000,3.000,3.000,3.000,3.000,3.000,3.000,3.000,3.000,3.000,3.000,3.000,3.000,3.000,2.201,2.204,2.202,2.202,2.202,2.203,2.200,2.198,2.199,2.199,2.200,2.195,2.193,2.190,2.187,2.188,2.185,2.186,2.182,2.180,2.177,2.171,2.166,2.163,2.160,2.158,2.157,2.157,2.156,2.155,2.155,2.154,2.154,2.152,2.149,2.147,2.146,2.143,2.135,2.132,2.126,2.122,2.115,2.112,2.107,2.101,2.095,2.082,2.070,2.055,2.044,2.058,2.043,3.000,0.546,0.550,0.550,0.549,0.554,0.562,0.565,0.565,3.000,3.000,3.000,2.070,2.052,2.072,2.085,2.092,2.100,2.107,2.113,2.118,2.122,2.126,2.128,2.129,2.128,2.129,2.130,2.131,2.131,2.131,2.133,2.133,2.132,2.132,2.133,2.135,2.137,2.138,2.139,2.139,2.141,2.143,2.144,2.144,2.144,2.147,2.148,2.149,2.150,2.152,2.154,2.155,2.158,2.159,2.162,2.161,2.164,2.166,2.168,2.170,2.171,2.172,2.175,2.177,2.180,2.181,2.184,2.187,2.188,2.189,2.191,2.194,2.196,2.200,2.201,2.204,2.206,2.209,2.212,2.214,2.216,2.218,2.222,2.223,2.226,2.229,2.231,2.235,2.238,2.242,2.249,2.252,2.256,2.259,2.262,2.267,2.272,2.276,2.278,2.284,2.286,2.292,2.294,2.301,2.307,2.316,2.322,2.328,2.334,2.339,2.346,2.351,2.356,2.361,2.366,2.370,2.375,2.377,2.383,2.388,2.397,2.405,2.414,2.421,2.429,2.436,2.445,2.451,2.457,2.463,2.470,2.481,2.490,2.497,2.503,2.510,2.519,2.530,2.536,2.549,2.557,2.568,2.574,2.586,2.594,2.604,2.612,2.624,2.635,2.646,2.651,2.667,2.672,2.680,2.686,2.707,2.719,2.726,2.735,2.754,2.762,2.773,2.784,2.799,2.801,2.808,2.808,2.788,3.000,3.000,3.000,3.000,3.000,3.000,3.000,3.000,3.000,3.000,3.000,3.000,3.000,3.000,3.000,3.000,3.000,3.000,3.000,3.000,3.000,3.000,3.000,3.000,3.000,3.000,3.000,3.000,3.000,3.000,3.000,3.000,3.000,3.000,3.000,3.000,3.000,3.000,3.000,3.000,3.000,3.000,3.000,3.000,3.000,3.000,3.000,3.000,3.000
3.000,3.000,3.000,3.000,3.000,3.000,3.000,3.000,3.000,3.000,3.000,3.000,3.000,3.000,3.000,3.000,3.000,3.000,3.000,3.000,3.000,3.000,3.000,3.000,3.000,3.000,3.000,3.000,3.000,3.000,3.000,3.000,3.000,3.000,3.000,3.000,3.000,3.000,3.000,3.000,3.000,3.000,3.000,3.000,3.000,3.000,3.000,3.000,3.000,2.201,2.201,2.200,2.199,2.199,2.200,2.198,2.196,2.196,2.195,2.195,2.190,2.185,2.183,2.181,2.181,2.179,2.180,2.177,2.173,2.171,2.164,2.159,2.156,2.153,2.150,2.148,2.146,2.143,2.141,2.140,2.144,2.141,2.140,2.136,2.136,2.135,2.131,2.125,2.121,2.116,2.112,2.104,2.101,2.092,2.088,2.082,2.068,2.057,2.041,2.055,2.044,3.000,3.000,0.546,0.546,0.542,0.541,0.545,0.552,0.565,0.565,3.000,3.000,3.000,2.052,2.072,2.061,2.075,2.083,2.090,2.096,2.103,2.109,2.113,2.117,2.119,2.121,2.119,2.122,2.123,2.125,2.125,2.125,2.126,2.126,2.126,2.126,2.127,2.128,2.129,2.130,2.131,2.132,2.133,2.135,2.137,2.137,2.137,2.138,2.141,2.141,2.142,2.144,2.146,2.148,2.150,2.151,2.152,2.152,2.154,2.156,2.159,2.162,2.163,2.164,2.166,2.169,2.170,2.171,2.173,2.177,2.179,2.181,2.182,2.184,2.186,2.190,2.193,2.196,2.198,2.201,2.204,2.206,2.208,2.210,2.213,2.213,2.218,2.221,2.224,2.226,2.229,2.235,2.240,2.245,2.248,2.251,2.255,2.259,2.264,2.268,2.270,2.275,2.277,2.284,2.286,2.293,2.298,2.306,2.312,2.320,2.325,2.332,2.338,2.343,2.349,2.353,2.358,2.362,2.367,2.368,2.373,2.378,2.389,2.398,2.406,2.413,2.420,2.426,2.434,2.441,2.446,2.452,2.458,2.470,2.482,2.489,2.495,2.501,2.509,2.520,2.528,2.541,2.548,2.556,2.563,2.574,2.583,2.591,2.601,2.611,2.623,2.634,2.641,2.651,2.660,2.668,2.674,2.696,2.708,2.715,2.725,2.741,2.750,2.761,2.765,2.788,2.792,2.792,2.788,2.823,2.823,2.823,3.000,3.000,3.000,3.000,3.000,3.000,3.000,3.000,3.000,3.000,3.000,3.000,3.000,3.000,3.000,3.000,3.000,3.000,3.000,3.000,3.000,3.000,3.000,3.000,3.000,3.000,3.000,3.000,3.000,3.000,3.000,3.000,3.000,3.000,3.000,3.000,3.000,3.000,3.000,3.000,3.000,3.000,3.000,3.000,3.000,3.000,3.000
3.000,3.000,3.000,3.000,3.000,3.000,3.000,3.000,3.000,3.000,3.000,3.000,3.000,3.000,3.000,3.000,3.000,3.000,3.000,3.000,3.000,3.000,3.000,3.000,3.000,3.000,3.000,3.000,3.000,3.000,3.000,3.000,3.000,3.000,3.000,3.000,3.000,3.000,3.000,3.000,3.000,3.000,3.000,3.000,3.000,3.000,3.000,2.216,2.216,2.216,2.201,2.199,2.198,2.197,2.197,2.195,2.192,2.191,2.190,2.188,2.183,2.176,2.174,2.171,2.172,2.170,2.170,2.169,2.165,2.162,2.157,2.153,2.150,2.147,2.144,2.142,2.139,2.136,2.134,2.132,2.132,2.133,2.131,2.128,2.126,2.127,2.121,2.115,2.110,2.103,2.098,2.093,2.087,2.079,2.073,2.068,2.054,2.043,2.026,2.041,3.000,3.000,3.000,0.546,0.539,0.536,0.536,0.539,0.546,0.558,0.565,3.000,3.000,3.000,3.000,2.061,2.049,2.065,2.073,2.081,2.087,2.094,2.100,2.104,2.108,2.108,2.110,2.111,2.112,2.115,2.116,2.118,2.118,2.120,2.120,2.120,2.120,2.120,2.121,2.122,2.122,2.124,2.125,2.126,2.129,2.130,2.130,2.130,2.131,2.133,2.134,2.135,2.136,2.137,2.140,2.142,2.143,2.143,2.143,2.145,2.148,2.150,2.154,2.153,2.155,2.157,2.161,2.162,2.163,2.164,2.169,2.171,2.173,2.174,2.176,2.177,2.180,2.183,2.185,2.189,2.193,2.196,2.198,2.200,2.202,2.205,2.205,2.208,2.213,2.216,2.219,2.221,2.227,2.231,2.237,2.239,2.243,2.246,2.251,2.256,2.260,2.261,2.265,2.268,2.275,2.277,2.284,2.289,2.293,2.300,2.311,2.316,2.324,2.330,2.334,2.341,2.344,2.350,2.354,2.359,2.361,2.366,2.371,2.382,2.391,2.400,2.406,2.412,2.418,2.426,2.433,2.438,2.445,2.450,2.461,2.471,2.479,2.484,2.488,2.499,2.509,2.516,2.531,2.533,2.548,2.555,2.566,2.574,2.583,2.592,2.601,2.610,2.624,2.630,2.640,2.650,2.656,2.662,2.678,2.697,2.705,2.716,2.733,2.743,2.753,2.757,2.779,2.787,2.788,2.780,2.793,2.823,2.823,3.000,3.000,3.000,3.000,3.000,3.000,3.000,3.000,3.000,3.000,3.000,3.000,3.000,3.000,3.000,3.000,3.000,3.000,3.000,3.000,3.000,3.000,3.000,3.000,3.000,3.000,3.000,3.000,3.000,3.000,3.000,3.000,3.000,3.000,3.000,3.000,3.000,3.000,3.000,3.000,3.000,3.000,3.000,3.000,3.000,3.000,3.000
3.000,3.000,3.000,3.000,3.000,3.000,3.000,3.000,3.000,3.000,3.000,3.000,3.000,3.000,3.000,3.000,3.000,3.000,3.000,3.000,3.000,3.000,3.000,3.000,3.000,3.000,3.000,3.000,3.000,3.000,3.000,3.000,3.000,3.000,3.000,3.000,3.000,3.000,3.000,3.000,3.000,3.000,3.000,3.000,3.000,2.205,2.205,2.216,2.216,2.212,2.199,2.197,2.196,2.196,2.195,2.193,2.189,2.188,2.186,2.184,2.178,2.172,2.169,2.165,2.165,2.164,2.163,2.161,2.157,2.154,2.150,2.147,2.144,2.141,2.138,2.134,2.131,2.128,2.126,2.124,2.123,2.122,2.119,2.117,2.114,2.112,2.104,2.103,2.097,2.092,2.083,2.080,2.072,2.063,2.057,2.052,2.039,2.026,2.043,2.026,3.000,3.000,3.000,0.539,0.536,0.533,0.532,0.535,0.541,0.552,0.558,3.000,3.000,3.000,3.000,2.049,2.030,2.050,2.061,2.066,2.072,2.081,2.087,2.092,2.096,2.099,2.101,2.103,2.103,2.105,2.106,2.108,2.109,2.112,2.112,2.111,2.112,2.112,2.112,2.112,2.113,2.114,2.113,2.114,2.119,2.120,2.120,2.117,2.119,2.122,2.125,2.125,2.127,2.128,2.130,2.131,2.135,2.135,2.136,2.136,2.138,2.140,2.144,2.144,2.147,2.147,2.151,2.154,2.154,2.156,2.158,2.160,2.163,2.164,2.167,2.170,2.173,2.175,2.177,2.179,2.183,2.185,2.187,2.190,2.194,2.195,2.197,2.199,2.204,2.206,2.210,2.211,2.217,2.221,2.225,2.228,2.232,2.237,2.243,2.248,2.252,2.252,2.256,2.259,2.266,2.268,2.274,2.277,2.284,2.290,2.298,2.306,2.315,2.320,2.325,2.330,2.334,2.338,2.343,2.346,2.351,2.356,2.362,2.370,2.380,2.389,2.395,2.401,2.406,2.416,2.421,2.428,2.435,2.440,2.442,2.458,2.467,2.473,2.478,2.487,2.495,2.504,2.519,2.524,2.539,2.547,2.557,2.565,2.574,2.583,2.592,2.599,2.614,2.617,2.631,2.639,2.648,2.653,2.670,2.686,2.695,2.706,2.724,2.734,2.743,2.745,2.758,2.777,2.780,2.774,2.787,2.803,2.823,2.807,3.000,3.000,3.000,3.000,3.000,3.000,3.000,3.000,3.000,3.000,3.000,3.000,3.000,3.000,3.000,3.000,3.000,3.000,3.000,3.000,3.000,3.000,3.000,3.000,3.000,3.000,3.000,3.000,3.000,3.000,3.000,3.000,3.000,3.000,3.000,3.000,3.000,3.000,3.000,3.000,3.000,3.000,3.000,3.000,3.000,3.000
3.000,3.000,3.000,3.000,3.000,3.000,3.000,3.000,3.000,3.000,3.000,3.000,3.000,3.000,3.000,3.000,3.000,3.000,3.000,3.000,3.000,3.000,3.000,3.000,3.000,3.000,3.000,3.000,3.000,3.000,3.000,3.000,3.000,3.000,3.000,3.000,3.000,3.000,3.000,3.000,3.000,3.000,3.000,3.000,3.000,2.205,2.205,2.205,2.207,2.204,2.197,2.196,2.195,2.195,2.193,2.191,2.185,2.183,2.183,2.180,2.174,2.168,2.164,2.160,2.160,2.159,2.157,2.154,2.147,2.147,2.141,2.140,2.137,2.134,2.130,2.125,2.123,2.119,2.117,2.115,2.113,2.111,2.106,2.104,2.101,2.098,2.093,2.090,2.081,2.076,2.070,2.065,2.056,2.050,2.040,2.037,2.016,2.001,2.026,3.000,3.000,3.000,3.000,0.536,0.533,0.530,0.529,0.532,0.538,0.548,0.552,3.000,3.000,3.000,3.000,2.030,2.014,2.033,2.043,2.053,2.060,2.068,2.078,2.083,2.087,2.090,2.092,2.095,2.095,2.095,2.096,2.097,2.099,2.099,2.101,2.102,2.103,2.103,2.103,2.103,2.104,2.104,2.104,2.105,2.106,2.107,2.108,2.108,2.110,2.112,2.115,2.117,2.119,2.121,2.121,2.124,2.126,2.127,2.128,2.129,2.131,2.133,2.136,2.137,2.139,2.140,2.144,2.145,2.146,2.148,2.150,2.153,2.155,2.157,2.159,2.162,2.166,2.168,2.170,2.172,2.175,2.177,2.179,2.183,2.186,2.188,2.189,2.191,2.195,2.197,2.201,2.203,2.210,2.213,2.217,2.220,2.223,2.227,2.233,2.238,2.244,2.244,2.247,2.250,2.257,2.261,2.265,2.268,2.275,2.281,2.289,2.294,2.301,2.305,2.311,2.315,2.320,2.324,2.332,2.336,2.342,2.346,2.353,2.361,2.369,2.380,2.384,2.389,2.395,2.406,2.412,2.417,2.423,2.430,2.433,2.444,2.457,2.463,2.469,2.477,2.485,2.494,2.509,2.516,2.529,2.540,2.550,2.557,2.567,2.575,2.583,2.591,2.600,2.608,2.622,2.630,2.638,2.644,2.656,2.669,2.677,2.691,2.705,2.715,2.722,2.728,2.744,2.755,2.754,2.764,2.782,2.796,2.807,2.823,2.823,3.000,3.000,3.000,3.000,3.000,3.000,3.000,3.000,3.000,3.000,3.000,3.000,3.000,3.000,3.000,3.000,3.000,3.000,3.000,3.000,3.000,3.000,3.000,3.000,3.000,3.000,3.000,3.000,3.000,3.000,3.000,3.000,3.000,3.000,3.000,3.000,3.000,3.000,3.000,3.000,3.000,3.000,3.000,3.000,3.000
3.000,3.000,3.000,3.000,3.000,3.000,3.000,3.000,3.000,3.000,3.000,3.000,3.000,3.000,3.000,3.000,3.000,3.000,3.000,3.000,3.000,3.000,3.000,3.000,3.000,3.000,3.000,3.000,3.000,3.000,3.000,3.000,3.000,3.000,3.000,3.000,3.000,3.000,3.000,3.000,3.000,3.000,3.000,3.000,2.199,2.205,2.198,2.198,2.200,2.198,2.195,2.194,2.193,2.193,2.191,2.189,2.181,2.178,2.176,2.172,2.168,2.162,2.159,2.153,2.153,2.153,2.150,2.143,2.139,2.138,2.135,2.134,2.131,2.128,2.123,2.118,2.115,2.111,2.110,2.107,2.104,2.098,2.094,2.093,2.090,2.082,2.077,2.074,2.068,2.062,2.055,2.050,2.041,2.034,2.024,2.016,1.997,1.972,2.001,3.000,3.000,3.000,3.000,0.533,0.531,0.527,0.526,0.529,0.534,0.544,0.548,3.000,3.000,3.000,3.000,2.014,2.004,2.022,2.033,2.041,2.051,2.059,2.068,2.075,2.079,2.081,2.082,2.083,2.081,2.082,2.083,2.084,2.088,2.089,2.091,2.092,2.095,2.095,2.095,2.094,2.096,2.095,2.096,2.097,2.099,2.100,2.100,2.101,2.103,2.105,2.105,2.109,2.112,2.113,2.114,2.115,2.117,2.119,2.120,2.121,2.122,2.123,2.127,2.128,2.131,2.132,2.135,2.136,2.138,2.140,2.142,2.145,2.147,2.150,2.152,2.156,2.159,2.162,2.163,2.165,2.167,2.168,2.170,2.175,2.179,2.181,2.182,2.184,2.187,2.190,2.193,2.197,2.203,2.206,2.209,2.211,2.215,2.219,2.225,2.230,2.233,2.233,2.237,2.240,2.246,2.251,2.257,2.260,2.266,2.272,2.277,2.282,2.289,2.293,2.301,2.305,2.310,2.313,2.318,2.324,2.332,2.337,2.345,2.352,2.361,2.369,2.376,2.380,2.386,2.393,2.402,2.408,2.414,2.419,2.424,2.434,2.445,2.453,2.458,2.468,2.477,2.487,2.501,2.510,2.522,2.532,2.541,2.549,2.559,2.567,2.575,2.579,2.592,2.600,2.612,2.621,2.630,2.635,2.647,2.655,2.663,2.673,2.694,2.705,2.712,2.718,2.727,2.738,2.745,2.757,2.777,2.791,2.802,2.823,2.836,2.836,3.000,3.000,3.000,3.000,3.000,3.000,3.000,3.000,3.000,3.000,3.000,3.000,3.000,3.000,3.000,3.000,3.000,3.000,3.000,3.000,3.000,3.000,3.000,3.000,3.000,3.000,3.000,3.000,3.000,3.000,3.000,3.000,3.000,3.000,3.000,3.000,3.000,3.000,3.000,3.000,3.000,3.000,3.000,3.000
3.000,3.000,3.000,3.000,3.000,3.000,3.000,3.000,3.000,3.000,3.000,3.000,3.000,3.000,3.000,3.000,3.000,3.000,3.000,3.000,3.000,3.000,3.000,3.000,3.000,3.000,3.000,3.000,3.000,3.000,3.000,3.000,3.000,3.000,3.000,3.000,3.000,3.000,3.000,3.000,3.000,3.000,3.000,2.203,2.203,2.199,2.193,2.192,2.192,2.191,2.190,2.189,2.189,2.187,2.185,2.181,2.175,2.173,2.169,2.161,2.157,2.152,2.150,2.146,2.145,2.145,2.143,2.137,2.134,2.132,2.129,2.127,2.126,2.121,2.117,2.112,2.109,2.104,2.102,2.099,2.096,2.090,2.086,2.083,2.080,2.071,2.067,2.063,2.057,2.050,2.041,2.036,2.028,2.020,2.010,2.001,1.974,1.956,1.972,3.000,3.000,3.000,3.000,0.531,0.528,0.525,0.524,0.526,0.531,0.541,0.544,3.000,3.000,3.000,3.000,2.004,1.995,2.014,2.026,2.033,2.042,2.051,2.059,2.066,2.071,2.074,2.075,2.076,2.074,2.074,2.075,2.076,2.079,2.079,2.082,2.083,2.086,2.084,2.086,2.085,2.087,2.087,2.089,2.090,2.091,2.092,2.094,2.094,2.097,2.098,2.097,2.099,2.105,2.106,2.107,2.109,2.109,2.112,2.113,2.113,2.115,2.116,2.119,2.122,2.125,2.125,2.129,2.130,2.133,2.134,2.136,2.139,2.141,2.143,2.144,2.148,2.153,2.156,2.157,2.159,2.160,2.162,2.164,2.168,2.173,2.173,2.176,2.178,2.181,2.183,2.187,2.190,2.196,2.198,2.200,2.203,2.207,2.210,2.215,2.222,2.224,2.225,2.229,2.232,2.237,2.244,2.250,2.252,2.259,2.264,2.269,2.273,2.279,2.283,2.292,2.297,2.301,2.304,2.310,2.314,2.320,2.328,2.337,2.344,2.352,2.359,2.367,2.371,2.377,2.383,2.392,2.399,2.404,2.406,2.415,2.424,2.436,2.443,2.449,2.457,2.468,2.479,2.493,2.500,2.511,2.520,2.528,2.535,2.548,2.555,2.564,2.570,2.583,2.591,2.602,2.611,2.620,2.625,2.638,2.643,2.653,2.661,2.679,2.694,2.703,2.709,2.717,2.727,2.734,2.755,2.773,2.787,2.798,2.819,2.836,2.858,2.858,3.000,3.000,3.000,3.000,3.000,3.000,3.000,3.000,3.000,3.000,3.000,3.000,3.000,3.000,3.000,3.000,3.000,3.000,3.000,3.000,3.000,3.000,3.000,3.000,3.000,3.000,3.000,3.000,3.000,3.000,3.000,3.000,3.000,3.000,3.000,3.000,3.000,3.000,3.000,3.000,3.000,3.000,3.000
3.000,3.000,3.000,3.000,3.000,3.000,3.000,3.000,3.000,3.000,3.000,3.000,3.000,3.000,3.000,3.000,3.000,3.000,3.000,3.000,3.000,3.000,3.000,3.000,3.000,3.000,3.000,3.000,3.000,3.000,3.000,3.000,3.000,3.000,3.000,3.000,3.000,3.000,3.000,3.000,3.000,3.000,3.000,2.207,2.203,2.195,2.190,2.189,2.189,2.189,2.187,2.187,2.186,2.184,2.182,2.176,2.171,2.168,2.163,2.154,2.150,2.146,2.144,2.139,2.138,2.139,2.137,2.132,2.129,2.126,2.124,2.121,2.121,2.116,2.110,2.106,2.102,2.098,2.095,2.091,2.087,2.082,2.077,2.070,2.065,2.061,2.057,2.052,2.040,2.034,2.029,2.024,2.017,2.008,1.998,1.979,1.961,1.941,1.956,3.000,3.000,3.000,3.000,0.528,0.525,0.522,0.521,0.524,0.529,0.537,0.541,3.000,3.000,3.000,3.000,1.995,2.014,2.006,2.018,2.025,2.035,2.043,2.052,2.057,2.061,2.066,2.068,2.069,2.067,2.067,2.069,2.070,2.071,2.072,2.074,2.074,2.076,2.076,2.078,2.077,2.078,2.078,2.081,2.082,2.084,2.084,2.086,2.087,2.089,2.089,2.090,2.091,2.096,2.098,2.099,2.100,2.100,2.101,2.102,2.104,2.107,2.107,2.109,2.111,2.117,2.116,2.121,2.123,2.126,2.127,2.129,2.132,2.134,2.134,2.136,2.138,2.142,2.148,2.149,2.150,2.152,2.154,2.156,2.159,2.163,2.164,2.166,2.168,2.172,2.175,2.180,2.183,2.188,2.191,2.193,2.195,2.198,2.201,2.204,2.207,2.212,2.217,2.221,2.224,2.228,2.236,2.241,2.244,2.250,2.254,2.260,2.263,2.269,2.274,2.282,2.286,2.292,2.296,2.302,2.305,2.311,2.318,2.326,2.333,2.342,2.347,2.354,2.359,2.366,2.373,2.378,2.383,2.389,2.394,2.399,2.408,2.416,2.426,2.433,2.441,2.454,2.464,2.479,2.484,2.493,2.499,2.510,2.518,2.532,2.544,2.554,2.560,2.570,2.578,2.593,2.602,2.612,2.616,2.631,2.635,2.642,2.649,2.670,2.682,2.694,2.701,2.710,2.722,2.730,2.749,2.765,2.775,2.784,2.812,2.830,2.858,2.863,2.863,3.000,3.000,3.000,3.000,3.000,3.000,3.000,3.000,3.000,3.000,3.000,3.000,3.000,3.000,3.000,3.000,3.000,3.000,3.000,3.000,3.000,3.000,3.000,3.000,3.000,3.000,3.000,3.000,3.000,3.000,3.000,3.000,3.000,3.000,3.000,3.000,3.000,3.000,3.000,3.000,3.000,3.000
3.000,3.000,3.000,3.000,3.000,3.000,3.000,3.000,3.000,3.000,3.000,3.000,3.000,3.000,3.000,3.000,3.000,3.000,3.000,3.000,3.000,3.000,3.000,3.000,3.000,3.000,3.000,3.000,3.000,3.000,3.000,3.000,3.000,3.000,3.000,3.000,3.000,3.000,3.000,3.000,3.000,2.222,2.222,2.222,2.207,2.199,2.193,2.191,2.190,2.189,2.186,2.185,2.184,2.181,2.177,2.170,2.166,2.163,2.159,2.151,2.147,2.143,2.140,2.134,2.132,2.132,2.130,2.127,2.124,2.121,2.118,2.115,2.112,2.105,2.098,2.092,2.091,2.088,2.085,2.079,2.076,2.072,2.067,2.060,2.056,2.051,2.047,2.042,2.030,2.022,2.018,2.012,2.005,1.996,1.987,1.967,1.949,1.924,1.941,3.000,3.000,3.000,3.000,0.525,0.521,0.519,0.518,0.521,0.525,0.534,0.537,3.000,3.000,3.000,3.000,3.000,2.006,1.995,2.009,2.016,2.026,2.034,2.042,2.047,2.052,2.055,2.058,2.059,2.059,2.060,2.061,2.062,2.064,2.065,2.067,2.066,2.067,2.068,2.071,2.070,2.071,2.071,2.073,2.075,2.076,2.077,2.078,2.078,2.079,2.080,2.081,2.082,2.086,2.090,2.092,2.092,2.092,2.093,2.095,2.096,2.098,2.099,2.101,2.104,2.107,2.109,2.111,2.115,2.118,2.120,2.122,2.125,2.126,2.127,2.128,2.130,2.134,2.139,2.140,2.142,2.144,2.146,2.148,2.151,2.154,2.156,2.157,2.160,2.162,2.164,2.171,2.176,2.181,2.184,2.186,2.189,2.192,2.195,2.197,2.201,2.205,2.210,2.214,2.217,2.221,2.227,2.233,2.236,2.240,2.243,2.251,2.255,2.261,2.266,2.273,2.278,2.284,2.288,2.295,2.298,2.304,2.310,2.317,2.325,2.333,2.338,2.344,2.349,2.356,2.365,2.370,2.375,2.380,2.386,2.391,2.399,2.406,2.413,2.422,2.431,2.440,2.454,2.465,2.472,2.481,2.488,2.498,2.506,2.518,2.533,2.545,2.551,2.561,2.568,2.585,2.594,2.604,2.608,2.623,2.626,2.632,2.639,2.660,2.675,2.686,2.694,2.705,2.717,2.725,2.740,2.757,2.765,2.775,2.790,2.821,2.851,2.863,2.863,3.000,3.000,3.000,3.000,3.000,3.000,3.000,3.000,3.000,3.000,3.000,3.000,3.000,3.000,3.000,3.000,3.000,3.000,3.000,3.000,3.000,3.000,3.000,3.000,3.000,3.000,3.000,3.000,3.000,3.000,3.000,3.000,3.000,3.000,3.000,3.000,3.000,3.000,3.000,3.000,3.000,3.000
3.000,3.000,3.000,3.000,3.000,3.000,3.000,3.000,3.000,3.000,3.000,3.000,3.000,3.000,3.000,3.000,3.000,3.000,3.000,3.000,3.000,3.000,3.000,3.000,3.000,3.000,3.000,3.000,3.000,3.000,3.000,3.000,3.000,3.000,3.000,3.000,3.000,3.000,3.000,3.000,3.000,2.222,2.222,2.214,2.205,2.198,2.193,2.190,2.189,2.187,2.183,2.181,2.178,2.174,2.171,2.165,2.161,2.159,2.154,2.146,2.139,2.135,2.134,2.128,2.125,2.124,2.122,2.119,2.116,2.114,2.111,2.107,2.103,2.095,2.087,2.083,2.081,2.079,2.074,2.069,2.065,2.060,2.054,2.049,2.044,2.038,2.033,2.024,2.014,2.007,2.001,1.994,1.988,1.975,1.968,1.951,1.933,1.949,1.924,3.000,3.000,3.000,3.000,0.521,0.517,0.514,0.513,0.517,0.522,0.530,0.534,3.000,3.000,3.000,3.000,3.000,1.995,1.985,2.000,2.008,2.019,2.026,2.033,2.038,2.044,2.047,2.050,2.051,2.052,2.053,2.055,2.055,2.057,2.058,2.060,2.059,2.059,2.060,2.064,2.063,2.064,2.065,2.066,2.068,2.069,2.070,2.071,2.071,2.070,2.073,2.073,2.075,2.077,2.080,2.083,2.083,2.080,2.085,2.086,2.089,2.090,2.092,2.094,2.096,2.099,2.101,2.103,2.106,2.108,2.113,2.115,2.117,2.119,2.120,2.122,2.124,2.126,2.130,2.131,2.133,2.134,2.138,2.140,2.142,2.145,2.147,2.149,2.152,2.154,2.157,2.161,2.167,2.173,2.177,2.179,2.182,2.185,2.188,2.191,2.194,2.197,2.202,2.208,2.211,2.215,2.220,2.225,2.228,2.231,2.234,2.239,2.243,2.252,2.258,2.264,2.270,2.276,2.281,2.286,2.290,2.295,2.302,2.309,2.316,2.323,2.330,2.336,2.342,2.349,2.357,2.362,2.367,2.373,2.379,2.383,2.392,2.397,2.405,2.411,2.422,2.431,2.444,2.453,2.457,2.466,2.473,2.487,2.496,2.507,2.521,2.534,2.542,2.551,2.559,2.572,2.580,2.593,2.599,2.611,2.617,2.623,2.631,2.651,2.666,2.676,2.683,2.698,2.711,2.719,2.734,2.748,2.759,2.770,2.785,2.816,2.847,2.860,2.863,2.854,2.854,3.000,3.000,3.000,3.000,3.000,3.000,3.000,3.000,3.000,3.000,3.000,3.000,3.000,3.000,3.000,3.000,3.000,3.000,3.000,3.000,3.000,3.000,3.000,3.000,3.000,3.000,3.000,3.000,3.000,3.000,3.000,3.000,3.000,3.000,3.000,3.000,3.000,3.000,3.000,3.000
3.000,3.000,3.000,3.000,3.000,3.000,3.000,3.000,3.000,3.000,3.000,3.000,3.000,3.000,3.000,3.000,3.000,3.000,3.000,3.000,3.000,3.000,3.000,3.000,3.000,3.000,3.000,3.000,3.000,3.000,3.000,3.000,3.000,3.000,3.000,3.000,3.000,3.000,3.000,3.000,2.218,2.222,2.215,2.208,2.201,2.195,2.191,2.188,2.186,2.183,2.178,2.177,2.174,2.167,2.164,2.160,2.156,2.153,2.148,2.135,2.132,2.129,2.126,2.122,2.119,2.116,2.115,2.111,2.110,2.107,2.104,2.099,2.094,2.086,2.080,2.075,2.073,2.072,2.065,2.058,2.053,2.050,2.043,2.038,2.033,2.026,2.019,2.009,2.001,1.994,1.988,1.976,1.968,1.960,1.952,1.935,1.951,1.933,3.000,3.000,3.000,3.000,3.000,0.517,0.512,0.509,0.508,0.511,0.517,0.525,0.533,0.533,3.000,3.000,3.000,3.000,1.985,1.975,1.992,2.002,2.012,2.020,2.026,2.031,2.036,2.040,2.043,2.044,2.045,2.047,2.048,2.049,2.051,2.053,2.054,2.053,2.053,2.053,2.055,2.056,2.057,2.058,2.060,2.061,2.063,2.064,2.064,2.063,2.063,2.064,2.066,2.068,2.069,2.071,2.074,2.075,2.072,2.074,2.076,2.081,2.083,2.085,2.087,2.089,2.092,2.094,2.095,2.096,2.101,2.104,2.107,2.111,2.112,2.114,2.115,2.117,2.120,2.123,2.124,2.126,2.127,2.130,2.132,2.134,2.137,2.140,2.142,2.145,2.146,2.150,2.155,2.160,2.164,2.171,2.173,2.176,2.179,2.182,2.185,2.188,2.191,2.196,2.202,2.206,2.209,2.214,2.218,2.221,2.224,2.227,2.232,2.236,2.242,2.250,2.256,2.263,2.269,2.274,2.279,2.282,2.287,2.295,2.302,2.309,2.316,2.323,2.328,2.335,2.341,2.349,2.354,2.360,2.366,2.372,2.377,2.384,2.390,2.397,2.403,2.413,2.423,2.431,2.443,2.447,2.456,2.464,2.478,2.487,2.499,2.512,2.527,2.535,2.544,2.553,2.565,2.573,2.584,2.590,2.599,2.607,2.614,2.621,2.635,2.650,2.659,2.668,2.682,2.703,2.711,2.724,2.740,2.753,2.764,2.778,2.798,2.836,2.849,2.849,2.854,2.871,2.871,3.000,3.000,3.000,3.000,3.000,3.000,3.000,3.000,3.000,3.000,3.000,3.000,3.000,3.000,3.000,3.000,3.000,3.000,3.000,3.000,3.000,3.000,3.000,3.000,3.000,3.000,3.000,3.000,3.000,3.000,3.000,3.000,3.000,3.000,3.000,3.000,3.000,3.000,3.000
3.000,3.000,3.000,3.000,3.000,3.000,3.000,3.000,3.000,3.000,3.000,3.000,3.000,3.000,3.000,3.000,3.000,3.000,3.000,3.000,3.000,3.000,3.000,3.000,3.000,3.000,3.000,3.000,3.000,3.000,3.000,3.000,3.000,3.000,3.000,3.000,3.000,3.000,3.000,2.209,2.218,2.218,2.203,2.197,2.191,2.187,2.184,2.182,2.178,2.174,2.171,2.168,2.165,2.161,2.158,2.155,2.151,2.148,2.143,2.130,2.127,2.123,2.120,2.117,2.113,2.110,2.108,2.104,2.102,2.097,2.094,2.090,2.083,2.077,2.071,2.064,2.062,2.062,2.053,2.047,2.039,2.034,2.029,2.026,2.020,2.013,2.002,1.989,1.982,1.972,1.965,1.953,1.976,1.968,1.960,1.952,1.935,3.000,3.000,3.000,3.000,3.000,3.000,0.512,0.506,0.504,0.503,0.506,0.512,0.520,0.533,0.533,3.000,3.000,3.000,3.000,1.975,1.965,1.981,1.993,2.004,2.012,2.018,2.023,2.027,2.032,2.036,2.037,2.038,2.040,2.042,2.044,2.045,2.047,2.049,2.048,2.048,2.047,2.049,2.049,2.051,2.051,2.053,2.054,2.056,2.057,2.058,2.056,2.056,2.057,2.060,2.061,2.061,2.062,2.063,2.064,2.063,2.066,2.068,2.073,2.076,2.077,2.079,2.082,2.085,2.086,2.087,2.088,2.091,2.097,2.099,2.102,2.104,2.106,2.107,2.111,2.114,2.116,2.117,2.119,2.121,2.123,2.125,2.126,2.128,2.132,2.135,2.137,2.140,2.143,2.148,2.153,2.157,2.162,2.167,2.169,2.172,2.174,2.177,2.181,2.184,2.189,2.195,2.200,2.203,2.206,2.211,2.215,2.217,2.220,2.224,2.228,2.233,2.238,2.243,2.255,2.261,2.266,2.270,2.271,2.276,2.286,2.293,2.301,2.306,2.313,2.318,2.326,2.332,2.340,2.346,2.351,2.357,2.364,2.370,2.377,2.382,2.389,2.395,2.403,2.414,2.422,2.429,2.432,2.444,2.455,2.465,2.475,2.490,2.503,2.515,2.524,2.536,2.545,2.557,2.566,2.576,2.582,2.590,2.598,2.606,2.613,2.627,2.641,2.650,2.659,2.674,2.693,2.704,2.716,2.734,2.748,2.761,2.774,2.792,2.818,2.839,2.840,2.847,2.871,2.871,2.870,3.000,3.000,3.000,3.000,3.000,3.000,3.000,3.000,3.000,3.000,3.000,3.000,3.000,3.000,3.000,3.000,3.000,3.000,3.000,3.000,3.000,3.000,3.000,3.000,3.000,3.000,3.000,3.000,3.000,3.000,3.000,3.000,3.000,3.000,3.000,3.000,3.000,3.000
3.000,3.000,3.000,3.000,3.000,3.000,3.000,3.000,3.000,3.000,3.000,3.000,3.000,3.000,3.000,3.000,3.000,3.000,3.000,3.000,3.000,3.000,3.000,3.000,3.000,3.000,3.000,3.000,3.000,3.000,3.000,3.000,3.000,3.000,3.000,3.000,3.000,3.000,2.201,2.209,2.209,2.210,2.201,2.193,2.187,2.182,2.179,2.176,2.170,2.169,2.165,2.165,2.162,2.158,2.155,2.151,2.148,2.144,2.138,2.125,2.122,2.118,2.114,2.110,2.105,2.102,2.099,2.095,2.092,2.089,2.085,2.081,2.074,2.066,2.059,2.053,2.048,2.050,2.039,2.035,2.027,2.022,2.016,2.013,2.007,1.999,1.982,1.973,1.964,1.943,1.934,1.965,1.953,3.000,3.000,3.000,3.000,3.000,3.000,3.000,3.000,3.000,3.000,0.506,0.498,0.497,0.497,0.500,0.506,0.513,0.526,0.533,3.000,3.000,3.000,3.000,1.965,1.940,1.970,1.984,1.993,2.002,2.008,2.015,2.019,2.024,2.028,2.030,2.031,2.032,2.036,2.037,2.039,2.041,2.043,2.042,2.042,2.040,2.042,2.042,2.044,2.045,2.046,2.047,2.048,2.049,2.049,2.050,2.050,2.051,2.053,2.055,2.055,2.056,2.057,2.057,2.057,2.059,2.061,2.064,2.068,2.070,2.072,2.075,2.077,2.078,2.079,2.081,2.084,2.089,2.092,2.095,2.096,2.098,2.100,2.103,2.105,2.108,2.111,2.113,2.115,2.117,2.119,2.120,2.122,2.125,2.129,2.132,2.135,2.137,2.141,2.146,2.151,2.156,2.161,2.163,2.165,2.167,2.170,2.174,2.178,2.183,2.188,2.193,2.196,2.198,2.203,2.208,2.210,2.213,2.218,2.221,2.226,2.230,2.235,2.245,2.251,2.258,2.260,2.262,2.268,2.277,2.285,2.293,2.299,2.304,2.310,2.316,2.323,2.330,2.335,2.341,2.349,2.355,2.360,2.368,2.375,2.382,2.388,2.395,2.406,2.413,2.419,2.423,2.432,2.445,2.457,2.466,2.478,2.489,2.506,2.515,2.527,2.536,2.546,2.557,2.566,2.570,2.578,2.587,2.597,2.605,2.620,2.633,2.642,2.651,2.661,2.682,2.694,2.709,2.724,2.742,2.757,2.770,2.786,2.801,2.823,2.830,2.838,2.847,2.870,2.870,3.000,3.000,3.000,3.000,3.000,3.000,3.000,3.000,3.000,3.000,3.000,3.000,3.000,3.000,3.000,3.000,3.000,3.000,3.000,3.000,3.000,3.000,3.000,3.000,3.000,3.000,3.000,3.000,3.000,3.000,3.000,3.000,3.000,3.000,3.000,3.000,3.000,3.000
3.000,3.000,3.000,3.000,3.000,3.000,3.000,3.000,3.000,3.000,3.000,3.000,3.000,3.000,3.000,3.000,3.000,3.000,3.000,3.000,3.000,3.000,3.000,3.000,3.000,3.000,3.000,3.000,3.000,3.000,3.000,3.000,3.000,3.000,3.000,3.000,3.000,3.000,2.201,2.201,2.202,2.202,2.194,2.188,2.180,2.176,2.172,2.171,2.164,2.161,2.160,2.160,2.157,2.153,2.151,2.147,2.144,2.139,2.133,2.121,2.117,2.113,2.108,2.104,2.099,2.096,2.092,2.089,2.085,2.082,2.077,2.073,2.066,2.059,2.051,2.045,2.039,2.036,2.028,2.024,2.016,2.008,2.003,1.999,1.989,1.975,1.965,1.951,1.931,1.920,1.943,1.934,3.000,3.000,3.000,3.000,3.000,3.000,3.000,3.000,3.000,3.000,0.468,0.498,0.483,0.484,0.485,0.490,0.497,0.505,0.517,0.526,3.000,3.000,3.000,3.000,1.940,1.921,1.957,1.973,1.982,1.991,1.997,2.005,2.009,2.015,2.020,2.020,2.021,2.023,2.025,2.026,2.029,2.030,2.034,2.034,2.033,2.033,2.032,2.033,2.034,2.035,2.037,2.037,2.037,2.037,2.036,2.038,2.039,2.040,2.044,2.045,2.046,2.047,2.047,2.048,2.048,2.049,2.052,2.054,2.058,2.057,2.058,2.062,2.065,2.066,2.070,2.073,2.076,2.080,2.084,2.087,2.089,2.091,2.093,2.095,2.096,2.099,2.103,2.107,2.109,2.111,2.111,2.114,2.116,2.119,2.122,2.125,2.128,2.131,2.135,2.139,2.144,2.147,2.154,2.154,2.157,2.160,2.163,2.167,2.170,2.175,2.179,2.183,2.186,2.189,2.193,2.196,2.199,2.203,2.209,2.213,2.218,2.222,2.226,2.232,2.238,2.245,2.249,2.252,2.257,2.265,2.274,2.284,2.291,2.296,2.302,2.307,2.313,2.319,2.326,2.332,2.339,2.345,2.352,2.359,2.365,2.372,2.381,2.387,2.399,2.406,2.412,2.416,2.424,2.438,2.449,2.457,2.470,2.481,2.496,2.505,2.518,2.527,2.537,2.544,2.552,2.559,2.566,2.576,2.587,2.595,2.611,2.624,2.633,2.640,2.653,2.669,2.685,2.700,2.714,2.730,2.751,2.764,2.778,2.791,2.804,2.819,2.824,2.832,2.861,2.870,3.000,3.000,3.000,3.000,3.000,3.000,3.000,3.000,3.000,3.000,3.000,3.000,3.000,3.000,3.000,3.000,3.000,3.000,3.000,3.000,3.000,3.000,3.000,3.000,3.000,3.000,3.000,3.000,3.000,3.000,3.000,3.000,3.000,3.000,3.000,3.000,3.000,3.000
3.000,3.000,3.000,3.000,3.000,3.000,3.000,3.000,3.000,3.000,3.000,3.000,3.000,3.000,3.000,3.000,3.000,3.000,3.000,3.000,3.000,3.000,3.000,3.000,3.000,3.000,3.000,3.000,3.000,3.000,3.000,3.000,3.000,3.000,3.000,3.000,3.000,2.185,2.201,2.190,2.194,2.194,2.188,2.183,2.175,2.171,2.167,2.165,2.158,2.155,2.154,2.151,2.151,2.148,2.146,2.142,2.139,2.134,2.127,2.115,2.112,2.108,2.103,2.098,2.094,2.092,2.088,2.085,2.081,2.078,2.073,2.068,2.061,2.053,2.046,2.039,2.033,2.029,2.019,2.015,2.005,1.996,1.988,1.978,1.966,1.956,1.946,1.927,1.903,1.931,1.920,3.000,3.000,3.000,0.482,0.482,0.482,0.473,0.469,0.468,0.463,0.460,0.468,0.468,0.468,0.471,0.473,0.477,0.486,0.494,0.505,0.517,3.000,3.000,3.000,3.000,1.921,1.907,1.931,1.963,1.973,1.981,1.987,1.993,1.998,2.006,2.009,2.012,2.013,2.015,2.017,2.018,2.020,2.020,2.024,2.024,2.025,2.025,2.024,2.024,2.026,2.027,2.027,2.027,2.028,2.028,2.028,2.029,2.031,2.033,2.035,2.038,2.039,2.039,2.040,2.040,2.041,2.042,2.044,2.046,2.049,2.049,2.051,2.053,2.057,2.059,2.061,2.065,2.068,2.073,2.076,2.078,2.082,2.084,2.086,2.087,2.090,2.092,2.097,2.100,2.103,2.104,2.106,2.108,2.110,2.113,2.115,2.118,2.122,2.125,2.128,2.132,2.136,2.139,2.145,2.146,2.150,2.153,2.156,2.160,2.165,2.170,2.173,2.177,2.180,2.183,2.187,2.189,2.193,2.196,2.202,2.206,2.211,2.214,2.218,2.224,2.228,2.236,2.241,2.245,2.249,2.257,2.265,2.276,2.284,2.289,2.293,2.298,2.304,2.311,2.318,2.323,2.331,2.336,2.344,2.351,2.357,2.363,2.371,2.379,2.387,2.395,2.403,2.408,2.416,2.429,2.441,2.448,2.461,2.471,2.485,2.493,2.506,2.514,2.527,2.534,2.542,2.548,2.557,2.567,2.578,2.586,2.595,2.606,2.620,2.629,2.643,2.659,2.670,2.693,2.707,2.725,2.745,2.758,2.770,2.783,2.795,2.805,2.815,2.822,2.845,2.861,3.000,3.000,3.000,3.000,3.000,3.000,3.000,3.000,3.000,3.000,3.000,3.000,3.000,3.000,3.000,3.000,3.000,3.000,3.000,3.000,3.000,3.000,3.000,3.000,3.000,3.000,3.000,3.000,3.000,3.000,3.000,3.000,3.000,3.000,3.000,3.000,3.000,3.000
3.000,3.000,3.000,3.000,3.000,3.000,3.000,3.000,3.000,3.000,3.000,3.000,3.000,3.000,3.000,3.000,3.000,3.000,3.000,3.000,3.000,3.000,3.000,3.000,3.000,3.000,3.000,3.000,3.000,3.000,3.000,3.000,3.000,3.000,2.189,2.189,2.189,2.185,2.185,2.184,2.185,2.187,2.182,2.178,2.169,2.165,2.162,2.158,2.152,2.148,2.145,2.144,2.143,2.141,2.139,2.136,2.132,2.128,2.121,2.110,2.107,2.102,2.095,2.091,2.088,2.085,2.080,2.078,2.074,2.070,2.064,2.059,2.054,2.046,2.039,2.032,2.025,2.020,2.010,2.004,1.995,1.987,1.976,1.961,1.950,1.938,1.922,1.898,1.871,1.903,3.000,3.000,0.484,0.484,0.484,0.482,0.473,0.469,0.468,0.463,0.460,0.460,0.456,0.457,0.457,0.459,0.462,0.467,0.473,0.481,0.493,0.505,0.495,3.000,3.000,3.000,1.907,1.931,1.921,1.953,1.964,1.973,1.978,1.984,1.989,1.996,1.998,2.002,2.003,2.006,2.008,2.009,2.012,2.011,2.013,2.013,2.016,2.017,2.014,2.015,2.015,2.015,2.016,2.017,2.019,2.019,2.020,2.022,2.024,2.026,2.028,2.029,2.031,2.032,2.033,2.033,2.034,2.035,2.035,2.037,2.040,2.042,2.043,2.046,2.049,2.051,2.053,2.055,2.060,2.064,2.066,2.067,2.071,2.075,2.077,2.080,2.082,2.085,2.090,2.093,2.096,2.098,2.099,2.101,2.104,2.107,2.109,2.111,2.114,2.118,2.121,2.125,2.129,2.132,2.137,2.139,2.142,2.145,2.149,2.153,2.158,2.163,2.166,2.170,2.174,2.177,2.180,2.182,2.186,2.189,2.193,2.199,2.203,2.207,2.210,2.215,2.220,2.227,2.231,2.237,2.240,2.248,2.255,2.266,2.276,2.279,2.285,2.290,2.297,2.302,2.310,2.316,2.322,2.328,2.334,2.341,2.349,2.355,2.363,2.371,2.378,2.386,2.395,2.400,2.408,2.418,2.430,2.437,2.450,2.461,2.474,2.482,2.490,2.501,2.516,2.524,2.532,2.537,2.544,2.556,2.569,2.578,2.586,2.598,2.611,2.621,2.635,2.644,2.659,2.681,2.693,2.714,2.728,2.750,2.761,2.774,2.787,2.799,2.808,2.812,2.841,2.845,2.827,3.000,3.000,3.000,3.000,3.000,3.000,3.000,3.000,3.000,3.000,3.000,3.000,3.000,3.000,3.000,3.000,3.000,3.000,3.000,3.000,3.000,3.000,3.000,3.000,3.000,3.000,3.000,3.000,3.000,3.000,3.000,3.000,3.000,3.000,3.000,3.000,3.000
3.000,3.000,3.000,3.000,3.000,3.000,3.000,3.000,3.000,3.000,3.000,3.000,3.000,3.000,3.000,3.000,3.000,3.000,3.000,3.000,3.000,3.000,3.000,3.000,3.000,3.000,3.000,3.000,3.000,3.000,3.000,3.000,3.000,3.000,2.189,2.189,2.185,2.180,2.182,2.181,2.181,2.181,2.176,2.172,2.162,2.158,2.155,2.152,2.146,2.141,2.138,2.136,2.135,2.133,2.130,2.128,2.124,2.119,2.108,2.100,2.098,2.091,2.086,2.082,2.078,2.074,2.068,2.064,2.060,2.056,2.051,2.046,2.042,2.031,2.028,2.023,2.015,2.010,1.999,1.993,1.982,1.972,1.960,1.947,1.936,1.921,1.901,1.922,1.898,1.871,3.000,3.000,0.484,0.484,0.476,0.469,0.461,0.458,0.456,0.452,0.450,0.450,0.447,0.448,0.449,0.450,0.453,0.456,0.462,0.468,0.478,0.495,0.495,3.000,3.000,3.000,3.000,1.921,1.911,1.939,1.955,1.965,1.971,1.977,1.982,1.987,1.990,1.993,1.996,1.999,2.000,2.002,2.004,2.004,2.005,2.005,2.007,2.008,2.007,2.008,2.007,2.008,2.008,2.009,2.011,2.011,2.013,2.015,2.016,2.019,2.021,2.022,2.024,2.025,2.026,2.027,2.028,2.027,2.028,2.030,2.033,2.035,2.037,2.040,2.043,2.045,2.046,2.048,2.051,2.056,2.058,2.060,2.063,2.068,2.070,2.073,2.073,2.078,2.084,2.087,2.089,2.091,2.092,2.094,2.098,2.099,2.103,2.105,2.108,2.111,2.115,2.118,2.121,2.126,2.130,2.132,2.135,2.138,2.142,2.146,2.151,2.156,2.159,2.162,2.166,2.169,2.173,2.174,2.177,2.179,2.184,2.191,2.193,2.199,2.202,2.208,2.213,2.220,2.223,2.229,2.232,2.239,2.245,2.255,2.265,2.271,2.277,2.282,2.289,2.294,2.301,2.309,2.315,2.321,2.327,2.333,2.342,2.348,2.354,2.359,2.367,2.378,2.387,2.392,2.400,2.409,2.420,2.426,2.439,2.449,2.461,2.470,2.478,2.488,2.501,2.508,2.516,2.522,2.532,2.543,2.558,2.567,2.576,2.587,2.601,2.609,2.626,2.637,2.651,2.663,2.680,2.703,2.717,2.737,2.749,2.764,2.778,2.790,2.794,2.798,2.819,2.827,2.836,2.836,3.000,3.000,3.000,3.000,3.000,3.000,3.000,3.000,3.000,3.000,3.000,3.000,3.000,3.000,3.000,3.000,3.000,3.000,3.000,3.000,3.000,3.000,3.000,3.000,3.000,3.000,3.000,3.000,3.000,3.000,3.000,3.000,3.000,3.000,3.000,3.000
3.000,3.000,3.000,3.000,3.000,3.000,3.000,3.000,3.000,3.000,3.000,3.000,3.000,3.000,3.000,3.000,3.000,3.000,3.000,3.000,3.000,3.000,3.000,3.000,3.000,3.000,3.000,3.000,3.000,3.000,3.000,3.000,3.000,3.000,2.189,2.182,2.179,2.177,2.179,2.178,2.177,2.176,2.171,2.164,2.157,2.154,2.151,2.147,2.141,2.136,2.132,2.129,2.127,2.124,2.121,2.118,2.112,2.108,2.100,2.093,2.090,2.082,2.076,2.074,2.070,2.066,2.059,2.055,2.051,2.046,2.042,2.035,2.032,2.020,2.017,2.011,2.005,1.997,1.983,1.977,1.968,1.957,1.947,1.932,1.919,1.936,1.921,1.901,3.000,3.000,0.476,0.476,0.484,0.467,0.462,0.457,0.453,0.450,0.448,0.444,0.443,0.442,0.440,0.442,0.442,0.444,0.446,0.450,0.453,0.459,0.467,0.481,0.495,3.000,3.000,3.000,3.000,1.911,1.902,1.927,1.945,1.957,1.963,1.969,1.974,1.980,1.983,1.987,1.990,1.992,1.993,1.995,1.996,1.996,1.997,1.998,2.000,2.001,2.000,2.001,1.999,2.000,2.001,2.002,2.003,2.003,2.005,2.007,2.007,2.008,2.010,2.013,2.014,2.015,2.016,2.017,2.019,2.019,2.021,2.023,2.025,2.027,2.030,2.033,2.036,2.038,2.039,2.041,2.044,2.049,2.051,2.053,2.055,2.058,2.061,2.064,2.066,2.070,2.074,2.080,2.082,2.083,2.085,2.086,2.089,2.092,2.095,2.099,2.101,2.104,2.106,2.111,2.115,2.119,2.123,2.125,2.128,2.131,2.134,2.137,2.142,2.147,2.150,2.151,2.154,2.156,2.161,2.163,2.167,2.170,2.174,2.179,2.185,2.191,2.193,2.197,2.201,2.208,2.213,2.219,2.223,2.231,2.237,2.245,2.255,2.261,2.269,2.274,2.282,2.287,2.294,2.301,2.306,2.312,2.318,2.326,2.334,2.339,2.345,2.350,2.357,2.367,2.375,2.379,2.391,2.400,2.409,2.415,2.425,2.433,2.446,2.454,2.466,2.476,2.486,2.491,2.505,2.512,2.521,2.531,2.541,2.550,2.567,2.578,2.593,2.602,2.619,2.630,2.644,2.655,2.673,2.694,2.708,2.722,2.736,2.756,2.770,2.783,2.786,2.792,2.814,2.823,2.836,2.836,2.817,3.000,3.000,3.000,3.000,3.000,3.000,3.000,3.000,3.000,3.000,3.000,3.000,3.000,3.000,3.000,3.000,3.000,3.000,3.000,3.000,3.000,3.000,3.000,3.000,3.000,3.000,3.000,3.000,3.000,3.000,3.000,3.000,3.000,3.000,3.000
3.000,3.000,3.000,3.000,3.000,3.000,3.000,3.000,3.000,3.000,3.000,3.000,3.000,3.000,3.000,3.000,3.000,3.000,3.000,3.000,3.000,3.000,3.000,3.000,3.000,3.000,3.000,3.000,3.000,3.000,3.000,3.000,3.000,2.188,2.188,2.185,2.182,2.178,2.178,2.177,2.176,2.173,2.169,2.162,2.155,2.151,2.148,2.144,2.137,2.132,2.127,2.123,2.121,2.118,2.115,2.110,2.105,2.099,2.091,2.081,2.079,2.073,2.068,2.064,2.060,2.055,2.050,2.047,2.043,2.037,2.033,2.025,2.020,2.010,2.006,2.000,1.994,1.986,1.969,1.962,1.954,1.942,1.930,1.916,1.896,1.919,3.000,3.000,3.000,3.000,0.476,0.476,0.464,0.459,0.455,0.451,0.448,0.445,0.443,0.440,0.438,0.437,0.436,0.438,0.438,0.440,0.442,0.446,0.450,0.456,0.463,0.475,0.491,0.491,3.000,3.000,3.000,1.902,1.927,1.915,1.936,1.949,1.956,1.962,1.967,1.972,1.976,1.980,1.983,1.985,1.986,1.988,1.990,1.990,1.991,1.991,1.991,1.992,1.994,1.994,1.993,1.993,1.994,1.994,1.995,1.994,1.997,1.998,1.999,2.000,2.001,2.002,2.003,2.005,2.007,2.008,2.010,2.012,2.014,2.016,2.018,2.019,2.022,2.025,2.027,2.029,2.031,2.034,2.038,2.043,2.045,2.047,2.049,2.052,2.055,2.057,2.059,2.063,2.067,2.071,2.073,2.075,2.076,2.079,2.082,2.085,2.089,2.091,2.093,2.094,2.098,2.102,2.107,2.110,2.116,2.119,2.122,2.124,2.128,2.130,2.134,2.139,2.143,2.144,2.147,2.149,2.154,2.156,2.161,2.164,2.168,2.172,2.178,2.183,2.187,2.190,2.194,2.199,2.205,2.210,2.214,2.222,2.230,2.238,2.247,2.253,2.260,2.265,2.274,2.279,2.286,2.290,2.295,2.303,2.310,2.317,2.325,2.331,2.337,2.341,2.349,2.357,2.365,2.371,2.379,2.392,2.401,2.407,2.416,2.422,2.435,2.443,2.452,2.465,2.473,2.480,2.491,2.498,2.512,2.523,2.534,2.543,2.555,2.572,2.587,2.595,2.612,2.623,2.637,2.648,2.667,2.685,2.699,2.712,2.724,2.738,2.742,2.765,2.774,2.783,2.812,2.819,2.827,2.817,2.817,3.000,3.000,3.000,3.000,3.000,3.000,3.000,3.000,3.000,3.000,3.000,3.000,3.000,3.000,3.000,3.000,3.000,3.000,3.000,3.000,3.000,3.000,3.000,3.000,3.000,3.000,3.000,3.000,3.000,3.000,3.000,3.000,3.000,3.000,3.000
3.000,3.000,3.000,3.000,3.000,3.000,3.000,3.000,3.000,3.000,3.000,3.000,3.000,3.000,3.000,3.000,3.000,3.000,3.000,3.000,3.000,3.000,3.000,3.000,3.000,3.000,3.000,3.000,3.000,3.000,3.000,3.000,3.000,2.189,2.188,2.185,2.182,2.177,2.177,2.175,2.173,2.169,2.165,2.158,2.151,2.148,2.144,2.141,2.133,2.125,2.122,2.118,2.116,2.112,2.108,2.103,2.098,2.085,2.077,2.073,2.072,2.067,2.061,2.057,2.051,2.047,2.043,2.040,2.036,2.030,2.025,2.013,2.010,2.001,1.996,1.989,1.982,1.969,1.957,1.949,1.938,1.924,1.914,1.884,1.916,1.896,3.000,3.000,3.000,0.464,0.476,0.467,0.458,0.454,0.451,0.447,0.444,0.442,0.440,0.437,0.435,0.435,0.434,0.436,0.436,0.439,0.441,0.445,0.449,0.455,0.462,0.473,0.491,0.491,3.000,3.000,3.000,3.000,1.915,1.905,1.923,1.939,1.946,1.951,1.958,1.963,1.968,1.972,1.976,1.978,1.979,1.982,1.984,1.984,1.985,1.985,1.985,1.986,1.987,1.988,1.987,1.987,1.988,1.988,1.989,1.988,1.989,1.990,1.991,1.992,1.993,1.994,1.995,1.996,1.999,2.000,2.002,2.004,2.007,2.009,2.011,2.013,2.015,2.016,2.018,2.021,2.024,2.027,2.029,2.032,2.036,2.039,2.041,2.044,2.047,2.049,2.052,2.055,2.059,2.062,2.064,2.066,2.068,2.072,2.075,2.078,2.082,2.085,2.087,2.088,2.091,2.096,2.100,2.103,2.110,2.113,2.116,2.118,2.122,2.124,2.128,2.132,2.134,2.137,2.140,2.143,2.147,2.151,2.155,2.158,2.161,2.166,2.172,2.177,2.180,2.183,2.187,2.192,2.198,2.203,2.207,2.215,2.223,2.232,2.240,2.247,2.253,2.257,2.266,2.272,2.278,2.282,2.287,2.294,2.303,2.309,2.317,2.322,2.328,2.334,2.342,2.350,2.359,2.365,2.373,2.385,2.393,2.399,2.408,2.413,2.424,2.433,2.442,2.451,2.461,2.470,2.481,2.489,2.503,2.512,2.526,2.536,2.547,2.564,2.579,2.587,2.603,2.613,2.628,2.639,2.652,2.668,2.685,2.698,2.713,2.726,2.729,2.742,2.752,2.771,2.801,2.809,2.818,2.810,2.819,2.819,3.000,3.000,3.000,3.000,3.000,3.000,3.000,3.000,3.000,3.000,3.000,3.000,3.000,3.000,3.000,3.000,3.000,3.000,3.000,3.000,3.000,3.000,3.000,3.000,3.000,3.000,3.000,3.000,3.000,3.000,3.000,3.000,3.000,3.000
3.000,3.000,3.000,3.000,3.000,3.000,3.000,3.000,3.000,3.000,3.000,3.000,3.000,3.000,3.000,3.000,3.000,3.000,3.000,3.000,3.000,3.000,3.000,3.000,3.000,3.000,3.000,3.000,3.000,3.000,3.000,3.000,2.194,2.194,2.189,2.187,2.183,2.178,2.176,2.173,2.169,2.163,2.159,2.151,2.145,2.142,2.139,2.136,2.124,2.119,2.116,2.114,2.111,2.108,2.104,2.099,2.093,2.082,2.073,2.069,2.068,2.063,2.056,2.051,2.045,2.041,2.038,2.034,2.029,2.022,2.011,2.005,2.000,1.992,1.986,1.980,1.970,1.959,1.947,1.938,1.923,1.906,1.895,1.863,1.884,3.000,3.000,3.000,0.473,0.473,0.464,0.458,0.452,0.449,0.447,0.444,0.442,0.440,0.437,0.436,0.434,0.434,0.433,0.434,0.435,0.438,0.440,0.444,0.448,0.454,0.461,0.471,0.486,0.491,3.000,3.000,3.000,3.000,1.905,1.896,1.915,1.928,1.937,1.943,1.949,1.955,1.960,1.964,1.969,1.971,1.973,1.976,1.978,1.978,1.979,1.980,1.981,1.981,1.982,1.983,1.982,1.982,1.982,1.982,1.983,1.982,1.983,1.984,1.985,1.985,1.984,1.986,1.988,1.990,1.992,1.993,1.994,1.996,1.998,2.002,2.005,2.005,2.007,2.009,2.011,2.014,2.016,2.019,2.022,2.025,2.027,2.031,2.034,2.036,2.038,2.041,2.043,2.046,2.049,2.054,2.056,2.059,2.061,2.065,2.069,2.072,2.076,2.079,2.082,2.083,2.086,2.089,2.095,2.098,2.103,2.106,2.110,2.113,2.116,2.119,2.123,2.126,2.129,2.132,2.135,2.139,2.143,2.146,2.149,2.153,2.156,2.160,2.167,2.172,2.175,2.178,2.182,2.187,2.193,2.198,2.202,2.209,2.218,2.226,2.233,2.239,2.246,2.250,2.257,2.264,2.272,2.276,2.281,2.288,2.297,2.303,2.309,2.315,2.321,2.327,2.335,2.344,2.352,2.358,2.366,2.377,2.385,2.390,2.397,2.403,2.413,2.419,2.432,2.441,2.451,2.460,2.472,2.480,2.491,2.501,2.514,2.527,2.539,2.551,2.567,2.576,2.591,2.602,2.614,2.625,2.638,2.652,2.667,2.685,2.701,2.710,2.715,2.727,2.738,2.748,2.766,2.776,2.801,2.797,2.819,2.819,3.000,3.000,3.000,3.000,3.000,3.000,3.000,3.000,3.000,3.000,3.000,3.000,3.000,3.000,3.000,3.000,3.000,3.000,3.000,3.000,3.000,3.000,3.000,3.000,3.000,3.000,3.000,3.000,3.000,3.000,3.000,3.000,3.000,3.000
3.000,3.000,3.000,3.000,3.000,3.000,3.000,3.000,3.000,3.000,3.000,3.000,3.000,3.000,3.000,3.000,3.000,3.000,3.000,3.000,3.000,3.000,3.000,3.000,3.000,3.000,3.000,3.000,3.000,3.000,3.000,2.199,2.199,2.194,2.191,2.187,2.183,2.177,2.174,2.169,2.163,2.158,2.153,2.147,2.141,2.138,2.135,2.127,2.119,2.114,2.112,2.109,2.107,2.104,2.100,2.094,2.088,2.078,2.069,2.065,2.063,2.059,2.051,2.045,2.040,2.036,2.032,2.028,2.023,2.012,2.004,1.998,1.993,1.984,1.975,1.967,1.956,1.944,1.935,1.923,1.903,1.881,1.867,1.895,1.863,3.000,3.000,3.000,0.473,0.473,0.459,0.454,0.449,0.447,0.444,0.442,0.440,0.438,0.436,0.434,0.433,0.432,0.432,0.433,0.434,0.437,0.439,0.443,0.447,0.453,0.460,0.469,0.483,0.508,0.508,3.000,3.000,3.000,1.896,1.887,1.908,1.921,1.929,1.937,1.943,1.949,1.953,1.957,1.961,1.964,1.966,1.968,1.971,1.971,1.972,1.972,1.972,1.972,1.973,1.975,1.975,1.975,1.976,1.976,1.977,1.977,1.977,1.978,1.977,1.978,1.978,1.980,1.982,1.984,1.986,1.986,1.988,1.989,1.992,1.994,1.996,1.997,1.999,2.001,2.005,2.008,2.010,2.013,2.016,2.018,2.020,2.024,2.026,2.030,2.032,2.034,2.036,2.039,2.042,2.046,2.048,2.051,2.052,2.055,2.060,2.064,2.068,2.072,2.074,2.077,2.080,2.083,2.089,2.091,2.096,2.099,2.102,2.105,2.109,2.112,2.115,2.118,2.121,2.125,2.128,2.133,2.137,2.140,2.144,2.147,2.150,2.153,2.160,2.166,2.169,2.172,2.177,2.181,2.186,2.191,2.195,2.199,2.209,2.218,2.223,2.228,2.233,2.238,2.244,2.253,2.263,2.268,2.274,2.280,2.290,2.295,2.301,2.306,2.313,2.319,2.328,2.335,2.343,2.351,2.358,2.367,2.374,2.381,2.388,2.394,2.402,2.408,2.418,2.423,2.435,2.449,2.462,2.470,2.483,2.493,2.506,2.519,2.532,2.543,2.558,2.566,2.578,2.587,2.603,2.614,2.626,2.636,2.649,2.661,2.684,2.695,2.700,2.711,2.723,2.732,2.741,2.752,2.778,2.785,2.806,2.819,2.792,2.792,3.000,3.000,3.000,3.000,3.000,3.000,3.000,3.000,3.000,3.000,3.000,3.000,3.000,3.000,3.000,3.000,3.000,3.000,3.000,3.000,3.000,3.000,3.000,3.000,3.000,3.000,3.000,3.000,3.000,3.000,3.000,3.000
3.000,3.000,3.000,3.000,3.000,3.000,3.000,3.000,3.000,3.000,3.000,3.000,3.000,3.000,3.000,3.000,3.000,3.000,3.000,3.000,3.000,3.000,3.000,3.000,3.000,3.000,3.000,3.000,3.000,3.000,3.000,2.200,2.199,2.195,2.192,2.189,2.183,2.175,2.172,2.166,2.160,2.154,2.150,2.145,2.140,2.137,2.134,2.128,2.118,2.112,2.109,2.105,2.103,2.100,2.095,2.088,2.082,2.070,2.063,2.059,2.054,2.051,2.044,2.040,2.035,2.031,2.027,2.022,2.015,2.006,1.999,1.993,1.986,1.976,1.966,1.957,1.946,1.934,1.922,1.904,1.878,1.864,1.881,1.867,3.000,3.000,3.000,0.463,0.473,0.464,0.454,0.450,0.446,0.444,0.442,0.440,0.438,0.437,0.435,0.433,0.432,0.432,0.431,0.432,0.433,0.435,0.438,0.441,0.446,0.452,0.459,0.468,0.481,0.508,0.508,3.000,3.000,3.000,1.887,1.908,1.899,1.913,1.922,1.930,1.937,1.943,1.947,1.951,1.955,1.959,1.960,1.962,1.963,1.964,1.966,1.966,1.965,1.965,1.965,1.965,1.965,1.967,1.969,1.970,1.971,1.971,1.972,1.972,1.972,1.972,1.973,1.976,1.978,1.980,1.981,1.981,1.983,1.985,1.988,1.989,1.992,1.993,1.995,1.997,2.001,2.004,2.006,2.009,2.012,2.014,2.016,2.019,2.021,2.024,2.026,2.028,2.030,2.033,2.036,2.040,2.042,2.044,2.046,2.049,2.052,2.057,2.061,2.066,2.068,2.071,2.075,2.078,2.082,2.085,2.089,2.093,2.096,2.099,2.103,2.106,2.109,2.112,2.115,2.119,2.123,2.127,2.131,2.134,2.137,2.140,2.144,2.147,2.152,2.159,2.163,2.167,2.171,2.176,2.180,2.185,2.189,2.193,2.200,2.211,2.216,2.221,2.225,2.230,2.236,2.245,2.256,2.261,2.266,2.272,2.283,2.288,2.293,2.298,2.305,2.312,2.319,2.328,2.335,2.343,2.351,2.359,2.367,2.374,2.380,2.387,2.394,2.399,2.408,2.414,2.425,2.437,2.446,2.460,2.474,2.483,2.495,2.510,2.524,2.536,2.549,2.557,2.567,2.574,2.583,2.602,2.613,2.625,2.635,2.646,2.672,2.682,2.688,2.699,2.710,2.717,2.723,2.739,2.766,2.774,2.783,2.790,2.792,2.793,2.793,3.000,3.000,3.000,3.000,3.000,3.000,3.000,3.000,3.000,3.000,3.000,3.000,3.000,3.000,3.000,3.000,3.000,3.000,3.000,3.000,3.000,3.000,3.000,3.000,3.000,3.000,3.000,3.000,3.000,3.000,3.000
3.000,3.000,3.000,3.000,3.000,3.000,3.000,3.000,3.000,3.000,3.000,3.000,3.000,3.000,3.000,3.000,3.000,3.000,3.000,3.000,3.000,3.000,3.000,3.000,3.000,3.000,3.000,3.000,3.000,3.000,2.208,2.208,2.200,2.196,2.193,2.189,2.183,2.174,2.170,2.162,2.155,2.150,2.146,2.142,2.137,2.135,2.132,2.127,2.119,2.114,2.109,2.104,2.101,2.097,2.091,2.084,2.077,2.067,2.060,2.055,2.050,2.046,2.040,2.036,2.030,2.026,2.021,2.016,2.006,2.000,1.993,1.987,1.977,1.968,1.958,1.948,1.936,1.922,1.899,1.879,1.851,1.836,1.864,3.000,3.000,3.000,0.464,0.464,0.463,0.455,0.448,0.445,0.442,0.440,0.439,0.437,0.435,0.434,0.431,0.430,0.429,0.429,0.429,0.430,0.431,0.434,0.436,0.439,0.444,0.450,0.458,0.466,0.478,0.504,0.508,3.000,3.000,3.000,3.000,1.899,1.889,1.906,1.916,1.924,1.930,1.937,1.941,1.945,1.948,1.952,1.953,1.955,1.957,1.958,1.958,1.959,1.959,1.958,1.958,1.958,1.960,1.961,1.964,1.966,1.967,1.968,1.968,1.969,1.968,1.969,1.969,1.972,1.974,1.976,1.977,1.977,1.979,1.981,1.984,1.985,1.986,1.988,1.990,1.993,1.996,2.000,2.001,2.004,2.007,2.010,2.011,2.014,2.017,2.019,2.021,2.023,2.025,2.028,2.031,2.034,2.036,2.039,2.040,2.043,2.046,2.050,2.054,2.059,2.061,2.065,2.069,2.072,2.076,2.079,2.083,2.086,2.090,2.092,2.097,2.099,2.102,2.106,2.110,2.114,2.117,2.121,2.124,2.128,2.130,2.134,2.138,2.141,2.145,2.152,2.156,2.160,2.164,2.169,2.173,2.178,2.183,2.187,2.193,2.200,2.207,2.214,2.217,2.223,2.228,2.235,2.246,2.254,2.259,2.265,2.272,2.278,2.285,2.291,2.299,2.305,2.312,2.319,2.328,2.336,2.343,2.352,2.359,2.368,2.374,2.381,2.387,2.393,2.401,2.406,2.417,2.427,2.438,2.453,2.467,2.476,2.487,2.498,2.517,2.528,2.542,2.550,2.559,2.566,2.575,2.590,2.602,2.614,2.624,2.635,2.662,2.672,2.679,2.689,2.701,2.709,2.715,2.730,2.755,2.765,2.773,2.782,2.785,2.793,2.798,2.798,3.000,3.000,3.000,3.000,3.000,3.000,3.000,3.000,3.000,3.000,3.000,3.000,3.000,3.000,3.000,3.000,3.000,3.000,3.000,3.000,3.000,3.000,3.000,3.000,3.000,3.000,3.000,3.000,3.000,3.000
3.000,3.000,3.000,3.000,3.000,3.000,3.000,3.000,3.000,3.000,3.000,3.000,3.000,3.000,3.000,3.000,3.000,3.000,3.000,3.000,3.000,3.000,3.000,3.000,3.000,3.000,3.000,3.000,3.000,2.218,2.218,2.208,2.203,2.197,2.193,2.188,2.180,2.171,2.167,2.161,2.154,2.149,2.144,2.141,2.135,2.132,2.129,2.124,2.118,2.113,2.108,2.103,2.099,2.094,2.088,2.081,2.073,2.064,2.057,2.052,2.044,2.042,2.034,2.031,2.026,2.022,2.017,2.011,2.001,1.994,1.987,1.980,1.969,1.961,1.950,1.941,1.928,1.910,1.885,1.866,1.833,1.851,1.836,3.000,3.000,0.458,0.464,0.464,0.454,0.448,0.443,0.440,0.437,0.435,0.433,0.432,0.430,0.429,0.428,0.427,0.426,0.427,0.427,0.429,0.430,0.432,0.435,0.438,0.443,0.450,0.457,0.466,0.478,0.502,0.504,3.000,3.000,3.000,3.000,1.889,1.878,1.897,1.908,1.917,1.923,1.930,1.934,1.939,1.941,1.946,1.947,1.950,1.950,1.951,1.952,1.954,1.954,1.953,1.954,1.954,1.955,1.956,1.959,1.961,1.963,1.964,1.965,1.965,1.965,1.966,1.966,1.969,1.970,1.972,1.973,1.973,1.975,1.976,1.979,1.980,1.982,1.984,1.986,1.988,1.992,1.994,1.996,1.999,2.002,2.005,2.007,2.010,2.012,2.015,2.016,2.017,2.019,2.022,2.025,2.029,2.031,2.033,2.034,2.037,2.039,2.043,2.045,2.051,2.054,2.057,2.062,2.065,2.070,2.073,2.076,2.078,2.082,2.085,2.090,2.093,2.096,2.100,2.104,2.108,2.112,2.115,2.118,2.121,2.124,2.128,2.131,2.135,2.138,2.143,2.150,2.154,2.159,2.163,2.167,2.172,2.178,2.182,2.188,2.195,2.202,2.209,2.212,2.218,2.221,2.230,2.240,2.248,2.253,2.259,2.266,2.272,2.279,2.285,2.293,2.299,2.306,2.313,2.322,2.329,2.337,2.344,2.351,2.360,2.368,2.375,2.382,2.387,2.395,2.400,2.411,2.420,2.430,2.443,2.461,2.469,2.479,2.490,2.508,2.519,2.534,2.542,2.552,2.559,2.569,2.583,2.596,2.607,2.617,2.627,2.652,2.662,2.668,2.673,2.692,2.701,2.707,2.718,2.746,2.755,2.758,2.763,2.782,2.792,2.798,2.813,3.000,3.000,3.000,3.000,3.000,3.000,3.000,3.000,3.000,3.000,3.000,3.000,3.000,3.000,3.000,3.000,3.000,3.000,3.000,3.000,3.000,3.000,3.000,3.000,3.000,3.000,3.000,3.000,3.000,3.000
3.000,3.000,3.000,3.000,3.000,3.000,3.000,3.000,3.000,3.000,3.000,3.000,3.000,3.000,3.000,3.000,3.000,3.000,3.000,3.000,3.000,3.000,3.000,3.000,3.000,3.000,3.000,3.000,2.223,2.223,2.218,2.211,2.204,2.197,2.193,2.187,2.180,2.170,2.165,2.158,2.152,2.144,2.138,2.135,2.130,2.126,2.123,2.118,2.113,2.110,2.104,2.099,2.095,2.090,2.082,2.075,2.068,2.060,2.053,2.048,2.040,2.037,2.030,2.026,2.021,2.018,2.013,2.007,1.996,1.989,1.981,1.974,1.964,1.955,1.945,1.934,1.920,1.898,1.872,1.885,1.866,1.833,3.000,0.470,0.470,0.470,0.458,0.454,0.447,0.443,0.439,0.436,0.434,0.432,0.430,0.428,0.427,0.427,0.426,0.426,0.425,0.426,0.426,0.428,0.429,0.432,0.435,0.438,0.443,0.450,0.458,0.466,0.478,0.500,0.502,3.000,3.000,3.000,3.000,1.878,1.870,1.890,1.901,1.911,1.917,1.923,1.928,1.933,1.935,1.939,1.941,1.944,1.945,1.947,1.947,1.949,1.950,1.949,1.950,1.950,1.951,1.952,1.955,1.957,1.958,1.960,1.961,1.962,1.962,1.962,1.963,1.965,1.967,1.968,1.969,1.969,1.971,1.972,1.974,1.976,1.977,1.978,1.980,1.982,1.985,1.987,1.990,1.992,1.997,2.000,2.001,2.002,2.005,2.007,2.010,2.011,2.013,2.014,2.017,2.022,2.023,2.025,2.027,2.030,2.033,2.036,2.038,2.041,2.046,2.049,2.053,2.058,2.063,2.064,2.067,2.071,2.075,2.079,2.083,2.087,2.090,2.094,2.097,2.102,2.106,2.109,2.111,2.115,2.119,2.123,2.125,2.129,2.132,2.137,2.143,2.146,2.152,2.157,2.161,2.165,2.170,2.176,2.181,2.186,2.194,2.201,2.205,2.211,2.215,2.222,2.231,2.239,2.246,2.251,2.259,2.265,2.272,2.278,2.287,2.294,2.301,2.307,2.315,2.323,2.331,2.338,2.345,2.353,2.363,2.370,2.377,2.381,2.389,2.395,2.406,2.413,2.424,2.434,2.453,2.459,2.468,2.478,2.494,2.506,2.522,2.532,2.544,2.552,2.562,2.575,2.586,2.598,2.608,2.618,2.640,2.649,2.657,2.664,2.684,2.694,2.701,2.712,2.740,2.750,2.755,2.761,2.781,2.793,2.813,2.813,3.000,3.000,3.000,3.000,3.000,3.000,3.000,3.000,3.000,3.000,3.000,3.000,3.000,3.000,3.000,3.000,3.000,3.000,3.000,3.000,3.000,3.000,3.000,3.000,3.000,3.000,3.000,3.000,3.000,3.000
3.000,3.000,3.000,3.000,3.000,3.000,3.000,3.000,3.000,3.000,3.000,3.000,3.000,3.000,3.000,3.000,3.000,3.000,3.000,3.000,3.000,3.000,3.000,3.000,3.000,3.000,3.000,2.222,2.223,2.223,2.214,2.207,2.202,2.191,2.190,2.183,2.178,2.168,2.163,2.153,2.146,2.138,2.132,2.130,2.125,2.122,2.118,2.114,2.107,2.104,2.099,2.094,2.090,2.083,2.076,2.069,2.063,2.055,2.048,2.043,2.034,2.030,2.023,2.017,2.012,2.011,2.004,1.996,1.987,1.981,1.974,1.968,1.959,1.949,1.938,1.926,1.907,1.884,1.898,1.872,3.000,3.000,3.000,0.470,0.470,0.460,0.452,0.448,0.443,0.440,0.436,0.434,0.432,0.430,0.428,0.427,0.426,0.426,0.426,0.426,0.425,0.426,0.426,0.428,0.430,0.433,0.435,0.439,0.444,0.451,0.459,0.467,0.479,0.499,0.500,3.000,3.000,3.000,3.000,1.870,1.862,1.880,1.894,1.904,1.911,1.917,1.922,1.927,1.928,1.932,1.935,1.939,1.940,1.942,1.943,1.945,1.946,1.946,1.945,1.946,1.947,1.949,1.951,1.953,1.955,1.956,1.956,1.958,1.957,1.958,1.959,1.961,1.963,1.964,1.965,1.965,1.967,1.968,1.971,1.972,1.973,1.974,1.976,1.978,1.981,1.983,1.985,1.988,1.992,1.994,1.995,1.997,1.999,2.000,2.004,2.005,2.007,2.009,2.011,2.014,2.017,2.019,2.022,2.024,2.027,2.029,2.032,2.035,2.038,2.041,2.047,2.052,2.056,2.058,2.061,2.064,2.068,2.071,2.077,2.080,2.083,2.087,2.091,2.096,2.099,2.102,2.105,2.110,2.113,2.118,2.120,2.124,2.127,2.131,2.136,2.139,2.146,2.151,2.156,2.160,2.165,2.169,2.176,2.181,2.187,2.195,2.200,2.206,2.210,2.217,2.224,2.232,2.238,2.244,2.250,2.256,2.265,2.272,2.279,2.286,2.295,2.300,2.310,2.317,2.326,2.333,2.340,2.348,2.357,2.365,2.373,2.377,2.386,2.391,2.401,2.409,2.419,2.428,2.444,2.451,2.459,2.468,2.483,2.493,2.509,2.522,2.532,2.544,2.555,2.565,2.575,2.587,2.598,2.607,2.625,2.635,2.644,2.653,2.676,2.686,2.694,2.704,2.735,2.746,2.753,2.758,2.770,2.789,2.798,2.813,2.813,3.000,3.000,3.000,3.000,3.000,3.000,3.000,3.000,3.000,3.000,3.000,3.000,3.000,3.000,3.000,3.000,3.000,3.000,3.000,3.000,3.000,3.000,3.000,3.000,3.000,3.000,3.000,3.000,3.000
3.000,3.000,3.000,3.000,3.000,3.000,3.000,3.000,3.000,3.000,3.000,3.000,3.000,3.000,3.000,3.000,3.000,3.000,3.000,3.000,3.000,3.000,3.000,3.000,3.000,3.000,2.232,2.232,2.222,2.222,2.213,2.206,2.201,2.191,2.188,2.183,2.178,2.170,2.164,2.153,2.146,2.137,2.132,2.129,2.124,2.120,2.116,2.112,2.106,2.102,2.095,2.091,2.083,2.077,2.069,2.063,2.057,2.051,2.044,2.037,2.028,2.025,2.018,2.011,2.006,2.003,1.997,1.986,1.979,1.972,1.967,1.961,1.952,1.942,1.929,1.916,1.895,1.870,1.884,3.000,3.000,3.000,0.462,0.470,0.459,0.452,0.446,0.443,0.439,0.437,0.434,0.433,0.431,0.429,0.427,0.426,0.426,0.426,0.426,0.426,0.425,0.426,0.427,0.429,0.430,0.433,0.436,0.440,0.445,0.452,0.460,0.468,0.481,0.499,0.521,0.521,3.000,3.000,3.000,1.862,1.855,1.873,1.886,1.896,1.905,1.911,1.915,1.920,1.923,1.926,1.929,1.933,1.935,1.937,1.938,1.940,1.941,1.942,1.941,1.943,1.943,1.945,1.947,1.949,1.950,1.951,1.950,1.951,1.951,1.952,1.953,1.956,1.957,1.958,1.960,1.961,1.963,1.965,1.967,1.968,1.969,1.971,1.972,1.974,1.976,1.978,1.980,1.983,1.986,1.987,1.989,1.990,1.992,1.994,1.999,2.000,2.002,2.004,2.006,2.008,2.012,2.014,2.017,2.019,2.022,2.024,2.027,2.029,2.032,2.035,2.040,2.046,2.050,2.052,2.055,2.058,2.062,2.064,2.069,2.072,2.075,2.079,2.083,2.088,2.092,2.095,2.099,2.103,2.108,2.113,2.116,2.119,2.122,2.126,2.130,2.134,2.140,2.145,2.150,2.155,2.160,2.164,2.169,2.175,2.182,2.189,2.194,2.201,2.205,2.211,2.218,2.225,2.231,2.238,2.244,2.250,2.259,2.265,2.273,2.280,2.289,2.294,2.303,2.308,2.320,2.327,2.334,2.341,2.351,2.358,2.364,2.368,2.379,2.386,2.396,2.403,2.412,2.421,2.436,2.440,2.448,2.458,2.471,2.481,2.496,2.506,2.518,2.536,2.547,2.557,2.566,2.578,2.589,2.599,2.615,2.627,2.636,2.645,2.663,2.677,2.685,2.693,2.729,2.742,2.751,2.758,2.769,2.789,2.798,2.813,2.862,2.873,2.881,2.881,2.881,3.000,3.000,3.000,3.000,3.000,3.000,3.000,3.000,3.000,3.000,3.000,3.000,3.000,3.000,3.000,3.000,3.000,3.000,3.000,3.000,3.000,3.000,3.000,3.000,3.000
3.000,3.000,3.000,3.000,3.000,3.000,3.000,3.000,3.000,3.000,3.000,3.000,3.000,3.000,3.000,3.000,3.000,3.000,3.000,3.000,3.000,3.000,3.000,3.000,3.000,2.234,2.234,2.232,2.225,2.222,2.214,2.206,2.202,2.195,2.192,2.186,2.179,2.172,2.165,2.155,2.146,2.139,2.132,2.129,2.123,2.119,2.115,2.111,2.105,2.100,2.092,2.086,2.079,2.072,2.064,2.058,2.052,2.045,2.037,2.029,2.022,2.018,2.010,2.003,1.998,1.991,1.985,1.978,1.971,1.964,1.959,1.952,1.943,1.933,1.919,1.902,1.879,1.895,1.870,3.000,3.000,0.467,0.467,0.462,0.454,0.449,0.444,0.441,0.438,0.435,0.433,0.431,0.429,0.428,0.426,0.425,0.425,0.425,0.425,0.425,0.425,0.425,0.426,0.428,0.429,0.433,0.436,0.440,0.446,0.453,0.461,0.470,0.483,0.499,0.521,0.521,3.000,3.000,3.000,1.855,1.849,1.869,1.880,1.891,1.900,1.906,1.910,1.914,1.917,1.921,1.924,1.928,1.930,1.932,1.933,1.935,1.936,1.938,1.937,1.938,1.939,1.940,1.942,1.944,1.946,1.946,1.946,1.946,1.947,1.948,1.948,1.951,1.952,1.953,1.955,1.956,1.959,1.961,1.962,1.964,1.965,1.967,1.969,1.970,1.973,1.974,1.976,1.978,1.981,1.982,1.984,1.986,1.988,1.990,1.994,1.996,1.998,2.000,2.002,2.004,2.008,2.010,2.012,2.014,2.017,2.020,2.022,2.024,2.027,2.030,2.033,2.039,2.043,2.045,2.048,2.052,2.055,2.056,2.062,2.064,2.067,2.071,2.076,2.080,2.086,2.089,2.093,2.097,2.102,2.107,2.110,2.114,2.117,2.121,2.125,2.129,2.135,2.140,2.145,2.150,2.155,2.160,2.164,2.171,2.177,2.184,2.190,2.196,2.200,2.206,2.212,2.219,2.226,2.233,2.239,2.245,2.254,2.261,2.267,2.275,2.284,2.289,2.297,2.302,2.309,2.316,2.326,2.333,2.342,2.351,2.357,2.361,2.369,2.380,2.388,2.397,2.406,2.414,2.426,2.432,2.441,2.450,2.463,2.473,2.487,2.496,2.507,2.525,2.541,2.550,2.559,2.570,2.580,2.591,2.606,2.615,2.625,2.635,2.651,2.665,2.673,2.681,2.701,2.720,2.737,2.746,2.757,2.772,2.783,2.800,2.850,2.862,2.873,2.881,2.881,3.000,3.000,3.000,3.000,3.000,3.000,3.000,3.000,3.000,3.000,3.000,3.000,3.000,3.000,3.000,3.000,3.000,3.000,3.000,3.000,3.000,3.000,3.000,3.000,3.000
3.000,3.000,3.000,3.000,3.000,3.000,3.000,3.000,3.000,3.000,3.000,3.000,3.000,3.000,3.000,3.000,3.000,3.000,3.000,3.000,3.000,3.000,3.000,3.000,3.000,2.234,2.234,2.230,2.224,2.220,2.212,2.204,2.200,2.194,2.190,2.184,2.177,2.170,2.163,2.152,2.144,2.137,2.131,2.127,2.121,2.116,2.112,2.108,2.102,2.096,2.086,2.080,2.073,2.067,2.058,2.052,2.046,2.039,2.032,2.024,2.018,2.012,2.005,1.998,1.993,1.985,1.979,1.972,1.965,1.958,1.953,1.946,1.936,1.924,1.905,1.884,1.863,1.879,3.000,3.000,3.000,0.467,0.467,0.457,0.450,0.445,0.441,0.439,0.436,0.434,0.432,0.430,0.428,0.427,0.425,0.424,0.424,0.424,0.424,0.424,0.424,0.424,0.425,0.427,0.429,0.432,0.436,0.440,0.447,0.454,0.464,0.472,0.486,0.500,0.520,0.521,3.000,3.000,3.000,1.849,1.869,1.863,1.875,1.887,1.895,1.901,1.906,1.910,1.913,1.917,1.920,1.923,1.925,1.927,1.928,1.930,1.931,1.933,1.932,1.934,1.935,1.936,1.938,1.940,1.941,1.941,1.941,1.942,1.942,1.943,1.943,1.945,1.946,1.948,1.950,1.952,1.954,1.956,1.958,1.960,1.961,1.964,1.966,1.967,1.969,1.971,1.973,1.974,1.977,1.979,1.980,1.982,1.984,1.986,1.989,1.991,1.993,1.995,1.996,1.999,2.002,2.004,2.007,2.009,2.012,2.014,2.016,2.019,2.022,2.025,2.028,2.034,2.038,2.039,2.042,2.045,2.049,2.050,2.054,2.058,2.061,2.065,2.069,2.074,2.080,2.083,2.087,2.091,2.096,2.101,2.105,2.109,2.112,2.116,2.120,2.124,2.129,2.135,2.140,2.145,2.150,2.155,2.160,2.165,2.170,2.179,2.185,2.191,2.195,2.199,2.206,2.213,2.219,2.224,2.230,2.237,2.244,2.251,2.261,2.269,2.278,2.283,2.290,2.296,2.302,2.309,2.316,2.326,2.333,2.341,2.348,2.354,2.362,2.373,2.381,2.389,2.398,2.405,2.414,2.420,2.430,2.440,2.449,2.460,2.471,2.480,2.493,2.512,2.533,2.543,2.552,2.562,2.573,2.581,2.598,2.608,2.617,2.627,2.644,2.656,2.666,2.675,2.695,2.737,2.746,2.757,2.772,2.785,2.785,2.797,2.851,2.862,2.873,2.881,2.887,3.000,3.000,3.000,3.000,3.000,3.000,3.000,3.000,3.000,3.000,3.000,3.000,3.000,3.000,3.000,3.000,3.000,3.000,3.000,3.000,3.000,3.000,3.000,3.000,3.000
3.000,3.000,3.000,3.000,3.000,3.000,3.000,3.000,3.000,3.000,3.000,3.000,3.000,3.000,3.000,3.000,3.000,3.000,3.000,3.000,3.000,3.000,3.000,3.000,2.235,2.235,2.233,2.228,2.222,2.216,2.210,2.199,2.195,2.190,2.186,2.179,2.173,2.166,2.159,2.147,2.141,2.135,2.129,2.125,2.118,2.113,2.108,2.104,2.097,2.091,2.081,2.075,2.068,2.060,2.052,2.045,2.040,2.033,2.025,2.017,2.012,2.007,2.000,1.993,1.986,1.980,1.974,1.967,1.959,1.953,1.947,1.940,1.929,1.912,1.889,1.870,1.884,1.863,3.000,3.000,3.000,0.467,0.464,0.455,0.448,0.444,0.440,0.438,0.435,0.433,0.431,0.430,0.428,0.426,0.425,0.424,0.423,0.423,0.423,0.423,0.423,0.423,0.425,0.427,0.429,0.432,0.436,0.441,0.448,0.457,0.468,0.477,0.489,0.502,0.519,0.520,3.000,3.000,3.000,3.000,1.863,1.855,1.867,1.881,1.890,1.896,1.901,1.905,1.907,1.912,1.915,1.918,1.920,1.921,1.922,1.925,1.926,1.927,1.928,1.930,1.931,1.933,1.934,1.936,1.937,1.938,1.937,1.938,1.937,1.939,1.939,1.940,1.940,1.942,1.944,1.947,1.950,1.952,1.953,1.956,1.958,1.960,1.962,1.964,1.966,1.968,1.970,1.971,1.974,1.975,1.977,1.978,1.979,1.981,1.983,1.985,1.987,1.990,1.992,1.995,1.997,2.000,2.003,2.006,2.009,2.010,2.012,2.015,2.018,2.020,2.023,2.028,2.033,2.034,2.037,2.040,2.044,2.045,2.049,2.051,2.055,2.059,2.064,2.069,2.073,2.077,2.081,2.085,2.090,2.095,2.099,2.103,2.107,2.111,2.116,2.120,2.125,2.131,2.136,2.141,2.146,2.151,2.155,2.160,2.165,2.173,2.180,2.186,2.190,2.194,2.200,2.207,2.213,2.219,2.224,2.230,2.237,2.244,2.251,2.261,2.271,2.277,2.284,2.290,2.296,2.303,2.310,2.319,2.327,2.335,2.343,2.350,2.358,2.367,2.376,2.383,2.391,2.398,2.404,2.411,2.421,2.432,2.440,2.448,2.458,2.470,2.481,2.496,2.516,2.529,2.542,2.550,2.563,2.572,2.589,2.600,2.610,2.622,2.635,2.649,2.660,2.668,2.695,2.695,3.000,3.000,3.000,2.785,2.801,2.801,2.853,2.862,2.879,2.887,2.889,3.000,3.000,3.000,3.000,3.000,3.000,3.000,3.000,3.000,3.000,3.000,3.000,3.000,3.000,3.000,3.000,3.000,3.000,3.000,3.000,3.000,3.000,3.000,3.000,3.000
3.000,3.000,3.000,3.000,3.000,3.000,3.000,3.000,3.000,3.000,3.000,3.000,3.000,3.000,3.000,3.000,3.000,3.000,3.000,3.000,3.000,3.000,3.000,3.000,2.238,2.235,2.232,2.227,2.221,2.214,2.207,2.196,2.191,2.185,2.181,2.173,2.166,2.156,2.149,2.139,2.134,2.128,2.123,2.118,2.112,2.108,2.103,2.097,2.087,2.081,2.074,2.067,2.060,2.050,2.045,2.038,2.034,2.026,2.018,2.011,2.006,2.000,1.994,1.988,1.979,1.973,1.966,1.959,1.952,1.946,1.939,1.932,1.919,1.901,1.876,1.889,1.870,3.000,3.000,3.000,3.000,0.464,0.461,0.453,0.447,0.443,0.439,0.436,0.434,0.432,0.431,0.429,0.427,0.426,0.424,0.422,0.422,0.422,0.422,0.422,0.422,0.422,0.424,0.427,0.429,0.433,0.437,0.443,0.451,0.461,0.471,0.481,0.491,0.504,0.520,0.521,3.000,3.000,3.000,3.000,1.855,1.847,1.860,1.874,1.884,1.891,1.897,1.901,1.903,1.907,1.910,1.914,1.914,1.917,1.918,1.921,1.921,1.923,1.924,1.927,1.927,1.929,1.930,1.932,1.933,1.933,1.933,1.933,1.931,1.931,1.932,1.932,1.934,1.936,1.939,1.942,1.944,1.946,1.947,1.951,1.953,1.955,1.957,1.958,1.960,1.961,1.963,1.965,1.966,1.970,1.971,1.973,1.974,1.976,1.978,1.979,1.982,1.985,1.987,1.990,1.993,1.994,1.997,2.001,2.004,2.005,2.007,2.010,2.013,2.015,2.018,2.023,2.026,2.027,2.029,2.034,2.037,2.040,2.042,2.046,2.050,2.054,2.059,2.063,2.067,2.071,2.075,2.079,2.084,2.089,2.094,2.097,2.101,2.105,2.110,2.115,2.119,2.124,2.131,2.136,2.141,2.145,2.149,2.155,2.159,2.166,2.173,2.180,2.184,2.188,2.194,2.199,2.207,2.213,2.218,2.223,2.230,2.237,2.244,2.251,2.260,2.270,2.277,2.283,2.289,2.295,2.303,2.311,2.318,2.323,2.335,2.344,2.353,2.361,2.369,2.376,2.383,2.391,2.397,2.404,2.413,2.424,2.434,2.441,2.452,2.464,2.474,2.488,2.508,2.520,2.530,2.539,2.550,2.559,2.579,2.591,2.602,2.615,2.629,2.643,2.652,2.661,2.668,3.000,3.000,3.000,3.000,3.000,2.801,2.853,2.837,2.858,2.878,2.889,2.889,3.000,3.000,3.000,3.000,3.000,3.000,3.000,3.000,3.000,3.000,3.000,3.000,3.000,3.000,3.000,3.000,3.000,3.000,3.000,3.000,3.000,3.000,3.000,3.000,3.000
3.000,3.000,3.000,3.000,3.000,3.000,3.000,3.000,3.000,3.000,3.000,3.000,3.000,3.000,3.000,3.000,3.000,3.000,3.000,3.000,3.000,3.000,3.000,3.000,2.238,2.238,2.234,2.228,2.221,2.213,2.206,2.192,2.187,2.181,2.176,2.165,2.159,2.150,2.142,2.134,2.129,2.124,2.119,2.114,2.108,2.103,2.096,2.091,2.081,2.074,2.068,2.061,2.054,2.045,2.040,2.034,2.030,2.022,2.014,2.007,2.001,1.995,1.988,1.979,1.972,1.965,1.960,1.953,1.945,1.939,1.932,1.923,1.907,1.892,1.901,1.876,3.000,3.000,3.000,3.000,3.000,0.461,0.457,0.450,0.444,0.441,0.437,0.435,0.433,0.431,0.429,0.427,0.426,0.424,0.422,0.421,0.420,0.420,0.421,0.421,0.421,0.422,0.425,0.427,0.430,0.434,0.439,0.445,0.455,0.465,0.474,0.483,0.493,0.505,0.521,0.522,3.000,3.000,3.000,3.000,1.847,1.843,1.856,1.869,1.879,1.886,1.891,1.896,1.898,1.902,1.905,1.909,1.908,1.911,1.912,1.915,1.916,1.918,1.919,1.922,1.923,1.925,1.927,1.929,1.929,1.929,1.929,1.928,1.926,1.925,1.925,1.926,1.928,1.930,1.933,1.937,1.940,1.942,1.942,1.945,1.948,1.950,1.951,1.953,1.954,1.956,1.957,1.959,1.960,1.961,1.962,1.965,1.969,1.971,1.972,1.974,1.977,1.980,1.982,1.985,1.988,1.989,1.992,1.995,1.997,1.999,2.001,2.004,2.008,2.010,2.013,2.018,2.021,2.022,2.024,2.029,2.032,2.035,2.037,2.041,2.045,2.050,2.054,2.059,2.063,2.067,2.071,2.074,2.080,2.085,2.090,2.093,2.096,2.099,2.105,2.109,2.114,2.118,2.124,2.131,2.136,2.140,2.144,2.148,2.153,2.159,2.164,2.172,2.177,2.182,2.187,2.193,2.200,2.207,2.213,2.217,2.223,2.231,2.237,2.244,2.252,2.259,2.267,2.274,2.279,2.283,2.294,2.302,2.309,2.314,2.323,2.335,2.346,2.355,2.363,2.368,2.377,2.384,2.391,2.397,2.406,2.419,2.429,2.436,2.448,2.459,2.469,2.483,2.502,2.512,2.523,2.532,2.541,2.550,2.572,2.583,2.596,2.606,2.623,2.637,2.645,2.653,2.661,3.000,3.000,3.000,3.000,3.000,3.000,2.837,2.817,2.840,2.864,2.884,2.889,3.000,3.000,3.000,3.000,3.000,3.000,3.000,3.000,3.000,3.000,3.000,3.000,3.000,3.000,3.000,3.000,3.000,3.000,3.000,3.000,3.000,3.000,3.000,3.000,3.000
3.000,3.000,3.000,3.000,3.000,3.000,3.000,3.000,3.000,3.000,3.000,3.000,3.000,3.000,3.000,3.000,3.000,3.000,3.000,3.000,3.000,3.000,3.000,2.237,2.238,2.237,2.232,2.224,2.218,2.210,2.202,2.187,2.183,2.175,2.168,2.159,2.152,2.145,2.137,2.129,2.124,2.119,2.115,2.110,2.104,2.099,2.091,2.084,2.076,2.069,2.063,2.056,2.048,2.041,2.036,2.030,2.026,2.018,2.010,2.004,1.998,1.992,1.985,1.976,1.968,1.961,1.954,1.948,1.939,1.932,1.923,1.913,1.898,1.883,1.892,3.000,3.000,3.000,3.000,3.000,0.461,0.461,0.453,0.446,0.442,0.438,0.435,0.433,0.431,0.429,0.427,0.426,0.424,0.423,0.421,0.420,0.419,0.419,0.420,0.420,0.421,0.422,0.425,0.428,0.431,0.435,0.441,0.449,0.458,0.467,0.476,0.485,0.494,0.507,0.522,0.523,3.000,3.000,3.000,3.000,1.843,1.839,1.851,1.864,1.875,1.881,1.887,1.891,1.894,1.898,1.901,1.904,1.904,1.907,1.908,1.911,1.912,1.914,1.915,1.917,1.918,1.921,1.923,1.925,1.925,1.925,1.925,1.923,1.921,1.921,1.921,1.922,1.925,1.927,1.930,1.933,1.936,1.938,1.937,1.940,1.940,1.942,1.943,1.947,1.949,1.950,1.952,1.953,1.954,1.955,1.957,1.960,1.963,1.965,1.965,1.967,1.971,1.975,1.978,1.981,1.983,1.984,1.986,1.990,1.993,1.994,1.997,1.999,2.003,2.005,2.008,2.014,2.016,2.018,2.019,2.022,2.027,2.030,2.033,2.036,2.040,2.044,2.048,2.052,2.056,2.062,2.065,2.069,2.073,2.079,2.085,2.087,2.091,2.094,2.099,2.104,2.109,2.113,2.119,2.126,2.132,2.136,2.140,2.143,2.148,2.153,2.157,2.164,2.169,2.174,2.179,2.185,2.191,2.201,2.206,2.211,2.217,2.224,2.230,2.236,2.245,2.251,2.257,2.263,2.269,2.274,2.281,2.288,2.300,2.305,2.314,2.324,2.336,2.343,2.350,2.357,2.367,2.374,2.380,2.383,2.396,2.410,2.421,2.429,2.440,2.453,2.462,2.476,2.492,2.501,2.511,2.521,2.532,2.542,2.566,2.596,2.606,2.623,2.637,2.645,2.641,2.646,2.653,3.000,3.000,3.000,3.000,3.000,3.000,2.817,2.809,2.832,2.884,2.884,2.884,3.000,3.000,3.000,3.000,3.000,3.000,3.000,3.000,3.000,3.000,3.000,3.000,3.000,3.000,3.000,3.000,3.000,3.000,3.000,3.000,3.000,3.000,3.000,3.000,3.000
3.000,3.000,3.000,3.000,3.000,3.000,3.000,3.000,3.000,3.000,3.000,3.000,3.000,3.000,3.000,3.000,3.000,3.000,3.000,3.000,3.000,3.000,2.236,2.237,2.237,2.231,2.225,2.219,2.212,2.201,2.190,2.181,2.177,2.170,2.164,2.154,2.148,2.142,2.134,2.126,2.122,2.117,2.112,2.106,2.101,2.095,2.087,2.079,2.069,2.063,2.058,2.052,2.044,2.037,2.032,2.027,2.023,2.013,2.007,2.001,1.996,1.990,1.984,1.975,1.967,1.959,1.952,1.945,1.936,1.927,1.917,1.905,1.891,1.871,1.883,3.000,3.000,3.000,3.000,3.000,0.461,0.461,0.451,0.445,0.440,0.437,0.433,0.431,0.429,0.427,0.426,0.424,0.423,0.421,0.420,0.419,0.418,0.419,0.419,0.420,0.421,0.421,0.425,0.429,0.432,0.437,0.445,0.452,0.460,0.470,0.479,0.487,0.497,0.509,0.523,0.525,3.000,3.000,3.000,3.000,1.839,1.835,1.847,1.859,1.871,1.877,1.882,1.887,1.890,1.894,1.897,1.900,1.901,1.904,1.905,1.908,1.909,1.911,1.912,1.914,1.915,1.916,1.919,1.922,1.922,1.922,1.922,1.921,1.919,1.918,1.918,1.920,1.923,1.925,1.928,1.931,1.933,1.935,1.934,1.935,1.935,1.937,1.939,1.943,1.944,1.944,1.946,1.948,1.949,1.950,1.952,1.955,1.958,1.961,1.960,1.962,1.965,1.970,1.974,1.977,1.980,1.980,1.983,1.986,1.988,1.990,1.993,1.996,1.999,2.001,2.003,2.007,2.010,2.012,2.014,2.017,2.021,2.026,2.029,2.032,2.036,2.039,2.043,2.047,2.052,2.058,2.061,2.065,2.068,2.073,2.079,2.082,2.085,2.089,2.094,2.098,2.103,2.108,2.113,2.120,2.127,2.131,2.135,2.139,2.143,2.147,2.151,2.157,2.162,2.167,2.172,2.179,2.184,2.191,2.199,2.204,2.210,2.216,2.220,2.229,2.236,2.241,2.248,2.254,2.261,2.266,2.273,2.280,2.292,2.298,2.308,2.315,2.327,2.335,2.342,2.347,2.357,2.362,2.367,2.371,2.379,2.394,2.412,2.421,2.431,2.444,2.455,2.466,2.481,2.490,2.501,2.510,2.520,2.566,2.566,2.566,3.000,3.000,3.000,2.641,2.646,2.646,2.646,3.000,3.000,3.000,3.000,3.000,3.000,2.809,2.832,2.832,2.832,3.000,3.000,3.000,3.000,3.000,3.000,3.000,3.000,3.000,3.000,3.000,3.000,3.000,3.000,3.000,3.000,3.000,3.000,3.000,3.000,3.000,3.000,3.000,3.000,3.000,3.000,3.000
3.000,3.000,3.000,3.000,3.000,3.000,3.000,3.000,3.000,3.000,3.000,3.000,3.000,3.000,3.000,3.000,3.000,3.000,3.000,3.000,3.000,2.238,2.238,2.236,2.233,2.227,2.221,2.214,2.206,2.196,2.185,2.177,2.172,2.165,2.157,2.149,2.143,2.137,2.130,2.123,2.118,2.113,2.109,2.102,2.097,2.091,2.082,2.075,2.065,2.059,2.054,2.048,2.040,2.033,2.029,2.023,2.019,2.008,2.002,1.997,1.993,1.987,1.980,1.972,1.965,1.958,1.951,1.942,1.932,1.922,1.911,1.899,1.884,1.864,1.871,3.000,3.000,3.000,3.000,0.464,0.464,0.455,0.447,0.442,0.437,0.435,0.431,0.430,0.428,0.426,0.424,0.423,0.422,0.420,0.419,0.418,0.418,0.418,0.419,0.420,0.421,0.422,0.427,0.431,0.435,0.442,0.448,0.455,0.464,0.473,0.481,0.489,0.498,0.510,0.525,0.527,3.000,3.000,3.000,3.000,1.835,1.832,1.844,1.854,1.867,1.873,1.878,1.883,1.886,1.889,1.892,1.894,1.897,1.899,1.901,1.904,1.905,1.907,1.908,1.909,1.910,1.912,1.915,1.917,1.918,1.918,1.919,1.917,1.916,1.916,1.916,1.917,1.921,1.923,1.926,1.928,1.930,1.931,1.929,1.931,1.931,1.932,1.934,1.937,1.939,1.939,1.941,1.943,1.944,1.945,1.947,1.951,1.953,1.956,1.955,1.958,1.961,1.967,1.970,1.973,1.976,1.976,1.979,1.982,1.984,1.986,1.988,1.992,1.995,1.998,2.000,2.003,2.005,2.007,2.009,2.012,2.017,2.020,2.024,2.028,2.032,2.035,2.039,2.043,2.048,2.054,2.057,2.061,2.065,2.069,2.073,2.078,2.081,2.085,2.089,2.094,2.099,2.104,2.109,2.115,2.121,2.126,2.130,2.134,2.138,2.142,2.146,2.151,2.156,2.162,2.167,2.172,2.178,2.185,2.191,2.197,2.204,2.208,2.212,2.219,2.228,2.234,2.239,2.244,2.252,2.258,2.265,2.273,2.282,2.291,2.301,2.308,2.317,2.326,2.333,2.338,2.344,2.352,2.358,2.359,2.368,2.412,2.421,2.431,2.444,2.455,2.466,2.481,2.490,2.501,2.510,2.520,2.520,2.520,3.000,3.000,3.000,3.000,3.000,3.000,3.000,3.000,3.000,3.000,3.000,3.000,3.000,3.000,3.000,3.000,3.000,3.000,3.000,3.000,3.000,3.000,3.000,3.000,3.000,3.000,3.000,3.000,3.000,3.000,3.000,3.000,3.000,3.000,3.000,3.000,3.000,3.000,3.000,3.000,3.000,3.000,3.000,3.000,3.000,3.000
3.000,3.000,3.000,3.000,3.000,3.000,3.000,3.000,3.000,3.000,3.000,3.000,3.000,3.000,3.000,3.000,3.000,3.000,3.000,3.000,2.252,2.252,2.238,2.237,2.232,2.225,2.219,2.211,2.201,2.188,2.181,2.174,2.169,2.161,2.153,2.145,2.139,2.134,2.126,2.119,2.114,2.109,2.105,2.098,2.092,2.084,2.077,2.069,2.060,2.055,2.049,2.044,2.036,2.028,2.024,2.017,2.011,2.003,1.997,1.993,1.989,1.983,1.977,1.968,1.963,1.955,1.948,1.940,1.928,1.918,1.907,1.893,1.876,1.884,1.864,3.000,3.000,3.000,0.473,0.473,0.464,0.450,0.443,0.439,0.435,0.433,0.430,0.428,0.426,0.425,0.423,0.422,0.421,0.420,0.419,0.419,0.418,0.419,0.420,0.421,0.423,0.425,0.429,0.434,0.439,0.445,0.451,0.458,0.467,0.475,0.482,0.490,0.499,0.512,0.527,0.531,3.000,3.000,3.000,3.000,1.832,1.829,1.840,1.849,1.859,1.867,1.873,1.877,1.880,1.884,1.887,1.889,1.892,1.894,1.895,1.898,1.900,1.902,1.903,1.904,1.906,1.908,1.911,1.913,1.913,1.913,1.914,1.913,1.912,1.912,1.911,1.914,1.919,1.922,1.924,1.926,1.927,1.928,1.924,1.926,1.926,1.928,1.930,1.932,1.934,1.934,1.936,1.938,1.939,1.941,1.943,1.945,1.949,1.952,1.952,1.954,1.958,1.963,1.966,1.969,1.972,1.972,1.976,1.977,1.981,1.982,1.985,1.988,1.992,1.994,1.997,1.999,2.002,2.004,2.005,2.009,2.013,2.017,2.020,2.023,2.028,2.031,2.034,2.039,2.044,2.048,2.053,2.057,2.061,2.065,2.069,2.073,2.077,2.081,2.086,2.090,2.095,2.100,2.105,2.111,2.117,2.122,2.126,2.130,2.134,2.138,2.142,2.147,2.152,2.157,2.162,2.168,2.173,2.180,2.186,2.191,2.197,2.202,2.206,2.212,2.221,2.227,2.231,2.236,2.246,2.252,2.258,2.267,2.275,2.284,2.295,2.300,2.310,2.317,2.326,2.331,2.337,2.345,2.350,2.351,2.368,2.368,3.000,3.000,3.000,3.000,3.000,3.000,3.000,3.000,3.000,3.000,3.000,3.000,3.000,3.000,3.000,3.000,3.000,3.000,3.000,3.000,3.000,3.000,3.000,3.000,3.000,3.000,3.000,3.000,3.000,3.000,3.000,3.000,3.000,3.000,3.000,3.000,3.000,3.000,3.000,3.000,3.000,3.000,3.000,3.000,3.000,3.000,3.000,3.000,3.000,3.000,3.000,3.000,3.000,3.000,3.000,3.000,3.000,3.000
3.000,3.000,3.000,3.000,3.000,3.000,3.000,3.000,3.000,3.000,3.000,3.000,3.000,3.000,3.000,3.000,3.000,3.000,3.000,2.253,2.253,2.252,2.240,2.237,2.230,2.223,2.216,2.208,2.194,2.185,2.179,2.172,2.167,2.159,2.151,2.141,2.135,2.129,2.122,2.114,2.109,2.104,2.098,2.092,2.086,2.079,2.071,2.064,2.055,2.050,2.044,2.038,2.031,2.023,2.018,2.013,2.008,2.000,1.994,1.990,1.985,1.980,1.974,1.966,1.960,1.952,1.945,1.936,1.924,1.914,1.902,1.887,1.868,1.876,3.000,3.000,3.000,3.000,0.473,0.473,0.459,0.448,0.442,0.438,0.434,0.432,0.429,0.427,0.426,0.424,0.422,0.421,0.421,0.420,0.419,0.419,0.419,0.420,0.421,0.422,0.425,0.428,0.432,0.438,0.443,0.449,0.457,0.463,0.469,0.477,0.484,0.491,0.501,0.514,0.531,0.536,3.000,3.000,3.000,1.809,1.829,1.826,1.837,1.846,1.856,1.862,1.869,1.873,1.876,1.878,1.882,1.884,1.886,1.888,1.891,1.893,1.895,1.897,1.898,1.899,1.900,1.902,1.906,1.907,1.907,1.907,1.908,1.906,1.901,1.899,1.900,1.907,1.916,1.918,1.921,1.922,1.923,1.924,1.918,1.919,1.920,1.922,1.924,1.927,1.929,1.930,1.931,1.933,1.933,1.934,1.938,1.940,1.943,1.947,1.946,1.950,1.952,1.958,1.961,1.963,1.967,1.968,1.972,1.974,1.976,1.978,1.981,1.984,1.988,1.991,1.993,1.996,1.998,2.000,2.002,2.005,2.009,2.012,2.014,2.018,2.023,2.026,2.028,2.031,2.038,2.043,2.047,2.052,2.056,2.060,2.064,2.068,2.071,2.077,2.081,2.086,2.090,2.096,2.101,2.106,2.113,2.118,2.122,2.126,2.130,2.133,2.137,2.142,2.147,2.152,2.156,2.163,2.168,2.174,2.180,2.186,2.191,2.197,2.201,2.207,2.215,2.220,2.225,2.230,2.238,2.246,2.253,2.262,2.270,2.278,2.285,2.293,2.301,2.310,2.317,2.323,2.328,2.332,2.338,2.342,2.351,3.000,3.000,3.000,3.000,3.000,3.000,3.000,3.000,3.000,3.000,3.000,3.000,3.000,3.000,3.000,3.000,3.000,3.000,3.000,3.000,3.000,3.000,3.000,3.000,3.000,3.000,3.000,3.000,3.000,3.000,3.000,3.000,3.000,3.000,3.000,3.000,3.000,3.000,3.000,3.000,3.000,3.000,3.000,3.000,3.000,3.000,3.000,3.000,3.000,3.000,3.000,3.000,3.000,3.000,3.000,3.000,3.000,3.000,3.000
3.000,3.000,3.000,3.000,3.000,3.000,3.000,3.000,3.000,3.000,3.000,3.000,3.000,3.000,3.000,3.000,3.000,3.000,2.261,2.261,2.253,2.246,2.237,2.234,2.225,2.220,2.213,2.204,2.193,2.185,2.180,2.174,2.169,2.160,2.151,2.140,2.133,2.127,2.118,2.107,2.104,2.097,2.091,2.086,2.079,2.072,2.065,2.058,2.050,2.045,2.039,2.033,2.024,2.018,2.014,2.009,2.005,1.997,1.991,1.987,1.983,1.976,1.970,1.962,1.956,1.949,1.941,1.930,1.918,1.908,1.896,1.879,1.860,1.868,3.000,3.000,3.000,3.000,0.473,0.465,0.454,0.445,0.440,0.436,0.433,0.431,0.429,0.427,0.425,0.424,0.422,0.421,0.420,0.419,0.419,0.419,0.419,0.420,0.421,0.423,0.426,0.429,0.434,0.441,0.446,0.452,0.460,0.465,0.472,0.479,0.486,0.493,0.505,0.518,0.536,0.541,3.000,3.000,3.000,1.809,1.809,1.824,1.835,1.843,1.853,1.859,1.866,1.869,1.872,1.875,1.878,1.881,1.883,1.884,1.887,1.889,1.892,1.893,1.894,1.895,1.897,1.897,1.900,1.901,1.900,1.897,1.896,1.892,1.891,1.884,1.884,1.916,1.918,1.921,1.922,1.923,1.924,1.924,1.924,1.907,1.908,1.911,1.917,1.922,1.924,1.925,1.927,1.929,1.929,1.930,1.932,1.935,1.937,1.942,1.941,1.944,1.947,1.951,1.955,1.958,1.961,1.964,1.968,1.970,1.973,1.974,1.977,1.979,1.984,1.987,1.990,1.992,1.995,1.996,1.997,1.999,2.003,2.006,2.008,2.011,2.017,2.019,2.022,2.025,2.031,2.037,2.041,2.046,2.049,2.053,2.058,2.062,2.066,2.070,2.075,2.079,2.084,2.088,2.095,2.101,2.107,2.113,2.117,2.121,2.124,2.127,2.131,2.137,2.141,2.147,2.150,2.158,2.163,2.169,2.174,2.181,2.186,2.191,2.196,2.203,2.211,2.217,2.221,2.226,2.235,2.243,2.249,2.258,2.265,2.273,2.281,2.287,2.295,2.303,2.311,2.318,2.324,2.327,2.333,2.337,2.342,3.000,3.000,3.000,3.000,3.000,3.000,3.000,3.000,3.000,3.000,3.000,3.000,3.000,3.000,3.000,3.000,3.000,3.000,3.000,3.000,3.000,3.000,3.000,3.000,3.000,3.000,3.000,3.000,3.000,3.000,3.000,3.000,3.000,3.000,3.000,3.000,3.000,3.000,3.000,3.000,3.000,3.000,3.000,3.000,3.000,3.000,3.000,3.000,3.000,3.000,3.000,3.000,3.000,3.000,3.000,3.000,3.000,3.000,3.000
3.000,3.000,3.000,3.000,3.000,3.000,3.000,3.000,3.000,3.000,3.000,3.000,3.000,3.000,3.000,3.000,3.000,3.000,2.261,2.261,2.249,2.241,2.232,2.226,2.219,2.214,2.206,2.200,2.190,2.183,2.178,2.173,2.168,2.159,2.151,2.138,2.130,2.124,2.115,2.102,2.097,2.093,2.087,2.081,2.071,2.067,2.060,2.054,2.046,2.041,2.034,2.028,2.019,2.014,2.009,2.005,2.000,1.994,1.989,1.984,1.980,1.973,1.967,1.960,1.953,1.946,1.936,1.925,1.912,1.901,1.888,1.871,1.852,1.860,3.000,3.000,3.000,3.000,0.465,0.461,0.451,0.444,0.439,0.436,0.433,0.431,0.429,0.427,0.425,0.423,0.422,0.421,0.420,0.419,0.419,0.419,0.419,0.420,0.422,0.424,0.427,0.431,0.436,0.444,0.450,0.458,0.464,0.468,0.474,0.481,0.488,0.496,0.509,0.522,0.541,0.541,3.000,3.000,3.000,1.809,1.805,1.821,1.830,1.838,1.848,1.853,1.859,1.864,1.867,1.870,1.874,1.876,1.878,1.880,1.882,1.884,1.887,1.888,1.889,1.890,1.891,1.890,1.892,1.892,1.890,1.884,1.887,1.896,1.892,1.891,1.884,1.884,3.000,3.000,3.000,3.000,3.000,3.000,1.907,1.908,1.911,1.917,1.922,1.924,1.921,1.922,1.923,1.926,1.926,1.927,1.928,1.932,1.934,1.937,1.937,1.940,1.944,1.947,1.951,1.954,1.957,1.960,1.964,1.966,1.969,1.970,1.972,1.975,1.978,1.981,1.984,1.986,1.990,1.990,1.991,1.994,1.999,2.002,2.004,2.007,2.012,2.015,2.017,2.020,2.025,2.031,2.035,2.040,2.043,2.047,2.051,2.057,2.061,2.065,2.069,2.073,2.079,2.083,2.088,2.095,2.100,2.108,2.112,2.116,2.118,2.122,2.126,2.131,2.136,2.141,2.145,2.152,2.158,2.164,2.169,2.175,2.180,2.187,2.192,2.199,2.206,2.212,2.216,2.221,2.228,2.237,2.243,2.251,2.258,2.267,2.273,2.281,2.290,2.297,2.306,2.313,2.319,2.323,2.329,2.333,2.337,3.000,3.000,3.000,3.000,3.000,3.000,3.000,3.000,3.000,3.000,3.000,3.000,3.000,3.000,3.000,3.000,3.000,3.000,3.000,3.000,3.000,3.000,3.000,3.000,3.000,3.000,3.000,3.000,3.000,3.000,3.000,3.000,3.000,3.000,3.000,3.000,3.000,3.000,3.000,3.000,3.000,3.000,3.000,3.000,3.000,3.000,3.000,3.000,3.000,3.000,3.000,3.000,3.000,3.000,3.000,3.000,3.000,3.000,3.000
3.000,3.000,3.000,3.000,3.000,3.000,3.000,3.000,3.000,3.000,3.000,3.000,3.000,3.000,3.000,3.000,3.000,3.000,2.261,2.246,2.240,2.233,2.224,2.220,2.210,2.205,2.199,2.194,2.187,2.181,2.177,2.171,2.166,2.157,2.150,2.138,2.129,2.122,2.109,2.100,2.095,2.090,2.085,2.078,2.067,2.062,2.056,2.051,2.043,2.037,2.029,2.021,2.013,2.009,2.005,2.001,1.995,1.989,1.985,1.981,1.978,1.971,1.965,1.958,1.951,1.944,1.934,1.922,1.907,1.896,1.880,1.863,1.871,1.852,3.000,3.000,3.000,0.469,0.469,0.459,0.450,0.443,0.439,0.436,0.433,0.431,0.429,0.427,0.425,0.423,0.421,0.420,0.419,0.419,0.419,0.419,0.420,0.421,0.423,0.425,0.429,0.432,0.439,0.447,0.455,0.461,0.467,0.471,0.476,0.483,0.491,0.501,0.514,0.528,0.541,0.541,3.000,3.000,3.000,1.805,1.797,1.816,1.826,1.833,1.842,1.847,1.853,1.858,1.862,1.865,1.868,1.871,1.873,1.874,1.875,1.877,1.879,1.878,1.880,1.882,1.884,1.882,1.886,1.885,1.882,1.890,1.887,1.887,3.000,3.000,3.000,3.000,3.000,3.000,3.000,3.000,3.000,3.000,3.000,3.000,3.000,3.000,3.000,1.921,1.922,1.923,1.921,1.923,1.924,1.924,1.926,1.929,1.930,1.934,1.934,1.938,1.940,1.944,1.947,1.950,1.953,1.956,1.959,1.962,1.964,1.966,1.968,1.971,1.973,1.976,1.979,1.981,1.984,1.985,1.987,1.990,1.993,1.997,2.000,2.003,2.008,2.011,2.013,2.016,2.021,2.027,2.031,2.036,2.039,2.044,2.047,2.053,2.058,2.061,2.064,2.068,2.073,2.078,2.083,2.089,2.094,2.101,2.107,2.111,2.114,2.118,2.122,2.127,2.132,2.137,2.142,2.149,2.155,2.161,2.166,2.172,2.177,2.183,2.188,2.194,2.199,2.205,2.210,2.216,2.222,2.231,2.236,2.244,2.250,2.261,2.268,2.276,2.285,2.292,2.299,2.308,2.315,2.319,2.326,2.330,2.333,2.329,3.000,3.000,3.000,3.000,3.000,3.000,3.000,3.000,3.000,3.000,3.000,3.000,3.000,3.000,3.000,3.000,3.000,3.000,3.000,3.000,3.000,3.000,3.000,3.000,3.000,3.000,3.000,3.000,3.000,3.000,3.000,3.000,3.000,3.000,3.000,3.000,3.000,3.000,3.000,3.000,3.000,3.000,3.000,3.000,3.000,3.000,3.000,3.000,3.000,3.000,3.000,3.000,3.000,3.000,3.000,3.000,3.000,3.000
3.000,3.000,3.000,3.000,3.000,3.000,3.000,3.000,3.000,3.000,3.000,3.000,3.000,3.000,3.000,3.000,3.000,3.000,2.250,2.248,2.240,2.231,2.221,2.215,2.207,2.201,2.192,2.188,2.183,2.177,2.173,2.165,2.160,2.149,2.142,2.133,2.124,2.116,2.104,2.096,2.091,2.086,2.080,2.071,2.063,2.058,2.053,2.048,2.040,2.033,2.023,2.014,2.006,2.002,1.998,1.996,1.991,1.987,1.983,1.980,1.977,1.970,1.964,1.957,1.950,1.944,1.932,1.919,1.903,1.891,1.875,1.856,1.863,3.000,3.000,3.000,3.000,0.469,0.469,0.456,0.448,0.443,0.439,0.436,0.433,0.431,0.429,0.427,0.425,0.423,0.421,0.420,0.419,0.419,0.419,0.419,0.420,0.422,0.424,0.426,0.430,0.435,0.441,0.450,0.458,0.464,0.469,0.473,0.479,0.486,0.496,0.505,0.519,0.534,0.545,3.000,3.000,3.000,1.764,1.797,1.795,1.813,1.823,1.830,1.837,1.842,1.848,1.854,1.857,1.861,1.864,1.866,1.868,1.869,1.869,1.870,1.871,1.870,1.870,1.871,1.875,1.874,1.880,1.886,1.885,1.882,3.000,3.000,3.000,3.000,3.000,3.000,3.000,3.000,3.000,3.000,3.000,3.000,3.000,3.000,3.000,3.000,3.000,3.000,3.000,1.921,1.923,1.924,1.922,1.920,1.921,1.922,1.924,1.928,1.929,1.932,1.935,1.939,1.942,1.946,1.949,1.951,1.955,1.958,1.960,1.962,1.963,1.966,1.968,1.972,1.974,1.976,1.979,1.981,1.983,1.986,1.990,1.994,1.997,1.999,2.004,2.007,2.009,2.012,2.017,2.023,2.025,2.031,2.034,2.039,2.042,2.049,2.053,2.057,2.059,2.063,2.068,2.072,2.076,2.082,2.087,2.093,2.098,2.103,2.108,2.112,2.116,2.121,2.125,2.131,2.137,2.144,2.150,2.156,2.161,2.166,2.172,2.178,2.183,2.187,2.192,2.198,2.203,2.208,2.214,2.222,2.229,2.235,2.243,2.254,2.260,2.268,2.279,2.286,2.293,2.300,2.308,2.312,2.320,2.324,2.329,2.329,3.000,3.000,3.000,3.000,3.000,3.000,3.000,3.000,3.000,3.000,3.000,3.000,3.000,3.000,3.000,3.000,3.000,3.000,3.000,3.000,3.000,3.000,3.000,3.000,3.000,3.000,3.000,3.000,3.000,3.000,3.000,3.000,3.000,3.000,3.000,3.000,3.000,3.000,3.000,3.000,3.000,3.000,3.000,3.000,3.000,3.000,3.000,3.000,3.000,3.000,3.000,3.000,3.000,3.000,3.000,3.000,3.000,3.000
3.000,3.000,3.000,3.000,3.000,3.000,3.000,3.000,3.000,3.000,3.000,3.000,3.000,3.000,3.000,3.000,3.000,2.261,2.261,2.250,2.242,2.228,2.217,2.209,2.203,2.197,2.188,2.181,2.175,2.169,2.166,2.153,2.147,2.141,2.132,2.125,2.117,2.110,2.099,2.092,2.087,2.079,2.074,2.067,2.058,2.051,2.047,2.042,2.035,2.026,2.017,2.009,2.002,1.998,1.994,1.992,1.988,1.984,1.980,1.977,1.974,1.969,1.962,1.956,1.949,1.942,1.929,1.913,1.899,1.887,1.869,1.846,1.856,3.000,3.000,3.000,3.000,0.469,0.462,0.452,0.446,0.441,0.438,0.435,0.433,0.431,0.428,0.426,0.425,0.423,0.421,0.420,0.419,0.419,0.419,0.420,0.422,0.423,0.426,0.429,0.433,0.438,0.445,0.456,0.463,0.468,0.473,0.477,0.483,0.491,0.501,0.511,0.528,0.545,0.545,3.000,3.000,3.000,1.768,1.764,1.791,1.811,1.820,1.827,1.834,1.839,1.844,1.849,1.853,1.857,1.860,1.862,1.864,1.864,1.864,1.864,1.865,1.864,1.863,1.860,1.864,1.880,1.880,1.880,3.000,3.000,3.000,3.000,3.000,3.000,3.000,3.000,3.000,3.000,3.000,3.000,3.000,3.000,3.000,3.000,3.000,3.000,3.000,3.000,3.000,3.000,3.000,1.922,1.922,1.922,1.917,1.918,1.919,1.922,1.924,1.928,1.930,1.934,1.937,1.941,1.944,1.947,1.951,1.953,1.956,1.958,1.959,1.962,1.964,1.968,1.971,1.973,1.975,1.977,1.980,1.983,1.987,1.991,1.994,1.996,2.001,2.004,2.006,2.008,2.013,2.017,2.020,2.025,2.029,2.034,2.037,2.043,2.048,2.051,2.054,2.058,2.063,2.066,2.070,2.076,2.082,2.087,2.091,2.096,2.102,2.106,2.111,2.115,2.119,2.124,2.131,2.138,2.145,2.151,2.156,2.161,2.166,2.172,2.177,2.182,2.187,2.192,2.197,2.203,2.208,2.215,2.222,2.228,2.235,2.245,2.254,2.261,2.271,2.279,2.285,2.292,2.299,2.303,2.311,2.315,2.319,2.329,3.000,3.000,3.000,3.000,3.000,3.000,3.000,3.000,3.000,3.000,3.000,3.000,3.000,3.000,3.000,3.000,3.000,3.000,3.000,3.000,3.000,3.000,3.000,3.000,3.000,3.000,3.000,3.000,3.000,3.000,3.000,3.000,3.000,3.000,3.000,3.000,3.000,3.000,3.000,3.000,3.000,3.000,3.000,3.000,3.000,3.000,3.000,3.000,3.000,3.000,3.000,3.000,3.000,3.000,3.000,3.000,3.000,3.000
3.000,3.000,3.000,3.000,3.000,3.000,3.000,3.000,3.000,3.000,3.000,3.000,3.000,3.000,3.000,3.000,3.000,2.263,2.261,2.249,2.242,2.225,2.214,2.206,2.200,2.194,2.185,2.177,2.172,2.166,2.162,2.145,2.140,2.134,2.127,2.120,2.113,2.105,2.095,2.088,2.083,2.076,2.070,2.063,2.054,2.047,2.042,2.037,2.028,2.020,2.012,2.004,1.998,1.994,1.991,1.988,1.985,1.981,1.978,1.974,1.971,1.966,1.960,1.953,1.946,1.939,1.927,1.910,1.896,1.884,1.865,1.839,1.846,3.000,3.000,3.000,3.000,0.462,0.459,0.450,0.445,0.440,0.437,0.435,0.432,0.430,0.428,0.426,0.424,0.422,0.421,0.420,0.420,0.420,0.420,0.422,0.423,0.426,0.429,0.432,0.437,0.443,0.453,0.461,0.468,0.473,0.477,0.482,0.488,0.497,0.508,0.519,0.539,0.545,0.545,3.000,3.000,3.000,1.772,1.768,1.793,1.810,1.819,1.826,1.832,1.836,1.841,1.846,1.850,1.853,1.855,1.858,1.859,1.859,1.859,1.856,1.859,1.857,1.855,1.852,1.857,1.864,3.000,3.000,3.000,3.000,3.000,3.000,3.000,3.000,3.000,3.000,3.000,3.000,3.000,3.000,3.000,3.000,3.000,3.000,3.000,3.000,3.000,3.000,3.000,3.000,3.000,3.000,3.000,1.917,1.912,1.912,1.913,1.916,1.916,1.921,1.925,1.928,1.932,1.935,1.938,1.942,1.946,1.948,1.951,1.952,1.955,1.957,1.960,1.963,1.965,1.968,1.970,1.973,1.977,1.980,1.984,1.988,1.991,1.993,1.997,2.000,2.002,2.004,2.008,2.011,2.014,2.019,2.024,2.029,2.033,2.038,2.042,2.046,2.049,2.053,2.058,2.060,2.064,2.069,2.075,2.081,2.086,2.090,2.096,2.100,2.105,2.109,2.113,2.118,2.125,2.131,2.140,2.146,2.150,2.155,2.160,2.166,2.171,2.175,2.179,2.186,2.191,2.196,2.202,2.210,2.216,2.223,2.230,2.239,2.248,2.255,2.265,2.272,2.279,2.284,2.290,2.296,2.303,2.307,2.311,2.319,3.000,3.000,3.000,3.000,3.000,3.000,3.000,3.000,3.000,3.000,3.000,3.000,3.000,3.000,3.000,3.000,3.000,3.000,3.000,3.000,3.000,3.000,3.000,3.000,3.000,3.000,3.000,3.000,3.000,3.000,3.000,3.000,3.000,3.000,3.000,3.000,3.000,3.000,3.000,3.000,3.000,3.000,3.000,3.000,3.000,3.000,3.000,3.000,3.000,3.000,3.000,3.000,3.000,3.000,3.000,3.000,3.000,3.000
3.000,3.000,3.000,3.000,3.000,3.000,3.000,3.000,3.000,3.000,3.000,3.000,3.000,3.000,3.000,3.000,3.000,2.263,2.263,2.251,2.243,2.223,2.211,2.204,2.198,2.192,2.182,2.175,2.170,2.164,2.159,2.143,2.138,2.132,2.126,2.118,2.109,2.101,2.092,2.085,2.079,2.073,2.066,2.060,2.052,2.045,2.039,2.032,2.023,2.015,2.008,1.999,1.994,1.990,1.987,1.985,1.982,1.979,1.975,1.972,1.969,1.964,1.957,1.950,1.944,1.937,1.926,1.909,1.894,1.882,1.862,1.865,1.839,3.000,3.000,3.000,3.000,0.459,0.457,0.449,0.444,0.440,0.437,0.434,0.432,0.430,0.428,0.426,0.424,0.422,0.421,0.421,0.421,0.420,0.422,0.423,0.426,0.428,0.432,0.436,0.442,0.448,0.457,0.465,0.471,0.476,0.481,0.485,0.492,0.503,0.515,0.529,0.542,0.539,3.000,3.000,3.000,1.751,1.776,1.772,1.795,1.809,1.818,1.824,1.829,1.834,1.839,1.843,1.846,1.849,1.850,1.852,1.853,1.853,1.852,1.849,1.853,1.849,1.847,1.857,1.857,1.857,3.000,3.000,3.000,3.000,3.000,3.000,3.000,3.000,3.000,3.000,3.000,3.000,3.000,3.000,3.000,3.000,3.000,3.000,3.000,3.000,3.000,3.000,3.000,3.000,3.000,3.000,3.000,1.912,1.912,1.913,1.908,1.910,1.910,1.916,1.920,1.924,1.927,1.931,1.934,1.937,1.941,1.944,1.947,1.949,1.951,1.954,1.957,1.960,1.963,1.965,1.968,1.971,1.974,1.978,1.981,1.985,1.987,1.989,1.993,1.996,1.998,2.001,2.004,2.007,2.010,2.015,2.020,2.025,2.029,2.034,2.037,2.041,2.044,2.048,2.052,2.056,2.059,2.064,2.070,2.075,2.081,2.085,2.091,2.095,2.100,2.105,2.109,2.114,2.120,2.127,2.133,2.141,2.146,2.150,2.155,2.161,2.166,2.170,2.174,2.179,2.185,2.191,2.197,2.205,2.211,2.216,2.224,2.233,2.240,2.250,2.259,2.266,2.272,2.277,2.284,2.291,2.299,2.303,2.307,2.311,3.000,3.000,3.000,3.000,3.000,3.000,3.000,3.000,3.000,3.000,3.000,3.000,3.000,3.000,3.000,3.000,3.000,3.000,3.000,3.000,3.000,3.000,3.000,3.000,3.000,3.000,3.000,3.000,3.000,3.000,3.000,3.000,3.000,3.000,3.000,3.000,3.000,3.000,3.000,3.000,3.000,3.000,3.000,3.000,3.000,3.000,3.000,3.000,3.000,3.000,3.000,3.000,3.000,3.000,3.000,3.000,3.000,3.000
3.000,3.000,3.000,3.000,3.000,3.000,3.000,3.000,3.000,3.000,3.000,3.000,3.000,3.000,3.000,3.000,3.000,2.263,2.257,2.243,2.235,2.217,2.208,2.200,2.195,2.189,2.179,2.172,2.167,2.161,2.155,2.141,2.135,2.130,2.123,2.115,2.106,2.098,2.089,2.082,2.076,2.070,2.064,2.057,2.049,2.041,2.033,2.028,2.018,2.011,2.003,1.996,1.991,1.986,1.984,1.982,1.979,1.976,1.972,1.969,1.965,1.960,1.952,1.946,1.940,1.933,1.919,1.906,1.891,1.879,1.858,1.862,3.000,3.000,3.000,3.000,3.000,0.457,0.455,0.448,0.443,0.439,0.436,0.434,0.432,0.430,0.429,0.427,0.425,0.423,0.422,0.422,0.422,0.423,0.425,0.427,0.430,0.433,0.438,0.443,0.451,0.456,0.464,0.470,0.475,0.480,0.485,0.491,0.499,0.510,0.525,0.542,0.542,3.000,3.000,3.000,3.000,1.758,1.751,1.776,1.795,1.808,1.815,1.822,1.827,1.831,1.835,1.839,1.841,1.842,1.843,1.844,1.844,1.843,1.843,1.841,1.845,1.841,1.834,1.847,3.000,3.000,3.000,3.000,3.000,3.000,3.000,3.000,3.000,3.000,3.000,3.000,3.000,3.000,3.000,3.000,3.000,3.000,3.000,3.000,3.000,3.000,3.000,3.000,3.000,3.000,3.000,3.000,3.000,3.000,3.000,1.908,1.902,1.902,1.902,1.910,1.914,1.919,1.923,1.926,1.930,1.933,1.937,1.940,1.943,1.944,1.947,1.950,1.953,1.956,1.959,1.962,1.963,1.967,1.970,1.975,1.978,1.981,1.983,1.986,1.989,1.993,1.996,1.998,2.001,2.004,2.007,2.011,2.016,2.021,2.025,2.030,2.033,2.037,2.040,2.043,2.048,2.052,2.055,2.060,2.066,2.071,2.076,2.081,2.086,2.090,2.095,2.098,2.104,2.108,2.114,2.121,2.127,2.134,2.139,2.143,2.148,2.154,2.159,2.164,2.168,2.173,2.179,2.184,2.192,2.199,2.204,2.209,2.215,2.223,2.232,2.240,2.252,2.259,2.265,2.267,2.271,2.281,2.292,2.297,2.301,2.307,3.000,3.000,3.000,3.000,3.000,3.000,3.000,3.000,3.000,3.000,3.000,3.000,3.000,3.000,3.000,3.000,3.000,3.000,3.000,3.000,3.000,3.000,3.000,3.000,3.000,3.000,3.000,3.000,3.000,3.000,3.000,3.000,3.000,3.000,3.000,3.000,3.000,3.000,3.000,3.000,3.000,3.000,3.000,3.000,3.000,3.000,3.000,3.000,3.000,3.000,3.000,3.000,3.000,3.000,3.000,3.000,3.000,3.000
3.000,3.000,3.000,3.000,3.000,3.000,3.000,3.000,3.000,3.000,3.000,3.000,3.000,3.000,3.000,3.000,2.234,2.257,2.245,2.233,2.227,2.214,2.205,2.196,2.192,2.184,2.175,2.168,2.163,2.155,2.147,2.137,2.132,2.127,2.119,2.110,2.103,2.095,2.086,2.080,2.074,2.068,2.061,2.053,2.043,2.035,2.029,2.022,2.015,2.007,2.000,1.992,1.987,1.983,1.980,1.978,1.975,1.972,1.966,1.964,1.958,1.953,1.944,1.940,1.933,1.926,1.911,1.900,1.884,1.873,1.849,1.858,3.000,3.000,3.000,3.000,0.468,0.468,0.454,0.447,0.442,0.439,0.436,0.434,0.432,0.431,0.429,0.428,0.427,0.425,0.425,0.425,0.426,0.427,0.429,0.432,0.436,0.441,0.445,0.450,0.457,0.463,0.468,0.474,0.479,0.484,0.489,0.496,0.506,0.517,0.533,0.544,0.542,3.000,3.000,3.000,3.000,1.760,1.758,1.779,1.795,1.807,1.814,1.819,1.825,1.828,1.832,1.835,1.836,1.838,1.838,1.838,1.838,1.836,1.836,1.833,1.839,1.829,1.841,1.834,3.000,3.000,3.000,3.000,3.000,3.000,3.000,3.000,3.000,3.000,3.000,3.000,3.000,3.000,3.000,3.000,3.000,3.000,3.000,3.000,3.000,3.000,3.000,3.000,3.000,3.000,3.000,3.000,3.000,3.000,3.000,1.902,1.902,1.894,1.890,1.902,1.907,1.912,1.917,1.920,1.925,1.928,1.933,1.937,1.939,1.941,1.942,1.946,1.949,1.953,1.955,1.956,1.959,1.962,1.966,1.971,1.974,1.977,1.979,1.982,1.986,1.990,1.993,1.995,1.998,2.001,2.004,2.009,2.013,2.018,2.022,2.026,2.030,2.033,2.036,2.040,2.044,2.048,2.052,2.056,2.061,2.067,2.072,2.076,2.081,2.085,2.090,2.093,2.099,2.103,2.109,2.116,2.122,2.128,2.133,2.137,2.142,2.149,2.154,2.158,2.163,2.168,2.174,2.179,2.184,2.192,2.197,2.202,2.208,2.216,2.224,2.232,2.244,2.251,2.256,2.260,2.263,2.269,2.284,2.290,2.295,2.301,2.285,3.000,3.000,3.000,3.000,3.000,3.000,3.000,3.000,3.000,3.000,3.000,3.000,3.000,3.000,3.000,3.000,3.000,3.000,3.000,3.000,3.000,3.000,3.000,3.000,3.000,3.000,3.000,3.000,3.000,3.000,3.000,3.000,3.000,3.000,3.000,3.000,3.000,3.000,3.000,3.000,3.000,3.000,3.000,3.000,3.000,3.000,3.000,3.000,3.000,3.000,3.000,3.000,3.000,3.000,3.000,3.000,3.000
3.000,3.000,3.000,3.000,3.000,3.000,3.000,3.000,3.000,3.000,3.000,3.000,3.000,3.000,3.000,2.237,2.237,2.234,2.234,2.226,2.221,2.210,2.203,2.193,2.188,2.179,2.170,2.162,2.158,2.150,2.142,2.133,2.128,2.123,2.114,2.106,2.099,2.092,2.083,2.076,2.070,2.064,2.057,2.048,2.037,2.029,2.023,2.017,2.011,2.003,1.996,1.989,1.984,1.980,1.977,1.974,1.972,1.969,1.964,1.962,1.957,1.952,1.943,1.938,1.931,1.924,1.909,1.898,1.882,1.869,1.847,1.849,3.000,3.000,3.000,3.000,0.468,0.468,0.452,0.447,0.441,0.439,0.436,0.434,0.432,0.431,0.430,0.428,0.427,0.426,0.426,0.426,0.427,0.429,0.432,0.435,0.440,0.445,0.449,0.456,0.462,0.467,0.472,0.477,0.482,0.488,0.493,0.502,0.512,0.525,0.544,0.544,3.000,3.000,3.000,3.000,1.735,1.762,1.760,1.779,1.794,1.804,1.811,1.816,1.821,1.824,1.827,1.830,1.832,1.833,1.833,1.832,1.832,1.828,1.826,1.823,1.829,1.839,1.829,3.000,3.000,3.000,3.000,3.000,3.000,3.000,3.000,3.000,3.000,3.000,3.000,3.000,3.000,3.000,3.000,3.000,3.000,3.000,3.000,3.000,3.000,3.000,3.000,3.000,3.000,3.000,3.000,3.000,3.000,3.000,3.000,3.000,1.894,1.894,1.863,1.888,1.898,1.905,1.910,1.914,1.919,1.922,1.928,1.932,1.935,1.937,1.938,1.942,1.946,1.949,1.952,1.953,1.956,1.959,1.962,1.966,1.969,1.972,1.974,1.978,1.982,1.986,1.989,1.992,1.995,1.998,2.001,2.005,2.009,2.014,2.017,2.021,2.024,2.028,2.033,2.036,2.040,2.045,2.048,2.052,2.057,2.062,2.067,2.071,2.076,2.080,2.085,2.088,2.093,2.098,2.104,2.109,2.115,2.122,2.127,2.131,2.137,2.143,2.148,2.151,2.155,2.162,2.169,2.173,2.178,2.183,2.189,2.195,2.201,2.208,2.215,2.224,2.233,2.243,2.249,2.253,2.256,2.262,2.275,2.281,2.287,2.285,2.285,3.000,3.000,3.000,3.000,3.000,3.000,3.000,3.000,3.000,3.000,3.000,3.000,3.000,3.000,3.000,3.000,3.000,3.000,3.000,3.000,3.000,3.000,3.000,3.000,3.000,3.000,3.000,3.000,3.000,3.000,3.000,3.000,3.000,3.000,3.000,3.000,3.000,3.000,3.000,3.000,3.000,3.000,3.000,3.000,3.000,3.000,3.000,3.000,3.000,3.000,3.000,3.000,3.000,3.000,3.000,3.000,3.000
3.000,3.000,3.000,3.000,3.000,3.000,3.000,3.000,3.000,3.000,3.000,3.000,3.000,3.000,3.000,2.237,2.237,2.228,2.228,2.221,2.216,2.205,2.199,2.189,2.182,2.173,2.165,2.158,2.154,2.147,2.139,2.130,2.125,2.120,2.110,2.101,2.094,2.087,2.079,2.073,2.067,2.060,2.051,2.043,2.033,2.023,2.019,2.014,2.008,2.001,1.993,1.986,1.983,1.978,1.975,1.972,1.969,1.966,1.962,1.961,1.955,1.950,1.942,1.937,1.930,1.922,1.908,1.896,1.881,1.867,1.847,1.847,3.000,3.000,3.000,0.483,0.483,0.464,0.450,0.445,0.440,0.438,0.435,0.433,0.431,0.430,0.429,0.428,0.427,0.427,0.427,0.427,0.428,0.430,0.433,0.437,0.443,0.448,0.452,0.459,0.464,0.469,0.474,0.479,0.484,0.490,0.497,0.506,0.518,0.531,0.544,0.544,3.000,3.000,3.000,3.000,1.739,1.735,1.762,1.779,1.792,1.802,1.808,1.813,1.817,1.820,1.823,1.826,1.828,1.829,1.829,1.828,1.826,1.821,1.817,1.811,1.829,1.829,3.000,3.000,3.000,3.000,3.000,3.000,3.000,3.000,3.000,3.000,3.000,3.000,3.000,3.000,3.000,3.000,3.000,3.000,3.000,3.000,3.000,3.000,3.000,3.000,3.000,3.000,3.000,3.000,3.000,3.000,3.000,3.000,3.000,3.000,3.000,1.863,1.832,1.875,1.883,1.894,1.902,1.908,1.913,1.916,1.922,1.927,1.928,1.931,1.933,1.937,1.941,1.945,1.948,1.951,1.954,1.956,1.959,1.963,1.965,1.968,1.971,1.974,1.978,1.983,1.986,1.989,1.992,1.995,1.997,2.001,2.004,2.008,2.013,2.016,2.020,2.024,2.028,2.033,2.037,2.042,2.045,2.049,2.053,2.058,2.062,2.066,2.071,2.076,2.081,2.084,2.089,2.093,2.099,2.104,2.109,2.115,2.120,2.125,2.131,2.138,2.142,2.146,2.150,2.155,2.163,2.167,2.172,2.177,2.185,2.190,2.196,2.203,2.210,2.218,2.228,2.236,2.243,2.247,2.250,2.257,2.268,2.274,2.280,2.278,2.285,3.000,3.000,3.000,3.000,3.000,3.000,3.000,3.000,3.000,3.000,3.000,3.000,3.000,3.000,3.000,3.000,3.000,3.000,3.000,3.000,3.000,3.000,3.000,3.000,3.000,3.000,3.000,3.000,3.000,3.000,3.000,3.000,3.000,3.000,3.000,3.000,3.000,3.000,3.000,3.000,3.000,3.000,3.000,3.000,3.000,3.000,3.000,3.000,3.000,3.000,3.000,3.000,3.000,3.000,3.000,3.000,3.000
3.000,3.000,3.000,3.000,3.000,3.000,3.000,3.000,3.000,3.000,3.000,3.000,3.000,3.000,2.234,2.237,2.232,2.221,2.219,2.215,2.211,2.201,2.195,2.186,2.180,2.172,2.162,2.156,2.152,2.146,2.136,2.127,2.122,2.116,2.107,2.097,2.089,2.082,2.074,2.068,2.062,2.055,2.047,2.040,2.030,2.021,2.017,2.012,2.007,2.001,1.992,1.985,1.982,1.978,1.974,1.970,1.967,1.964,1.960,1.958,1.953,1.948,1.940,1.935,1.928,1.920,1.907,1.895,1.879,1.865,1.845,1.847,1.811,3.000,3.000,0.484,0.483,0.463,0.450,0.445,0.440,0.438,0.435,0.433,0.431,0.430,0.429,0.428,0.427,0.426,0.426,0.427,0.428,0.430,0.433,0.438,0.444,0.450,0.454,0.461,0.466,0.470,0.475,0.481,0.486,0.493,0.501,0.510,0.523,0.536,0.537,3.000,3.000,3.000,3.000,3.000,1.746,1.739,1.763,1.779,1.791,1.800,1.806,1.811,1.815,1.818,1.820,1.823,1.825,1.826,1.825,1.823,1.820,1.813,1.804,1.796,1.811,3.000,3.000,3.000,3.000,3.000,3.000,0.906,0.907,0.907,0.907,0.904,3.000,3.000,3.000,3.000,3.000,3.000,3.000,3.000,3.000,3.000,3.000,3.000,3.000,3.000,3.000,3.000,3.000,3.000,3.000,3.000,3.000,3.000,3.000,3.000,3.000,1.832,1.875,1.883,1.870,1.884,1.894,1.902,1.908,1.912,1.916,1.921,1.924,1.927,1.929,1.933,1.938,1.941,1.946,1.948,1.951,1.954,1.957,1.960,1.962,1.965,1.968,1.972,1.976,1.980,1.984,1.988,1.991,1.993,1.996,1.999,2.003,2.007,2.011,2.014,2.018,2.022,2.026,2.030,2.034,2.039,2.042,2.046,2.050,2.053,2.057,2.062,2.067,2.071,2.076,2.080,2.084,2.088,2.093,2.100,2.105,2.110,2.114,2.119,2.125,2.132,2.136,2.140,2.144,2.150,2.157,2.162,2.167,2.172,2.179,2.185,2.191,2.198,2.205,2.212,2.220,2.228,2.235,2.239,2.243,2.250,2.261,2.267,2.273,2.272,2.278,3.000,3.000,3.000,3.000,3.000,3.000,3.000,3.000,3.000,3.000,3.000,3.000,3.000,3.000,3.000,3.000,3.000,3.000,3.000,3.000,3.000,3.000,3.000,3.000,3.000,3.000,3.000,3.000,3.000,3.000,3.000,3.000,3.000,3.000,3.000,3.000,3.000,3.000,3.000,3.000,3.000,3.000,3.000,3.000,3.000,3.000,3.000,3.000,3.000,3.000,3.000,3.000,3.000,3.000,3.000,3.000,3.000
3.000,3.000,3.000,3.000,3.000,3.000,3.000,3.000,3.000,3.000,3.000,3.000,3.000,2.237,2.237,2.234,2.226,2.213,2.210,2.207,2.205,2.197,2.191,2.184,2.178,2.170,2.160,2.154,2.151,2.145,2.137,2.126,2.121,2.115,2.105,2.094,2.084,2.077,2.070,2.063,2.058,2.052,2.044,2.037,2.028,2.019,2.014,2.010,2.006,2.000,1.992,1.984,1.980,1.977,1.973,1.969,1.965,1.963,1.957,1.954,1.949,1.944,1.937,1.932,1.926,1.918,1.904,1.893,1.878,1.863,1.842,1.811,1.811,3.000,3.000,0.484,0.484,0.465,0.452,0.446,0.441,0.439,0.436,0.434,0.432,0.430,0.429,0.429,0.428,0.427,0.427,0.428,0.429,0.432,0.436,0.441,0.448,0.453,0.458,0.464,0.468,0.473,0.477,0.483,0.488,0.496,0.503,0.514,0.525,0.537,0.537,3.000,3.000,3.000,3.000,3.000,1.748,1.746,1.766,1.781,1.792,1.800,1.805,1.810,1.814,1.817,1.818,1.820,1.822,1.822,1.821,1.818,1.814,1.803,1.813,1.804,1.796,3.000,3.000,3.000,3.000,0.904,0.904,0.906,0.906,0.907,0.904,0.904,0.894,0.890,0.890,0.890,0.888,0.888,3.000,3.000,3.000,3.000,3.000,3.000,3.000,3.000,3.000,3.000,3.000,3.000,3.000,3.000,3.000,3.000,3.000,3.000,3.000,3.000,3.000,1.870,1.884,1.872,1.886,1.896,1.903,1.908,1.912,1.917,1.920,1.923,1.926,1.930,1.935,1.938,1.942,1.944,1.948,1.951,1.954,1.957,1.960,1.963,1.966,1.970,1.974,1.978,1.982,1.986,1.989,1.992,1.995,1.998,2.001,2.005,2.010,2.012,2.016,2.021,2.024,2.028,2.032,2.036,2.039,2.043,2.045,2.050,2.054,2.058,2.063,2.067,2.071,2.075,2.080,2.084,2.089,2.094,2.100,2.105,2.110,2.115,2.120,2.126,2.131,2.135,2.140,2.145,2.153,2.159,2.164,2.169,2.175,2.182,2.187,2.194,2.200,2.206,2.213,2.220,2.228,2.233,2.237,2.243,2.252,2.259,2.265,2.266,2.272,3.000,3.000,3.000,3.000,3.000,3.000,3.000,3.000,3.000,3.000,3.000,3.000,3.000,3.000,3.000,3.000,3.000,3.000,3.000,3.000,3.000,3.000,3.000,3.000,3.000,3.000,3.000,3.000,3.000,3.000,3.000,3.000,3.000,3.000,3.000,3.000,3.000,3.000,3.000,3.000,3.000,3.000,3.000,3.000,3.000,3.000,3.000,3.000,3.000,3.000,3.000,3.000,3.000,3.000,3.000,3.000,3.000
3.000,3.000,3.000,3.000,3.000,3.000,3.000,3.000,3.000,3.000,3.000,3.000,3.000,2.237,2.237,2.230,2.222,2.211,2.208,2.205,2.202,2.195,2.190,2.182,2.175,2.168,2.156,2.150,2.144,2.140,2.128,2.121,2.115,2.110,2.099,2.088,2.080,2.072,2.065,2.060,2.055,2.048,2.041,2.033,2.023,2.016,2.012,2.008,2.004,1.999,1.991,1.983,1.979,1.975,1.972,1.968,1.963,1.960,1.955,1.951,1.945,1.938,1.931,1.926,1.920,1.913,1.899,1.889,1.874,1.859,1.838,1.809,1.811,3.000,3.000,0.484,0.484,0.470,0.456,0.450,0.444,0.442,0.439,0.436,0.434,0.433,0.431,0.431,0.430,0.430,0.430,0.431,0.432,0.435,0.440,0.444,0.452,0.456,0.460,0.466,0.470,0.474,0.479,0.484,0.490,0.497,0.506,0.516,0.526,0.537,0.537,3.000,3.000,3.000,3.000,3.000,1.748,1.748,1.766,1.780,1.791,1.798,1.804,1.808,1.813,1.815,1.816,1.816,1.818,1.817,1.815,1.811,1.805,1.814,1.803,3.000,3.000,3.000,3.000,0.933,0.933,0.933,0.904,0.904,0.900,0.899,0.896,0.894,0.890,0.889,0.890,0.888,0.888,0.888,0.884,0.892,0.900,0.910,0.910,0.910,3.000,3.000,3.000,3.000,3.000,3.000,3.000,3.000,3.000,3.000,3.000,3.000,3.000,3.000,3.000,3.000,1.872,1.886,1.876,1.889,1.898,1.902,1.907,1.912,1.916,1.920,1.923,1.927,1.932,1.936,1.939,1.941,1.945,1.947,1.950,1.954,1.957,1.960,1.963,1.967,1.971,1.975,1.979,1.983,1.986,1.989,1.992,1.995,1.999,2.003,2.007,2.010,2.014,2.018,2.021,2.025,2.028,2.032,2.035,2.038,2.041,2.044,2.048,2.053,2.056,2.060,2.064,2.070,2.075,2.080,2.085,2.090,2.096,2.102,2.106,2.112,2.116,2.122,2.127,2.131,2.136,2.142,2.149,2.155,2.160,2.165,2.171,2.177,2.183,2.189,2.196,2.201,2.208,2.214,2.220,2.227,2.231,2.237,2.247,2.254,2.261,2.262,2.266,3.000,3.000,3.000,3.000,3.000,3.000,3.000,3.000,3.000,3.000,3.000,3.000,3.000,3.000,3.000,3.000,3.000,3.000,3.000,3.000,3.000,3.000,3.000,3.000,3.000,3.000,3.000,3.000,3.000,3.000,3.000,3.000,3.000,3.000,3.000,3.000,3.000,3.000,3.000,3.000,3.000,3.000,3.000,3.000,3.000,3.000,3.000,3.000,3.000,3.000,3.000,3.000,3.000,3.000,3.000,3.000,3.000
3.000,3.000,3.000,3.000,3.000,3.000,3.000,3.000,3.000,3.000,3.000,3.000,2.232,2.237,2.233,2.227,2.222,2.213,2.209,2.206,2.202,2.195,2.190,2.182,2.174,2.165,2.153,2.146,2.139,2.132,2.124,2.118,2.112,2.106,2.096,2.087,2.077,2.069,2.063,2.057,2.052,2.045,2.036,2.030,2.020,2.014,2.009,2.005,2.001,1.995,1.989,1.982,1.978,1.974,1.971,1.967,1.962,1.959,1.953,1.948,1.941,1.934,1.927,1.922,1.915,1.906,1.892,1.882,1.869,1.854,1.830,1.804,1.809,3.000,3.000,3.000,0.470,0.474,0.463,0.456,0.449,0.446,0.443,0.440,0.438,0.437,0.435,0.434,0.434,0.434,0.434,0.435,0.436,0.439,0.443,0.449,0.456,0.459,0.463,0.468,0.472,0.476,0.481,0.486,0.491,0.499,0.508,0.517,0.525,0.535,0.544,0.544,3.000,3.000,3.000,3.000,1.748,1.747,1.765,1.778,1.789,1.796,1.801,1.805,1.810,1.812,1.813,1.812,1.813,1.811,1.807,1.801,1.792,1.805,3.000,3.000,3.000,3.000,3.000,0.934,0.933,0.910,0.900,0.898,0.891,0.890,0.887,0.885,0.882,0.881,0.881,0.883,0.882,0.881,0.880,0.884,0.892,0.900,0.910,0.910,0.909,0.916,0.924,0.924,0.924,0.924,3.000,3.000,3.000,3.000,3.000,3.000,3.000,3.000,3.000,3.000,3.000,1.876,1.866,1.881,1.891,1.897,1.902,1.907,1.912,1.916,1.920,1.925,1.930,1.933,1.936,1.938,1.941,1.944,1.947,1.950,1.953,1.957,1.960,1.964,1.967,1.971,1.975,1.979,1.983,1.986,1.989,1.992,1.995,2.000,2.003,2.006,2.010,2.013,2.018,2.021,2.025,2.029,2.032,2.034,2.036,2.040,2.043,2.047,2.051,2.055,2.059,2.064,2.071,2.076,2.082,2.086,2.092,2.098,2.103,2.108,2.113,2.118,2.122,2.126,2.131,2.138,2.144,2.151,2.156,2.161,2.166,2.172,2.178,2.184,2.191,2.197,2.204,2.209,2.216,2.220,2.225,2.233,2.240,2.249,2.256,2.257,2.262,2.254,3.000,3.000,3.000,3.000,3.000,3.000,3.000,3.000,3.000,3.000,3.000,3.000,3.000,3.000,3.000,3.000,3.000,3.000,3.000,3.000,3.000,3.000,3.000,3.000,3.000,3.000,3.000,3.000,3.000,3.000,3.000,3.000,3.000,3.000,3.000,3.000,3.000,3.000,3.000,3.000,3.000,3.000,3.000,3.000,3.000,3.000,3.000,3.000,3.000,3.000,3.000,3.000,3.000,3.000,3.000,3.000
3.000,3.000,3.000,3.000,3.000,3.000,3.000,3.000,3.000,3.000,3.000,3.000,2.232,2.232,2.229,2.223,2.218,2.210,2.207,2.204,2.201,2.194,2.188,2.181,2.172,2.160,2.151,2.144,2.137,2.130,2.122,2.116,2.110,2.104,2.094,2.085,2.075,2.067,2.061,2.056,2.051,2.043,2.033,2.027,2.018,2.012,2.007,2.002,1.996,1.991,1.986,1.981,1.977,1.973,1.969,1.964,1.959,1.955,1.949,1.944,1.936,1.928,1.923,1.917,1.910,1.900,1.887,1.877,1.865,1.850,1.826,1.801,1.804,3.000,3.000,3.000,3.000,0.474,0.474,0.464,0.456,0.453,0.448,0.446,0.444,0.442,0.441,0.441,0.440,0.440,0.440,0.441,0.443,0.445,0.450,0.454,0.459,0.462,0.465,0.470,0.474,0.478,0.482,0.487,0.492,0.500,0.508,0.516,0.523,0.532,0.544,0.544,3.000,3.000,3.000,3.000,1.747,1.745,1.763,1.775,1.786,1.793,1.798,1.802,1.806,1.808,1.809,1.808,1.807,1.804,1.799,1.790,1.776,1.792,3.000,3.000,0.991,0.991,0.991,0.972,0.934,0.913,0.900,0.897,0.890,0.887,0.883,0.880,0.877,0.875,0.876,0.878,0.878,0.875,0.875,0.878,0.886,0.891,0.898,0.901,0.901,0.909,0.916,0.924,0.924,0.928,0.939,0.951,0.962,0.991,1.004,1.019,1.019,1.019,3.000,3.000,3.000,1.866,1.881,1.871,1.883,1.890,1.896,1.902,1.907,1.912,1.916,1.921,1.925,1.929,1.933,1.935,1.938,1.941,1.943,1.946,1.949,1.953,1.956,1.960,1.963,1.966,1.970,1.974,1.978,1.981,1.983,1.986,1.991,1.996,1.999,2.002,2.005,2.007,2.011,2.015,2.019,2.023,2.026,2.029,2.032,2.035,2.039,2.042,2.046,2.051,2.054,2.059,2.064,2.072,2.078,2.083,2.088,2.093,2.099,2.105,2.109,2.114,2.118,2.122,2.127,2.134,2.140,2.145,2.151,2.157,2.162,2.168,2.173,2.179,2.187,2.193,2.200,2.205,2.212,2.217,2.222,2.229,2.236,2.245,2.252,2.253,2.254,2.254,3.000,3.000,3.000,3.000,3.000,3.000,3.000,3.000,3.000,3.000,3.000,3.000,3.000,3.000,3.000,3.000,3.000,3.000,3.000,3.000,3.000,3.000,3.000,3.000,3.000,3.000,3.000,3.000,3.000,3.000,3.000,3.000,3.000,3.000,3.000,3.000,3.000,3.000,3.000,3.000,3.000,3.000,3.000,3.000,3.000,3.000,3.000,3.000,3.000,3.000,3.000,3.000,3.000,3.000,3.000,3.000
3.000,3.000,3.000,3.000,3.000,3.000,3.000,3.000,3.000,3.000,3.000,2.228,2.232,2.229,2.226,2.217,2.213,2.207,2.203,2.201,2.198,2.192,2.186,2.176,2.169,2.159,2.151,2.143,2.136,2.128,2.121,2.115,2.108,2.102,2.093,2.084,2.073,2.065,2.059,2.054,2.048,2.038,2.030,2.025,2.017,2.011,2.005,1.999,1.994,1.989,1.984,1.979,1.975,1.971,1.967,1.962,1.956,1.952,1.947,1.940,1.933,1.925,1.920,1.914,1.907,1.897,1.886,1.875,1.863,1.849,1.825,1.804,1.804,1.780,3.000,3.000,3.000,0.474,0.486,0.473,0.463,0.459,0.455,0.452,0.450,0.449,0.448,0.448,0.448,0.448,0.449,0.450,0.451,0.453,0.455,0.457,0.461,0.464,0.467,0.472,0.475,0.479,0.484,0.489,0.495,0.502,0.509,0.515,0.521,0.530,0.541,0.557,0.557,3.000,3.000,3.000,1.745,1.740,1.760,1.773,1.784,1.790,1.794,1.798,1.803,1.805,1.805,1.804,1.802,1.798,1.792,1.780,1.790,1.776,3.000,3.000,0.991,0.991,0.972,0.955,0.928,0.913,0.900,0.896,0.888,0.886,0.881,0.878,0.874,0.872,0.872,0.873,0.872,0.872,0.872,0.875,0.882,0.886,0.891,0.895,0.895,0.906,0.911,0.915,0.917,0.924,0.928,0.939,0.951,0.962,0.991,1.004,1.019,1.019,3.000,3.000,3.000,3.000,1.871,1.860,1.875,1.884,1.891,1.897,1.903,1.908,1.913,1.918,1.922,1.926,1.929,1.931,1.935,1.938,1.940,1.943,1.946,1.950,1.953,1.957,1.960,1.963,1.967,1.971,1.976,1.978,1.981,1.984,1.987,1.992,1.996,1.999,2.001,2.003,2.006,2.010,2.014,2.018,2.022,2.025,2.028,2.031,2.035,2.038,2.043,2.047,2.051,2.055,2.061,2.068,2.073,2.078,2.084,2.089,2.094,2.100,2.104,2.108,2.112,2.116,2.122,2.128,2.134,2.139,2.144,2.152,2.158,2.163,2.168,2.174,2.182,2.188,2.193,2.199,2.207,2.212,2.217,2.225,2.231,2.239,2.245,2.247,2.246,2.254,3.000,3.000,3.000,3.000,3.000,3.000,3.000,3.000,3.000,3.000,3.000,3.000,3.000,3.000,3.000,3.000,3.000,3.000,3.000,3.000,3.000,3.000,3.000,3.000,3.000,3.000,3.000,3.000,3.000,3.000,3.000,3.000,3.000,3.000,3.000,3.000,3.000,3.000,3.000,3.000,3.000,3.000,3.000,3.000,3.000,3.000,3.000,3.000,3.000,3.000,3.000,3.000,3.000,3.000,3.000,3.000
3.000,3.000,3.000,3.000,3.000,3.000,3.000,3.000,3.000,3.000,3.000,2.228,2.228,2.227,2.223,2.214,2.210,2.205,2.201,2.199,2.196,2.190,2.184,2.175,2.168,2.158,2.151,2.142,2.135,2.127,2.120,2.114,2.107,2.101,2.092,2.082,2.072,2.064,2.058,2.052,2.045,2.036,2.029,2.024,2.015,2.009,2.003,1.997,1.992,1.987,1.982,1.978,1.974,1.970,1.965,1.959,1.953,1.948,1.943,1.937,1.930,1.922,1.916,1.909,1.901,1.893,1.882,1.872,1.860,1.846,1.824,1.804,1.780,1.784,1.753,3.000,3.000,3.000,0.486,0.486,0.472,0.468,0.463,0.460,0.458,0.456,0.455,0.454,0.454,0.454,0.454,0.455,0.455,0.457,0.458,0.460,0.463,0.466,0.469,0.473,0.477,0.481,0.486,0.490,0.496,0.503,0.508,0.514,0.519,0.528,0.538,0.557,0.557,3.000,3.000,3.000,1.740,1.737,1.757,1.769,1.780,1.787,1.791,1.794,1.799,1.801,1.801,1.800,1.797,1.792,1.784,1.771,1.780,3.000,3.000,3.000,0.991,0.987,0.966,0.949,0.925,0.911,0.898,0.894,0.887,0.884,0.879,0.875,0.872,0.869,0.868,0.869,0.868,0.867,0.868,0.871,0.877,0.882,0.885,0.888,0.890,0.898,0.904,0.906,0.908,0.915,0.920,0.929,0.936,0.950,0.964,0.975,0.989,1.019,0.997,3.000,3.000,3.000,1.860,1.846,1.869,1.879,1.886,1.893,1.899,1.905,1.909,1.914,1.918,1.922,1.925,1.927,1.932,1.935,1.938,1.941,1.943,1.946,1.950,1.954,1.957,1.960,1.964,1.967,1.971,1.975,1.977,1.980,1.983,1.987,1.991,1.994,1.997,1.999,2.002,2.006,2.010,2.014,2.018,2.022,2.025,2.028,2.031,2.035,2.039,2.043,2.047,2.052,2.057,2.064,2.069,2.074,2.079,2.084,2.090,2.096,2.099,2.103,2.107,2.111,2.117,2.123,2.129,2.135,2.140,2.148,2.154,2.159,2.164,2.169,2.177,2.183,2.188,2.194,2.202,2.207,2.213,2.221,2.227,2.234,2.240,2.243,2.243,2.246,3.000,3.000,3.000,3.000,3.000,3.000,3.000,3.000,3.000,3.000,3.000,3.000,3.000,3.000,3.000,3.000,3.000,3.000,3.000,3.000,3.000,3.000,3.000,3.000,3.000,3.000,3.000,3.000,3.000,3.000,3.000,3.000,3.000,3.000,3.000,3.000,3.000,3.000,3.000,3.000,3.000,3.000,3.000,3.000,3.000,3.000,3.000,3.000,3.000,3.000,3.000,3.000,3.000,3.000,3.000,3.000
3.000,3.000,3.000,3.000,3.000,3.000,3.000,3.000,3.000,3.000,3.000,2.228,2.225,2.223,2.213,2.209,2.204,2.197,2.194,2.193,2.190,2.185,2.178,2.171,2.165,2.156,2.148,2.139,2.131,2.124,2.118,2.111,2.104,2.098,2.089,2.080,2.071,2.062,2.056,2.049,2.041,2.033,2.027,2.023,2.015,2.009,2.002,1.996,1.991,1.986,1.982,1.977,1.973,1.968,1.963,1.957,1.951,1.946,1.941,1.935,1.928,1.918,1.912,1.904,1.897,1.889,1.879,1.869,1.858,1.845,1.824,1.805,1.784,1.753,1.761,1.732,3.000,3.000,0.486,0.486,0.497,0.482,0.476,0.472,0.468,0.466,0.462,0.461,0.459,0.459,0.458,0.459,0.460,0.460,0.462,0.463,0.466,0.469,0.472,0.476,0.480,0.483,0.488,0.493,0.498,0.504,0.509,0.514,0.519,0.527,0.537,0.554,0.557,3.000,3.000,3.000,1.737,1.732,1.751,1.764,1.775,1.782,1.786,1.789,1.792,1.796,1.795,1.794,1.791,1.786,1.777,1.763,1.771,3.000,3.000,3.000,0.987,0.986,0.963,0.947,0.919,0.909,0.895,0.891,0.885,0.881,0.876,0.873,0.870,0.868,0.866,0.866,0.865,0.864,0.864,0.867,0.871,0.877,0.880,0.883,0.885,0.893,0.897,0.900,0.902,0.908,0.914,0.921,0.929,0.942,0.954,0.965,0.980,0.997,1.024,1.024,3.000,3.000,1.846,1.835,1.858,1.873,1.882,1.888,1.895,1.901,1.906,1.911,1.915,1.919,1.922,1.925,1.928,1.931,1.935,1.938,1.941,1.944,1.946,1.950,1.953,1.956,1.960,1.963,1.967,1.971,1.973,1.977,1.980,1.984,1.988,1.991,1.994,1.996,2.000,2.004,2.007,2.011,2.015,2.018,2.021,2.024,2.027,2.031,2.035,2.038,2.043,2.048,2.054,2.061,2.066,2.071,2.075,2.080,2.086,2.091,2.096,2.099,2.103,2.107,2.114,2.120,2.126,2.131,2.136,2.144,2.150,2.154,2.159,2.164,2.171,2.178,2.183,2.188,2.196,2.202,2.209,2.214,2.222,2.228,2.235,2.238,2.240,2.243,3.000,3.000,3.000,3.000,3.000,3.000,3.000,3.000,3.000,3.000,3.000,3.000,3.000,3.000,3.000,3.000,3.000,3.000,3.000,3.000,3.000,3.000,3.000,3.000,3.000,3.000,3.000,3.000,3.000,3.000,3.000,3.000,3.000,3.000,3.000,3.000,3.000,3.000,3.000,3.000,3.000,3.000,3.000,3.000,3.000,3.000,3.000,3.000,3.000,3.000,3.000,3.000,3.000,3.000,3.000,3.000
3.000,3.000,3.000,3.000,3.000,3.000,3.000,3.000,3.000,3.000,2.226,2.226,2.223,2.221,2.210,2.206,2.201,2.193,2.189,2.185,2.181,2.178,2.172,2.165,2.160,2.152,2.143,2.135,2.128,2.121,2.114,2.108,2.100,2.094,2.085,2.077,2.068,2.060,2.054,2.047,2.039,2.032,2.026,2.022,2.014,2.007,2.001,1.996,1.990,1.986,1.981,1.975,1.971,1.967,1.962,1.957,1.950,1.944,1.940,1.933,1.926,1.916,1.908,1.901,1.894,1.886,1.876,1.867,1.856,1.842,1.825,1.808,1.787,1.761,1.732,1.746,3.000,3.000,3.000,3.000,0.497,0.497,0.487,0.483,0.477,0.474,0.471,0.469,0.466,0.465,0.464,0.464,0.464,0.465,0.466,0.467,0.470,0.472,0.475,0.479,0.483,0.486,0.491,0.495,0.500,0.506,0.510,0.515,0.520,0.527,0.536,0.552,0.554,3.000,3.000,3.000,1.732,1.729,1.749,1.761,1.771,1.778,1.782,1.785,1.788,1.790,1.790,1.789,1.786,1.781,1.771,1.757,1.763,3.000,3.000,3.000,0.986,0.984,0.960,0.944,0.917,0.907,0.895,0.890,0.884,0.880,0.875,0.873,0.869,0.867,0.865,0.864,0.864,0.863,0.863,0.865,0.868,0.871,0.875,0.878,0.881,0.887,0.891,0.894,0.897,0.903,0.908,0.914,0.922,0.931,0.942,0.954,0.970,0.989,1.024,1.024,3.000,3.000,1.835,1.858,1.853,1.869,1.878,1.885,1.892,1.898,1.903,1.908,1.913,1.916,1.919,1.922,1.925,1.928,1.932,1.935,1.938,1.940,1.943,1.946,1.950,1.952,1.955,1.959,1.963,1.966,1.969,1.973,1.976,1.980,1.984,1.987,1.991,1.993,1.997,2.001,2.004,2.008,2.011,2.015,2.017,2.020,2.023,2.027,2.031,2.035,2.039,2.044,2.051,2.057,2.061,2.067,2.072,2.077,2.081,2.088,2.091,2.095,2.099,2.104,2.110,2.117,2.123,2.128,2.133,2.139,2.146,2.150,2.155,2.160,2.167,2.172,2.178,2.183,2.191,2.198,2.204,2.209,2.216,2.220,2.230,2.234,2.236,2.240,3.000,3.000,3.000,3.000,3.000,3.000,3.000,3.000,3.000,3.000,3.000,3.000,3.000,3.000,3.000,3.000,3.000,3.000,3.000,3.000,3.000,3.000,3.000,3.000,3.000,3.000,3.000,3.000,3.000,3.000,3.000,3.000,3.000,3.000,3.000,3.000,3.000,3.000,3.000,3.000,3.000,3.000,3.000,3.000,3.000,3.000,3.000,3.000,3.000,3.000,3.000,3.000,3.000,3.000,3.000,3.000
3.000,3.000,3.000,3.000,3.000,3.000,3.000,3.000,3.000,2.227,2.227,2.226,2.216,2.212,2.207,2.203,2.198,2.191,2.183,2.178,2.175,2.171,2.166,2.160,2.154,2.145,2.139,2.132,2.124,2.117,2.110,2.105,2.097,2.090,2.081,2.074,2.064,2.057,2.051,2.045,2.038,2.029,2.024,2.020,2.014,2.007,2.001,1.996,1.991,1.986,1.980,1.974,1.970,1.966,1.962,1.956,1.949,1.943,1.938,1.931,1.922,1.914,1.906,1.899,1.892,1.884,1.874,1.865,1.855,1.840,1.826,1.811,1.792,1.769,1.746,1.755,1.731,3.000,3.000,3.000,0.497,0.510,0.499,0.493,0.486,0.482,0.478,0.476,0.474,0.472,0.471,0.471,0.469,0.470,0.470,0.471,0.474,0.476,0.479,0.483,0.486,0.490,0.494,0.498,0.502,0.508,0.511,0.517,0.521,0.529,0.538,0.553,0.553,3.000,3.000,3.000,1.729,1.728,1.747,1.759,1.769,1.776,1.780,1.783,1.786,1.787,1.787,1.786,1.783,1.777,1.767,1.751,1.757,3.000,3.000,3.000,0.984,0.981,0.952,0.939,0.914,0.905,0.894,0.890,0.883,0.880,0.875,0.872,0.869,0.867,0.864,0.864,0.863,0.862,0.862,0.864,0.866,0.868,0.871,0.874,0.877,0.883,0.886,0.887,0.890,0.898,0.903,0.909,0.916,0.925,0.936,0.949,0.963,0.985,1.017,1.024,3.000,3.000,3.000,1.853,1.849,1.865,1.874,1.882,1.889,1.895,1.900,1.905,1.910,1.914,1.916,1.919,1.923,1.926,1.929,1.933,1.935,1.938,1.940,1.944,1.947,1.950,1.952,1.955,1.960,1.964,1.966,1.970,1.974,1.978,1.982,1.985,1.988,1.991,1.994,1.998,2.001,2.005,2.008,2.011,2.014,2.017,2.020,2.024,2.028,2.032,2.036,2.040,2.048,2.054,2.058,2.064,2.068,2.074,2.078,2.084,2.088,2.092,2.096,2.101,2.108,2.115,2.120,2.125,2.130,2.135,2.141,2.147,2.152,2.157,2.164,2.170,2.176,2.180,2.188,2.194,2.200,2.205,2.210,2.215,2.223,2.229,2.232,2.236,3.000,3.000,3.000,3.000,3.000,3.000,3.000,3.000,3.000,3.000,3.000,3.000,3.000,3.000,3.000,3.000,3.000,3.000,3.000,3.000,3.000,3.000,3.000,3.000,3.000,3.000,3.000,3.000,3.000,3.000,3.000,3.000,3.000,3.000,3.000,3.000,3.000,3.000,3.000,3.000,3.000,3.000,3.000,3.000,3.000,3.000,3.000,3.000,3.000,3.000,3.000,3.000,3.000,3.000,3.000,3.000
3.000,3.000,3.000,3.000,3.000,3.000,3.000,3.000,3.000,2.227,2.227,2.225,2.214,2.210,2.205,2.200,2.195,2.188,2.178,2.170,2.167,2.160,2.154,2.148,2.145,2.139,2.134,2.128,2.118,2.112,2.106,2.100,2.093,2.084,2.076,2.067,2.059,2.053,2.048,2.041,2.033,2.026,2.021,2.018,2.012,2.007,1.999,1.995,1.990,1.985,1.979,1.973,1.969,1.965,1.961,1.955,1.947,1.942,1.936,1.929,1.920,1.911,1.903,1.896,1.890,1.882,1.872,1.864,1.853,1.840,1.828,1.815,1.799,1.776,1.755,1.731,1.742,3.000,3.000,3.000,3.000,0.515,0.510,0.502,0.495,0.490,0.485,0.482,0.480,0.478,0.477,0.476,0.476,0.476,0.476,0.477,0.479,0.482,0.484,0.487,0.491,0.494,0.498,0.501,0.506,0.511,0.514,0.519,0.523,0.530,0.539,0.553,0.554,3.000,3.000,3.000,1.728,1.727,1.746,1.757,1.767,1.773,1.778,1.781,1.783,1.784,1.784,1.782,1.779,1.773,1.761,1.746,1.751,3.000,3.000,3.000,0.981,0.975,0.947,0.933,0.913,0.904,0.894,0.889,0.883,0.879,0.874,0.872,0.868,0.866,0.864,0.863,0.862,0.862,0.861,0.862,0.864,0.865,0.868,0.870,0.872,0.877,0.880,0.882,0.885,0.891,0.895,0.900,0.908,0.917,0.928,0.942,0.959,0.981,1.012,1.017,3.000,3.000,3.000,1.849,1.843,1.858,1.868,1.876,1.885,1.890,1.895,1.900,1.907,1.910,1.912,1.915,1.920,1.923,1.926,1.929,1.931,1.934,1.937,1.941,1.944,1.947,1.949,1.952,1.958,1.962,1.964,1.968,1.972,1.976,1.980,1.982,1.986,1.989,1.992,1.996,1.999,2.002,2.005,2.008,2.011,2.014,2.018,2.021,2.026,2.029,2.033,2.037,2.044,2.050,2.054,2.059,2.064,2.070,2.075,2.080,2.084,2.089,2.093,2.098,2.106,2.112,2.118,2.122,2.127,2.132,2.138,2.143,2.149,2.154,2.161,2.166,2.172,2.177,2.185,2.191,2.197,2.201,2.206,2.211,2.217,2.224,2.227,2.232,3.000,3.000,3.000,3.000,3.000,3.000,3.000,3.000,3.000,3.000,3.000,3.000,3.000,3.000,3.000,3.000,3.000,3.000,3.000,3.000,3.000,3.000,3.000,3.000,3.000,3.000,3.000,3.000,3.000,3.000,3.000,3.000,3.000,3.000,3.000,3.000,3.000,3.000,3.000,3.000,3.000,3.000,3.000,3.000,3.000,3.000,3.000,3.000,3.000,3.000,3.000,3.000,3.000,3.000,3.000,3.000
3.000,3.000,3.000,3.000,3.000,3.000,3.000,3.000,3.000,2.227,2.225,2.225,2.213,2.208,2.203,2.198,2.192,2.184,2.176,2.167,2.163,2.157,2.151,2.144,2.141,2.135,2.131,2.125,2.116,2.110,2.103,2.097,2.088,2.079,2.071,2.063,2.056,2.049,2.044,2.035,2.028,2.022,2.017,2.013,2.008,2.002,1.996,1.991,1.987,1.982,1.977,1.971,1.967,1.964,1.958,1.951,1.945,1.939,1.934,1.926,1.916,1.908,1.901,1.894,1.887,1.879,1.871,1.863,1.854,1.842,1.831,1.818,1.805,1.785,1.764,1.742,1.750,3.000,3.000,3.000,3.000,0.520,0.515,0.507,0.501,0.496,0.491,0.487,0.484,0.483,0.482,0.481,0.480,0.480,0.481,0.482,0.484,0.486,0.488,0.491,0.494,0.497,0.501,0.504,0.508,0.513,0.516,0.520,0.524,0.531,0.540,0.554,0.555,3.000,3.000,3.000,1.727,1.727,1.745,1.756,1.764,1.771,1.775,1.778,1.781,1.781,1.781,1.778,1.774,1.768,1.757,1.740,1.746,3.000,3.000,0.995,0.995,0.969,0.947,0.931,0.913,0.904,0.894,0.889,0.882,0.879,0.873,0.871,0.867,0.866,0.863,0.863,0.861,0.861,0.860,0.861,0.862,0.863,0.866,0.868,0.870,0.874,0.876,0.879,0.882,0.887,0.892,0.898,0.905,0.915,0.926,0.941,0.958,0.976,1.008,1.012,3.000,3.000,3.000,1.843,1.835,1.852,1.863,1.871,1.880,1.886,1.891,1.896,1.903,1.906,1.909,1.912,1.916,1.919,1.923,1.926,1.928,1.931,1.934,1.938,1.941,1.944,1.946,1.949,1.954,1.959,1.962,1.965,1.968,1.972,1.977,1.980,1.983,1.985,1.989,1.992,1.995,1.999,2.002,2.005,2.008,2.011,2.015,2.019,2.023,2.026,2.030,2.034,2.040,2.047,2.051,2.056,2.060,2.067,2.072,2.078,2.081,2.086,2.091,2.095,2.103,2.109,2.115,2.119,2.124,2.129,2.135,2.140,2.147,2.152,2.158,2.163,2.170,2.175,2.183,2.190,2.195,2.199,2.204,2.208,2.215,2.220,2.224,2.227,2.218,3.000,3.000,3.000,3.000,3.000,3.000,3.000,3.000,3.000,3.000,3.000,3.000,3.000,3.000,3.000,3.000,3.000,3.000,3.000,3.000,3.000,3.000,3.000,3.000,3.000,3.000,3.000,3.000,3.000,3.000,3.000,3.000,3.000,3.000,3.000,3.000,3.000,3.000,3.000,3.000,3.000,3.000,3.000,3.000,3.000,3.000,3.000,3.000,3.000,3.000,3.000,3.000,3.000,3.000,3.000
3.000,3.000,3.000,3.000,3.000,3.000,3.000,3.000,3.000,2.226,2.223,2.224,2.213,2.206,2.201,2.195,2.189,2.181,2.173,2.165,2.160,2.154,2.147,2.138,2.136,2.131,2.127,2.121,2.113,2.107,2.099,2.093,2.084,2.073,2.066,2.059,2.053,2.046,2.039,2.031,2.025,2.018,2.013,2.010,2.005,1.998,1.993,1.989,1.984,1.980,1.974,1.968,1.964,1.960,1.954,1.947,1.941,1.936,1.930,1.923,1.914,1.905,1.899,1.892,1.884,1.877,1.869,1.862,1.853,1.842,1.833,1.821,1.808,1.792,1.772,1.750,1.758,3.000,3.000,3.000,3.000,0.524,0.520,0.512,0.505,0.501,0.497,0.493,0.489,0.488,0.486,0.486,0.485,0.485,0.486,0.487,0.488,0.490,0.492,0.494,0.497,0.500,0.503,0.506,0.510,0.515,0.518,0.521,0.525,0.532,0.541,0.555,0.558,3.000,3.000,3.000,1.727,1.726,1.744,1.754,1.763,1.770,1.774,1.776,1.779,1.779,1.778,1.775,1.770,1.764,1.753,1.736,1.740,3.000,3.000,0.996,0.995,0.968,0.946,0.930,0.913,0.903,0.894,0.889,0.882,0.878,0.873,0.871,0.867,0.865,0.863,0.862,0.861,0.860,0.860,0.860,0.861,0.862,0.864,0.866,0.867,0.871,0.874,0.877,0.880,0.885,0.890,0.896,0.904,0.914,0.926,0.941,0.959,0.979,1.007,1.010,3.000,3.000,3.000,1.835,1.831,1.847,1.858,1.867,1.876,1.883,1.888,1.892,1.898,1.903,1.906,1.909,1.913,1.917,1.920,1.923,1.925,1.928,1.931,1.935,1.939,1.941,1.944,1.946,1.952,1.955,1.959,1.962,1.965,1.968,1.973,1.976,1.979,1.981,1.986,1.989,1.992,1.995,1.998,2.001,2.004,2.008,2.012,2.015,2.020,2.024,2.027,2.031,2.037,2.044,2.048,2.053,2.057,2.064,2.069,2.074,2.078,2.083,2.087,2.092,2.099,2.106,2.111,2.116,2.120,2.125,2.132,2.137,2.143,2.149,2.154,2.159,2.165,2.172,2.180,2.186,2.192,2.195,2.200,2.203,2.210,2.213,2.219,2.218,2.218,3.000,3.000,3.000,3.000,3.000,3.000,3.000,3.000,3.000,3.000,3.000,3.000,3.000,3.000,3.000,3.000,3.000,3.000,3.000,3.000,3.000,3.000,3.000,3.000,3.000,3.000,3.000,3.000,3.000,3.000,3.000,3.000,3.000,3.000,3.000,3.000,3.000,3.000,3.000,3.000,3.000,3.000,3.000,3.000,3.000,3.000,3.000,3.000,3.000,3.000,3.000,3.000,3.000,3.000,3.000
3.000,3.000,3.000,3.000,3.000,3.000,3.000,3.000,3.000,2.226,2.226,2.225,2.216,2.208,2.202,2.195,2.187,2.178,2.168,2.161,2.157,2.150,2.142,2.134,2.129,2.124,2.121,2.117,2.108,2.103,2.095,2.089,2.080,2.069,2.063,2.057,2.051,2.043,2.037,2.030,2.024,2.017,2.011,2.007,2.002,1.996,1.991,1.987,1.982,1.977,1.971,1.963,1.960,1.956,1.949,1.943,1.937,1.933,1.927,1.918,1.911,1.903,1.896,1.888,1.881,1.875,1.867,1.860,1.852,1.843,1.834,1.824,1.811,1.796,1.780,1.758,1.761,3.000,3.000,3.000,3.000,0.526,0.524,0.516,0.510,0.505,0.502,0.498,0.495,0.493,0.492,0.492,0.490,0.490,0.490,0.491,0.492,0.493,0.495,0.497,0.500,0.502,0.505,0.508,0.512,0.518,0.520,0.522,0.526,0.533,0.542,0.558,0.558,3.000,3.000,3.000,1.727,1.727,1.743,1.753,1.762,1.769,1.772,1.775,1.777,1.777,1.775,1.772,1.767,1.761,1.749,1.733,1.736,3.000,3.000,0.996,0.996,0.971,0.947,0.930,0.914,0.903,0.895,0.890,0.883,0.879,0.874,0.871,0.867,0.865,0.863,0.863,0.861,0.861,0.860,0.861,0.861,0.862,0.863,0.865,0.866,0.870,0.872,0.876,0.879,0.884,0.889,0.896,0.904,0.915,0.927,0.944,0.964,0.983,1.010,1.017,3.000,3.000,3.000,1.831,1.826,1.844,1.855,1.864,1.873,1.880,1.885,1.890,1.895,1.900,1.903,1.907,1.910,1.913,1.917,1.920,1.922,1.925,1.927,1.932,1.936,1.938,1.941,1.943,1.948,1.952,1.956,1.959,1.962,1.965,1.969,1.972,1.975,1.977,1.982,1.985,1.989,1.992,1.995,1.998,2.002,2.005,2.009,2.013,2.017,2.020,2.025,2.029,2.035,2.041,2.046,2.051,2.054,2.061,2.065,2.070,2.074,2.079,2.084,2.089,2.094,2.100,2.107,2.112,2.117,2.122,2.128,2.134,2.139,2.144,2.149,2.154,2.160,2.168,2.176,2.183,2.187,2.191,2.195,2.199,2.204,2.208,2.214,2.213,2.218,3.000,3.000,3.000,3.000,3.000,3.000,3.000,3.000,3.000,3.000,3.000,3.000,3.000,3.000,3.000,3.000,3.000,3.000,3.000,3.000,3.000,3.000,3.000,3.000,3.000,3.000,3.000,3.000,3.000,3.000,3.000,3.000,3.000,3.000,3.000,3.000,3.000,3.000,3.000,3.000,3.000,3.000,3.000,3.000,3.000,3.000,3.000,3.000,3.000,3.000,3.000,3.000,3.000,3.000,3.000
3.000,3.000,3.000,3.000,3.000,3.000,3.000,3.000,3.000,2.226,2.226,2.224,2.215,2.206,2.200,2.192,2.183,2.172,2.164,2.157,2.152,2.145,2.137,2.122,2.122,2.118,2.115,2.112,2.104,2.099,2.091,2.084,2.075,2.064,2.058,2.054,2.048,2.040,2.035,2.028,2.023,2.015,2.009,2.005,2.000,1.995,1.990,1.986,1.980,1.975,1.969,1.962,1.958,1.954,1.947,1.941,1.935,1.930,1.925,1.916,1.910,1.901,1.893,1.886,1.880,1.873,1.865,1.858,1.851,1.842,1.834,1.825,1.814,1.798,1.783,1.761,1.761,3.000,3.000,3.000,3.000,0.527,0.526,0.518,0.512,0.508,0.505,0.501,0.499,0.497,0.496,0.495,0.494,0.494,0.493,0.494,0.494,0.495,0.497,0.499,0.501,0.504,0.507,0.510,0.514,0.520,0.522,0.523,0.528,0.534,0.544,0.558,0.558,3.000,3.000,3.000,1.727,1.726,1.742,1.752,1.760,1.767,1.770,1.773,1.775,1.774,1.772,1.769,1.764,1.757,1.746,1.731,1.733,3.000,3.000,0.996,0.996,0.975,0.949,0.931,0.915,0.904,0.895,0.890,0.882,0.878,0.874,0.871,0.867,0.865,0.864,0.863,0.861,0.861,0.861,0.861,0.861,0.862,0.863,0.865,0.866,0.869,0.871,0.875,0.879,0.883,0.889,0.896,0.905,0.916,0.929,0.948,0.968,0.988,1.017,1.028,3.000,3.000,3.000,1.826,1.823,1.839,1.852,1.861,1.870,1.876,1.881,1.887,1.892,1.897,1.900,1.903,1.907,1.910,1.913,1.916,1.919,1.921,1.924,1.928,1.933,1.936,1.938,1.941,1.946,1.949,1.953,1.956,1.959,1.962,1.966,1.969,1.971,1.973,1.977,1.981,1.985,1.989,1.992,1.996,1.999,2.003,2.006,2.010,2.014,2.018,2.023,2.027,2.032,2.038,2.042,2.047,2.050,2.056,2.060,2.065,2.069,2.074,2.080,2.085,2.091,2.096,2.103,2.109,2.114,2.118,2.125,2.131,2.136,2.140,2.146,2.151,2.157,2.163,2.172,2.179,2.184,2.188,2.192,2.196,2.200,2.204,2.210,2.210,2.213,3.000,3.000,3.000,3.000,3.000,3.000,3.000,3.000,3.000,3.000,3.000,3.000,3.000,3.000,3.000,3.000,3.000,3.000,3.000,3.000,3.000,3.000,3.000,3.000,3.000,3.000,3.000,3.000,3.000,3.000,3.000,3.000,3.000,3.000,3.000,3.000,3.000,3.000,3.000,3.000,3.000,3.000,3.000,3.000,3.000,3.000,3.000,3.000,3.000,3.000,3.000,3.000,3.000,3.000,3.000
3.000,3.000,3.000,3.000,3.000,3.000,3.000,3.000,2.235,2.235,2.225,2.223,2.212,2.199,2.192,2.183,2.177,2.166,2.158,2.150,2.145,2.136,2.122,2.113,2.112,2.111,2.108,2.105,2.100,2.095,2.085,2.077,2.067,2.059,2.052,2.049,2.042,2.037,2.032,2.026,2.020,2.014,2.008,2.004,2.000,1.996,1.991,1.987,1.983,1.977,1.970,1.963,1.959,1.955,1.948,1.941,1.935,1.929,1.922,1.915,1.909,1.901,1.893,1.886,1.879,1.873,1.865,1.858,1.850,1.841,1.834,1.825,1.815,1.800,1.783,1.760,1.761,3.000,3.000,3.000,3.000,0.528,0.527,0.519,0.513,0.509,0.506,0.503,0.500,0.498,0.497,0.496,0.495,0.495,0.495,0.495,0.496,0.497,0.498,0.501,0.503,0.506,0.509,0.512,0.516,0.521,0.523,0.525,0.530,0.537,0.549,0.551,3.000,3.000,3.000,3.000,1.726,1.723,1.740,1.749,1.757,1.764,1.768,1.770,1.772,1.771,1.770,1.767,1.763,1.756,1.745,1.732,1.732,3.000,3.000,1.010,1.010,0.979,0.955,0.932,0.916,0.905,0.896,0.890,0.882,0.878,0.873,0.871,0.867,0.865,0.864,0.864,0.862,0.862,0.862,0.862,0.862,0.863,0.864,0.866,0.867,0.869,0.872,0.876,0.879,0.884,0.890,0.897,0.907,0.918,0.933,0.956,0.975,0.997,1.028,1.028,3.000,3.000,3.000,1.823,1.820,1.836,1.848,1.856,1.866,1.872,1.877,1.883,1.888,1.893,1.897,1.901,1.904,1.907,1.910,1.913,1.916,1.919,1.922,1.926,1.931,1.934,1.937,1.940,1.944,1.947,1.951,1.954,1.958,1.961,1.964,1.967,1.969,1.972,1.976,1.980,1.983,1.987,1.991,1.994,1.997,2.001,2.005,2.009,2.013,2.016,2.021,2.025,2.030,2.035,2.039,2.043,2.048,2.053,2.057,2.061,2.065,2.070,2.077,2.081,2.087,2.093,2.099,2.104,2.110,2.115,2.121,2.127,2.132,2.137,2.142,2.148,2.154,2.160,2.167,2.175,2.180,2.185,2.189,2.193,2.197,2.202,2.208,2.208,2.210,3.000,3.000,3.000,3.000,3.000,3.000,3.000,3.000,3.000,3.000,3.000,3.000,3.000,3.000,3.000,3.000,3.000,3.000,3.000,3.000,3.000,3.000,3.000,3.000,3.000,3.000,3.000,3.000,3.000,3.000,3.000,3.000,3.000,3.000,3.000,3.000,3.000,3.000,3.000,3.000,3.000,3.000,3.000,3.000,3.000,3.000,3.000,3.000,3.000,3.000,3.000,3.000,3.000,3.000,3.000
3.000,3.000,3.000,3.000,3.000,3.000,3.000,3.000,2.235,2.235,2.224,2.221,2.209,2.197,2.189,2.178,2.170,2.159,2.152,2.144,2.139,2.128,2.116,2.109,2.109,2.108,2.105,2.101,2.096,2.090,2.077,2.069,2.061,2.054,2.047,2.043,2.038,2.033,2.028,2.023,2.018,2.012,2.006,2.002,1.998,1.994,1.990,1.986,1.983,1.978,1.971,1.965,1.958,1.954,1.948,1.942,1.935,1.929,1.921,1.915,1.908,1.900,1.893,1.887,1.879,1.872,1.864,1.857,1.849,1.840,1.833,1.824,1.814,1.800,1.782,1.758,1.760,3.000,3.000,3.000,3.000,0.529,0.528,0.520,0.514,0.511,0.507,0.504,0.501,0.500,0.499,0.498,0.497,0.496,0.496,0.497,0.497,0.498,0.500,0.502,0.505,0.508,0.512,0.514,0.518,0.523,0.524,0.526,0.531,0.539,0.551,0.553,3.000,3.000,3.000,3.000,1.723,1.720,1.735,1.745,1.754,1.760,1.765,1.768,1.769,1.769,1.768,1.765,1.760,1.753,1.744,1.730,1.732,3.000,3.000,1.010,1.010,0.985,0.961,0.936,0.918,0.906,0.897,0.891,0.882,0.878,0.873,0.871,0.867,0.866,0.866,0.866,0.864,0.864,0.864,0.864,0.864,0.865,0.866,0.867,0.869,0.871,0.873,0.877,0.880,0.885,0.891,0.898,0.909,0.921,0.936,0.961,0.984,1.006,1.028,1.028,3.000,3.000,3.000,1.821,1.819,1.834,1.845,1.854,1.863,1.869,1.875,1.880,1.885,1.890,1.894,1.897,1.901,1.905,1.908,1.911,1.914,1.917,1.920,1.924,1.928,1.931,1.935,1.938,1.942,1.945,1.949,1.952,1.956,1.958,1.962,1.965,1.967,1.970,1.974,1.978,1.981,1.985,1.989,1.992,1.995,1.999,2.003,2.007,2.010,2.014,2.018,2.022,2.027,2.033,2.037,2.041,2.045,2.050,2.054,2.058,2.062,2.067,2.073,2.078,2.084,2.090,2.096,2.101,2.106,2.111,2.116,2.122,2.128,2.133,2.138,2.145,2.151,2.157,2.164,2.171,2.176,2.182,2.186,2.190,2.194,2.199,2.204,2.204,2.208,3.000,3.000,3.000,3.000,3.000,3.000,3.000,3.000,3.000,3.000,3.000,3.000,3.000,3.000,3.000,3.000,3.000,3.000,3.000,3.000,3.000,3.000,3.000,3.000,3.000,3.000,3.000,3.000,3.000,3.000,3.000,3.000,3.000,3.000,3.000,3.000,3.000,3.000,3.000,3.000,3.000,3.000,3.000,3.000,3.000,3.000,3.000,3.000,3.000,3.000,3.000,3.000,3.000,3.000,3.000
3.000,3.000,3.000,3.000,3.000,3.000,3.000,3.000,2.235,2.230,2.222,2.218,2.207,2.197,2.187,2.171,2.163,2.154,2.147,2.142,2.137,2.128,2.115,2.108,2.108,2.106,2.103,2.099,2.093,2.084,2.073,2.066,2.058,2.051,2.044,2.040,2.034,2.030,2.026,2.021,2.017,2.010,2.003,1.999,1.995,1.992,1.987,1.984,1.981,1.977,1.970,1.962,1.956,1.952,1.946,1.941,1.933,1.927,1.919,1.913,1.906,1.899,1.892,1.885,1.877,1.870,1.863,1.856,1.847,1.838,1.830,1.822,1.811,1.796,1.778,1.754,1.758,3.000,3.000,3.000,3.000,0.529,0.529,0.521,0.516,0.512,0.508,0.505,0.503,0.501,0.500,0.499,0.498,0.498,0.498,0.498,0.499,0.500,0.502,0.504,0.507,0.510,0.514,0.517,0.520,0.524,0.526,0.528,0.533,0.541,0.553,0.555,3.000,3.000,3.000,3.000,1.720,1.717,1.732,1.742,1.750,1.757,1.761,1.764,1.766,1.766,1.765,1.762,1.758,1.751,1.742,1.728,1.730,3.000,3.000,1.010,1.009,0.986,0.962,0.936,0.918,0.907,0.899,0.893,0.884,0.880,0.876,0.874,0.870,0.869,0.869,0.868,0.867,0.866,0.866,0.867,0.867,0.868,0.868,0.869,0.871,0.873,0.875,0.878,0.881,0.885,0.891,0.898,0.911,0.924,0.941,0.969,0.994,1.016,1.016,3.000,3.000,3.000,1.800,1.822,1.821,1.835,1.846,1.854,1.862,1.867,1.873,1.879,1.883,1.887,1.891,1.894,1.898,1.901,1.905,1.908,1.911,1.914,1.917,1.921,1.925,1.928,1.932,1.934,1.938,1.942,1.946,1.949,1.953,1.956,1.959,1.962,1.964,1.966,1.971,1.974,1.978,1.982,1.986,1.988,1.993,1.997,2.000,2.004,2.008,2.011,2.015,2.019,2.025,2.030,2.035,2.039,2.043,2.047,2.051,2.055,2.059,2.064,2.070,2.075,2.082,2.088,2.094,2.099,2.104,2.109,2.114,2.120,2.125,2.130,2.135,2.141,2.148,2.153,2.159,2.166,2.171,2.178,2.183,2.186,2.189,2.192,2.198,2.197,2.204,3.000,3.000,3.000,3.000,3.000,3.000,3.000,3.000,3.000,3.000,3.000,3.000,3.000,3.000,3.000,3.000,3.000,3.000,3.000,3.000,3.000,3.000,3.000,3.000,3.000,3.000,3.000,3.000,3.000,3.000,3.000,3.000,3.000,3.000,3.000,3.000,3.000,3.000,3.000,3.000,3.000,3.000,3.000,3.000,3.000,3.000,3.000,3.000,3.000,3.000,3.000,3.000,3.000,3.000,3.000
3.000,3.000,3.000,3.000,3.000,3.000,3.000,2.229,2.230,2.228,2.221,2.216,2.205,2.196,2.185,2.166,2.159,2.152,2.147,2.147,2.142,2.137,2.115,2.108,2.107,2.105,2.102,2.097,2.091,2.083,2.071,2.064,2.056,2.049,2.042,2.038,2.032,2.028,2.024,2.020,2.016,2.010,2.001,1.997,1.993,1.990,1.985,1.982,1.978,1.974,1.966,1.958,1.952,1.949,1.943,1.938,1.929,1.923,1.915,1.909,1.903,1.896,1.890,1.883,1.874,1.868,1.861,1.854,1.845,1.836,1.829,1.820,1.809,1.794,1.775,1.749,1.754,3.000,3.000,3.000,0.546,0.546,0.529,0.521,0.516,0.512,0.509,0.506,0.503,0.502,0.501,0.500,0.499,0.499,0.499,0.499,0.500,0.501,0.503,0.505,0.508,0.511,0.515,0.518,0.522,0.524,0.526,0.528,0.533,0.541,0.555,0.558,3.000,3.000,3.000,3.000,1.717,1.711,1.728,1.739,1.747,1.754,1.757,1.760,1.763,1.764,1.763,1.760,1.756,1.750,1.741,1.728,1.728,3.000,3.000,1.012,1.010,0.987,0.964,0.936,0.919,0.908,0.899,0.894,0.886,0.883,0.880,0.878,0.874,0.873,0.872,0.871,0.869,0.870,0.869,0.870,0.870,0.870,0.871,0.872,0.872,0.875,0.876,0.879,0.882,0.886,0.892,0.900,0.913,0.928,0.954,0.982,1.005,1.021,1.016,3.000,3.000,3.000,1.803,1.800,1.822,1.834,1.844,1.852,1.860,1.865,1.871,1.877,1.881,1.885,1.888,1.891,1.895,1.898,1.901,1.904,1.908,1.911,1.914,1.918,1.923,1.926,1.929,1.932,1.936,1.939,1.943,1.946,1.950,1.953,1.957,1.959,1.961,1.964,1.968,1.972,1.975,1.979,1.983,1.986,1.990,1.994,1.998,2.001,2.005,2.008,2.012,2.015,2.021,2.027,2.031,2.035,2.039,2.042,2.048,2.051,2.056,2.062,2.067,2.072,2.078,2.086,2.092,2.096,2.102,2.107,2.112,2.117,2.123,2.127,2.132,2.138,2.145,2.150,2.155,2.160,2.165,2.173,2.179,2.183,2.186,2.189,2.193,2.194,2.197,3.000,3.000,3.000,3.000,3.000,3.000,3.000,3.000,3.000,3.000,3.000,3.000,3.000,3.000,3.000,3.000,3.000,3.000,3.000,3.000,3.000,3.000,3.000,3.000,3.000,3.000,3.000,3.000,3.000,3.000,3.000,3.000,3.000,3.000,3.000,3.000,3.000,3.000,3.000,3.000,3.000,3.000,3.000,3.000,3.000,3.000,3.000,3.000,3.000,3.000,3.000,3.000,3.000,3.000,3.000
3.000,3.000,3.000,3.000,3.000,3.000,3.000,2.229,2.229,2.223,2.214,2.207,2.198,2.189,2.172,2.160,2.153,2.159,2.152,2.147,3.000,2.115,2.115,2.101,2.101,2.100,2.095,2.092,2.087,2.080,2.068,2.061,2.053,2.047,2.039,2.036,2.029,2.024,2.020,2.017,2.014,2.008,2.000,1.994,1.990,1.987,1.982,1.979,1.973,1.971,1.963,1.957,1.950,1.946,1.940,1.935,1.925,1.920,1.912,1.906,1.900,1.894,1.888,1.882,1.873,1.866,1.859,1.851,1.844,1.834,1.827,1.818,1.806,1.789,1.769,1.775,1.749,3.000,3.000,3.000,0.546,0.546,0.530,0.522,0.517,0.513,0.509,0.506,0.504,0.502,0.501,0.501,0.500,0.500,0.500,0.500,0.501,0.502,0.504,0.506,0.509,0.512,0.515,0.519,0.523,0.524,0.525,0.528,0.534,0.543,0.558,0.558,3.000,3.000,3.000,3.000,1.711,1.705,1.724,1.735,1.743,1.750,1.754,1.757,1.759,1.761,1.760,1.758,1.753,1.747,1.737,1.723,1.728,3.000,3.000,1.014,1.012,0.987,0.966,0.935,0.917,0.905,0.897,0.892,0.885,0.883,0.880,0.878,0.875,0.874,0.872,0.871,0.870,0.871,0.871,0.871,0.871,0.872,0.872,0.873,0.874,0.875,0.877,0.880,0.883,0.887,0.894,0.904,0.920,0.934,0.967,0.991,1.021,1.029,3.000,3.000,3.000,1.784,1.806,1.803,1.822,1.833,1.842,1.849,1.858,1.863,1.868,1.873,1.878,1.881,1.884,1.886,1.891,1.894,1.897,1.900,1.905,1.908,1.912,1.915,1.920,1.923,1.926,1.929,1.932,1.936,1.940,1.943,1.947,1.950,1.954,1.957,1.959,1.962,1.966,1.970,1.974,1.978,1.982,1.985,1.989,1.993,1.996,1.999,2.003,2.006,2.009,2.013,2.018,2.024,2.029,2.032,2.036,2.039,2.044,2.048,2.053,2.058,2.065,2.070,2.076,2.083,2.089,2.094,2.099,2.104,2.109,2.114,2.120,2.124,2.130,2.136,2.142,2.147,2.151,2.157,2.161,2.168,2.176,2.179,2.183,2.186,2.190,2.191,2.194,2.190,3.000,3.000,3.000,3.000,3.000,3.000,3.000,3.000,3.000,3.000,3.000,3.000,3.000,3.000,3.000,3.000,3.000,3.000,3.000,3.000,3.000,3.000,3.000,3.000,3.000,3.000,3.000,3.000,3.000,3.000,3.000,3.000,3.000,3.000,3.000,3.000,3.000,3.000,3.000,3.000,3.000,3.000,3.000,3.000,3.000,3.000,3.000,3.000,3.000,3.000,3.000,3.000,3.000,3.000
3.000,3.000,3.000,3.000,3.000,3.000,2.225,2.229,2.227,2.223,2.214,2.207,2.198,2.188,2.170,2.159,2.152,2.153,3.000,3.000,3.000,3.000,2.101,2.094,2.095,2.093,2.090,2.087,2.082,2.076,2.064,2.057,2.050,2.043,2.036,2.032,2.026,2.021,2.017,2.015,2.011,2.005,1.997,1.989,1.986,1.983,1.978,1.974,1.969,1.966,1.961,1.955,1.948,1.944,1.936,1.931,1.922,1.917,1.910,1.904,1.897,1.891,1.886,1.880,1.871,1.864,1.857,1.850,1.842,1.833,1.825,1.816,1.803,1.786,1.763,1.769,3.000,3.000,3.000,0.568,0.568,0.544,0.529,0.522,0.516,0.513,0.509,0.506,0.504,0.502,0.501,0.501,0.500,0.500,0.501,0.501,0.502,0.503,0.504,0.506,0.508,0.511,0.514,0.517,0.520,0.521,0.524,0.527,0.534,0.544,0.555,0.569,0.569,3.000,3.000,3.000,1.705,1.696,1.719,1.731,1.740,1.747,1.751,1.754,1.757,1.758,1.758,1.756,1.752,1.745,1.735,1.722,1.723,3.000,3.000,1.018,1.014,0.989,0.968,0.932,0.915,0.904,0.895,0.890,0.884,0.882,0.880,0.878,0.875,0.874,0.872,0.871,0.870,0.870,0.871,0.871,0.871,0.871,0.872,0.873,0.873,0.875,0.876,0.880,0.884,0.889,0.898,0.911,0.927,0.945,0.975,0.999,1.029,1.032,3.000,3.000,3.000,1.790,1.784,1.806,1.822,1.832,1.841,1.848,1.855,1.860,1.866,1.870,1.875,1.878,1.881,1.883,1.887,1.891,1.894,1.897,1.901,1.904,1.909,1.912,1.917,1.920,1.923,1.926,1.929,1.934,1.937,1.940,1.943,1.947,1.951,1.954,1.956,1.960,1.963,1.967,1.971,1.976,1.980,1.983,1.987,1.991,1.994,1.997,2.000,2.003,2.007,2.010,2.016,2.021,2.026,2.029,2.034,2.036,2.041,2.044,2.050,2.055,2.061,2.067,2.073,2.079,2.085,2.089,2.096,2.101,2.106,2.111,2.117,2.122,2.127,2.133,2.139,2.144,2.149,2.155,2.159,2.166,2.174,2.177,2.181,2.184,2.188,2.189,2.190,2.190,3.000,3.000,3.000,3.000,3.000,3.000,3.000,3.000,3.000,3.000,3.000,3.000,3.000,3.000,3.000,3.000,3.000,3.000,3.000,3.000,3.000,3.000,3.000,3.000,3.000,3.000,3.000,3.000,3.000,3.000,3.000,3.000,3.000,3.000,3.000,3.000,3.000,3.000,3.000,3.000,3.000,3.000,3.000,3.000,3.000,3.000,3.000,3.000,3.000,3.000,3.000,3.000,3.000,3.000
3.000,3.000,3.000,3.000,3.000,3.000,2.225,2.225,2.226,2.222,2.214,2.208,2.198,2.189,2.171,2.158,2.159,2.152,3.000,3.000,3.000,2.083,2.094,2.089,2.089,2.088,2.085,2.081,2.077,2.071,2.059,2.053,2.046,2.038,2.032,2.028,2.024,2.020,2.016,2.012,2.008,2.001,1.991,1.986,1.983,1.980,1.975,1.971,1.967,1.964,1.959,1.954,1.948,1.945,1.936,1.931,1.922,1.917,1.909,1.903,1.897,1.891,1.885,1.879,1.872,1.863,1.856,1.848,1.840,1.832,1.824,1.814,1.799,1.781,1.759,1.763,3.000,3.000,0.584,0.584,0.568,0.541,0.529,0.522,0.516,0.512,0.509,0.506,0.503,0.502,0.501,0.501,0.500,0.500,0.501,0.501,0.502,0.502,0.504,0.505,0.507,0.509,0.512,0.514,0.515,0.517,0.521,0.526,0.533,0.541,0.552,0.569,0.569,3.000,3.000,3.000,1.696,1.719,1.714,1.726,1.736,1.744,1.748,1.752,1.754,1.756,1.756,1.754,1.750,1.744,1.734,1.722,1.722,3.000,3.000,1.024,1.018,0.993,0.972,0.932,0.916,0.904,0.894,0.889,0.884,0.882,0.879,0.878,0.875,0.874,0.872,0.871,0.870,0.870,0.870,0.870,0.869,0.870,0.870,0.872,0.873,0.876,0.878,0.882,0.886,0.893,0.905,0.917,0.932,0.949,0.977,1.002,1.032,1.041,3.000,3.000,1.768,1.793,1.790,1.809,1.822,1.832,1.840,1.847,1.854,1.858,1.863,1.868,1.872,1.875,1.878,1.881,1.885,1.889,1.892,1.895,1.899,1.902,1.906,1.910,1.914,1.918,1.921,1.924,1.927,1.931,1.934,1.938,1.941,1.944,1.948,1.950,1.953,1.957,1.961,1.965,1.969,1.974,1.978,1.982,1.985,1.989,1.992,1.995,1.998,2.001,2.004,2.007,2.013,2.018,2.023,2.026,2.031,2.033,2.037,2.041,2.047,2.052,2.058,2.063,2.069,2.075,2.081,2.085,2.091,2.097,2.103,2.107,2.114,2.119,2.125,2.130,2.137,2.142,2.146,2.153,2.158,2.166,2.173,2.176,2.180,2.183,2.187,2.188,2.188,2.190,3.000,3.000,3.000,3.000,3.000,3.000,3.000,3.000,3.000,3.000,3.000,3.000,3.000,3.000,3.000,3.000,3.000,3.000,3.000,3.000,3.000,3.000,3.000,3.000,3.000,3.000,3.000,3.000,3.000,3.000,3.000,3.000,3.000,3.000,3.000,3.000,3.000,3.000,3.000,3.000,3.000,3.000,3.000,3.000,3.000,3.000,3.000,3.000,3.000,3.000,3.000,3.000,3.000,3.000
3.000,3.000,3.000,3.000,3.000,3.000,2.225,2.223,2.224,2.221,2.216,2.208,2.199,2.189,2.171,2.157,2.158,3.000,3.000,3.000,3.000,2.083,2.083,2.084,2.085,2.084,2.081,2.077,2.071,2.064,2.056,2.049,2.043,2.035,2.029,2.025,2.021,2.017,2.013,2.010,2.005,1.995,1.989,1.984,1.981,1.978,1.974,1.969,1.965,1.962,1.957,1.952,1.946,1.941,1.934,1.928,1.920,1.915,1.908,1.902,1.896,1.889,1.883,1.877,1.869,1.860,1.854,1.846,1.838,1.830,1.821,1.812,1.796,1.778,1.752,1.759,3.000,3.000,0.584,0.584,0.563,0.540,0.529,0.522,0.516,0.512,0.509,0.506,0.503,0.502,0.501,0.500,0.499,0.499,0.500,0.500,0.501,0.501,0.503,0.504,0.506,0.507,0.509,0.510,0.513,0.515,0.521,0.526,0.532,0.540,0.550,0.565,0.580,0.580,3.000,3.000,3.000,1.714,1.710,1.723,1.733,1.741,1.745,1.749,1.752,1.754,1.754,1.752,1.749,1.743,1.734,1.721,1.723,3.000,3.000,1.024,1.024,0.997,0.975,0.933,0.917,0.905,0.895,0.890,0.884,0.882,0.879,0.878,0.875,0.873,0.871,0.870,0.869,0.869,0.868,0.868,0.867,0.868,0.869,0.871,0.873,0.877,0.879,0.884,0.888,0.898,0.907,0.919,0.933,0.951,0.979,1.006,1.041,1.041,3.000,3.000,1.775,1.768,1.793,1.810,1.822,1.831,1.839,1.845,1.852,1.856,1.861,1.865,1.869,1.872,1.875,1.878,1.883,1.886,1.889,1.893,1.896,1.900,1.903,1.907,1.911,1.914,1.917,1.920,1.923,1.928,1.931,1.934,1.937,1.941,1.945,1.947,1.950,1.954,1.958,1.962,1.966,1.972,1.976,1.980,1.984,1.987,1.990,1.993,1.997,1.999,2.002,2.006,2.011,2.016,2.020,2.022,2.027,2.030,2.034,2.038,2.042,2.048,2.054,2.059,2.065,2.072,2.078,2.082,2.089,2.094,2.100,2.104,2.110,2.116,2.122,2.127,2.133,2.138,2.144,2.151,2.156,2.164,2.170,2.174,2.176,2.181,2.184,2.185,2.186,2.188,3.000,3.000,3.000,3.000,3.000,3.000,3.000,3.000,3.000,3.000,3.000,3.000,3.000,3.000,3.000,3.000,3.000,3.000,3.000,3.000,3.000,3.000,3.000,3.000,3.000,3.000,3.000,3.000,3.000,3.000,3.000,3.000,3.000,3.000,3.000,3.000,3.000,3.000,3.000,3.000,3.000,3.000,3.000,3.000,3.000,3.000,3.000,3.000,3.000,3.000,3.000,3.000,3.000,3.000
3.000,3.000,3.000,3.000,3.000,3.000,2.223,2.220,2.222,2.220,2.215,2.209,2.198,2.187,2.168,2.155,2.157,3.000,3.000,3.000,3.000,2.083,2.082,2.083,2.085,2.083,2.081,2.076,2.070,2.062,2.055,2.047,2.039,2.031,2.026,2.023,2.019,2.015,2.011,2.007,2.003,1.994,1.988,1.983,1.980,1.977,1.973,1.969,1.964,1.960,1.956,1.950,1.944,1.938,1.930,1.924,1.916,1.912,1.905,1.900,1.893,1.885,1.879,1.871,1.864,1.857,1.851,1.844,1.835,1.826,1.818,1.808,1.793,1.775,1.778,1.752,3.000,3.000,0.584,0.578,0.560,0.539,0.529,0.522,0.516,0.512,0.508,0.505,0.501,0.501,0.500,0.499,0.499,0.499,0.499,0.499,0.500,0.500,0.501,0.503,0.504,0.506,0.508,0.509,0.512,0.515,0.521,0.525,0.531,0.538,0.547,0.561,0.580,0.580,3.000,3.000,3.000,1.710,1.705,1.719,1.730,1.739,1.744,1.749,1.752,1.754,1.754,1.753,1.750,1.744,1.735,1.723,1.723,1.703,3.000,1.024,1.024,1.005,0.982,0.937,0.920,0.908,0.897,0.892,0.886,0.883,0.880,0.877,0.875,0.873,0.870,0.869,0.868,0.867,0.866,0.866,0.866,0.867,0.868,0.871,0.873,0.878,0.880,0.887,0.892,0.899,0.908,0.919,0.933,0.952,0.981,1.013,1.041,1.041,3.000,3.000,1.777,1.775,1.795,1.810,1.822,1.830,1.837,1.844,1.850,1.855,1.859,1.863,1.866,1.869,1.872,1.875,1.880,1.884,1.887,1.891,1.894,1.897,1.901,1.904,1.909,1.911,1.914,1.917,1.920,1.925,1.928,1.932,1.935,1.938,1.942,1.945,1.948,1.952,1.956,1.960,1.964,1.968,1.972,1.978,1.981,1.985,1.988,1.991,1.995,1.998,2.001,2.005,2.009,2.014,2.017,2.020,2.025,2.028,2.032,2.035,2.040,2.045,2.050,2.055,2.062,2.068,2.075,2.079,2.086,2.090,2.097,2.102,2.108,2.113,2.119,2.124,2.130,2.135,2.141,2.148,2.154,2.162,2.168,2.171,2.174,2.178,2.182,2.184,2.183,2.186,3.000,3.000,3.000,3.000,3.000,3.000,3.000,3.000,3.000,3.000,3.000,3.000,3.000,3.000,3.000,3.000,3.000,3.000,3.000,3.000,3.000,3.000,3.000,3.000,3.000,3.000,3.000,3.000,3.000,3.000,3.000,3.000,3.000,3.000,3.000,3.000,3.000,3.000,3.000,3.000,3.000,3.000,3.000,3.000,3.000,3.000,3.000,3.000,3.000,3.000,3.000,3.000,3.000,3.000
3.000,3.000,3.000,3.000,3.000,3.000,2.220,2.217,2.218,2.217,2.214,2.207,2.196,2.185,2.168,2.153,2.155,3.000,3.000,3.000,3.000,2.082,2.080,2.082,2.083,2.081,2.078,2.073,2.067,2.060,2.052,2.044,2.036,2.028,2.023,2.020,2.017,2.012,2.008,2.004,1.999,1.991,1.986,1.982,1.979,1.977,1.973,1.968,1.963,1.959,1.954,1.949,1.942,1.937,1.928,1.922,1.914,1.909,1.903,1.897,1.890,1.881,1.875,1.868,1.862,1.854,1.848,1.841,1.832,1.823,1.815,1.805,1.789,1.770,1.775,3.000,3.000,3.000,0.578,0.572,0.555,0.538,0.528,0.522,0.516,0.512,0.508,0.504,0.500,0.499,0.498,0.498,0.497,0.497,0.497,0.497,0.498,0.498,0.499,0.500,0.502,0.504,0.506,0.508,0.513,0.517,0.521,0.525,0.530,0.537,0.546,0.558,0.574,0.593,0.593,3.000,3.000,1.705,1.702,1.717,1.728,1.737,1.742,1.748,1.752,1.754,1.754,1.752,1.750,1.743,1.734,1.723,1.703,1.705,3.000,3.000,1.011,1.011,0.985,0.940,0.921,0.910,0.899,0.893,0.887,0.884,0.880,0.878,0.875,0.872,0.870,0.869,0.868,0.867,0.865,0.865,0.865,0.866,0.868,0.871,0.874,0.879,0.881,0.887,0.892,0.899,0.908,0.918,0.930,0.950,0.976,1.013,1.013,3.000,3.000,3.000,1.782,1.777,1.796,1.810,1.820,1.829,1.835,1.842,1.849,1.853,1.857,1.861,1.864,1.867,1.870,1.873,1.878,1.881,1.885,1.888,1.892,1.895,1.899,1.902,1.906,1.909,1.912,1.914,1.917,1.922,1.926,1.929,1.932,1.936,1.940,1.943,1.947,1.950,1.954,1.958,1.962,1.965,1.969,1.976,1.980,1.983,1.986,1.990,1.994,1.997,2.000,2.003,2.008,2.012,2.015,2.018,2.023,2.026,2.030,2.033,2.038,2.043,2.047,2.052,2.057,2.063,2.072,2.076,2.083,2.087,2.094,2.099,2.105,2.110,2.117,2.122,2.127,2.132,2.138,2.144,2.152,2.160,2.166,2.170,2.173,2.177,2.181,2.183,2.182,2.183,3.000,3.000,3.000,3.000,3.000,3.000,3.000,3.000,3.000,3.000,3.000,3.000,3.000,3.000,3.000,3.000,3.000,3.000,3.000,3.000,3.000,3.000,3.000,3.000,3.000,3.000,3.000,3.000,3.000,3.000,3.000,3.000,3.000,3.000,3.000,3.000,3.000,3.000,3.000,3.000,3.000,3.000,3.000,3.000,3.000,3.000,3.000,3.000,3.000,3.000,3.000,3.000,3.000,3.000
3.000,3.000,3.000,3.000,3.000,3.000,2.217,2.213,2.214,2.214,2.210,2.204,2.192,2.182,2.166,2.150,2.153,3.000,3.000,3.000,2.077,2.080,2.076,2.077,2.077,2.075,2.072,2.068,2.061,2.056,2.049,2.041,2.032,2.024,2.019,2.016,2.013,2.009,2.004,2.000,1.995,1.989,1.984,1.981,1.978,1.976,1.971,1.966,1.961,1.957,1.953,1.948,1.941,1.935,1.927,1.920,1.912,1.907,1.901,1.894,1.887,1.877,1.872,1.865,1.859,1.851,1.845,1.838,1.830,1.820,1.811,1.801,1.785,1.761,1.770,3.000,3.000,3.000,0.572,0.567,0.551,0.537,0.527,0.521,0.516,0.512,0.508,0.503,0.499,0.498,0.496,0.495,0.494,0.493,0.493,0.493,0.494,0.495,0.497,0.498,0.500,0.503,0.506,0.509,0.513,0.517,0.521,0.525,0.530,0.537,0.544,0.556,0.570,0.593,0.593,3.000,3.000,1.702,1.698,1.714,1.726,1.735,1.740,1.745,1.749,1.752,1.752,1.751,1.748,1.742,1.734,1.723,1.705,1.706,3.000,3.000,1.011,1.011,1.011,0.942,0.923,0.911,0.900,0.894,0.888,0.884,0.880,0.877,0.874,0.871,0.869,0.868,0.867,0.866,0.865,0.865,0.864,0.866,0.867,0.871,0.873,0.878,0.881,0.887,0.892,0.899,0.907,0.917,0.929,0.947,0.974,0.976,3.000,3.000,3.000,1.761,1.785,1.782,1.799,1.811,1.820,1.828,1.835,1.841,1.847,1.851,1.855,1.859,1.862,1.865,1.868,1.871,1.875,1.879,1.882,1.885,1.889,1.893,1.896,1.899,1.904,1.907,1.909,1.912,1.915,1.920,1.923,1.927,1.929,1.933,1.936,1.939,1.944,1.947,1.952,1.955,1.959,1.963,1.967,1.972,1.977,1.981,1.984,1.987,1.992,1.995,1.998,2.002,2.006,2.009,2.012,2.015,2.021,2.024,2.028,2.032,2.036,2.041,2.045,2.049,2.054,2.060,2.069,2.073,2.079,2.084,2.091,2.096,2.101,2.107,2.114,2.120,2.125,2.130,2.136,2.142,2.150,2.157,2.164,2.169,2.173,2.177,2.180,2.182,2.183,2.183,3.000,3.000,3.000,3.000,3.000,3.000,3.000,3.000,3.000,3.000,3.000,3.000,3.000,3.000,3.000,3.000,3.000,3.000,3.000,3.000,3.000,3.000,3.000,3.000,3.000,3.000,3.000,3.000,3.000,3.000,3.000,3.000,3.000,3.000,3.000,3.000,3.000,3.000,3.000,3.000,3.000,3.000,3.000,3.000,3.000,3.000,3.000,3.000,3.000,3.000,3.000,3.000,3.000,3.000
3.000,3.000,3.000,3.000,3.000,3.000,2.213,2.211,2.211,2.209,2.205,2.200,2.185,2.176,2.160,2.139,2.150,2.126,3.000,2.090,2.090,2.077,2.076,2.077,2.076,2.073,2.069,2.065,2.058,2.053,2.046,2.038,2.029,2.021,2.017,2.013,2.010,2.006,2.001,1.996,1.992,1.987,1.982,1.979,1.977,1.975,1.970,1.965,1.959,1.956,1.951,1.946,1.939,1.933,1.925,1.917,1.910,1.904,1.898,1.891,1.882,1.874,1.868,1.862,1.856,1.848,1.842,1.835,1.827,1.817,1.808,1.797,1.780,1.785,1.761,3.000,3.000,3.000,0.567,0.563,0.548,0.535,0.526,0.520,0.515,0.512,0.508,0.503,0.500,0.498,0.495,0.495,0.493,0.493,0.492,0.493,0.494,0.495,0.497,0.499,0.501,0.504,0.507,0.510,0.514,0.518,0.521,0.525,0.530,0.536,0.544,0.555,0.568,0.589,0.593,3.000,3.000,1.698,1.695,1.711,1.724,1.733,1.738,1.743,1.748,1.750,1.750,1.749,1.747,1.741,1.733,1.723,1.706,1.706,3.000,3.000,3.000,3.000,0.945,0.945,0.926,0.913,0.901,0.895,0.888,0.884,0.880,0.877,0.873,0.870,0.868,0.867,0.866,0.865,0.863,0.863,0.863,0.864,0.866,0.870,0.873,0.878,0.881,0.887,0.891,0.898,0.906,0.916,0.928,0.944,0.972,0.974,3.000,3.000,3.000,1.766,1.761,1.785,1.799,1.810,1.819,1.826,1.832,1.839,1.845,1.849,1.853,1.856,1.860,1.863,1.865,1.868,1.873,1.877,1.880,1.883,1.887,1.891,1.894,1.897,1.902,1.905,1.907,1.910,1.913,1.917,1.920,1.924,1.927,1.930,1.934,1.937,1.941,1.945,1.950,1.953,1.956,1.960,1.964,1.970,1.975,1.978,1.982,1.986,1.991,1.994,1.997,2.000,2.004,2.007,2.010,2.013,2.019,2.022,2.026,2.030,2.034,2.039,2.043,2.047,2.052,2.057,2.065,2.071,2.076,2.082,2.089,2.094,2.099,2.104,2.111,2.117,2.123,2.128,2.134,2.139,2.146,2.154,2.162,2.167,2.171,2.175,2.179,2.180,2.181,2.183,3.000,3.000,3.000,3.000,3.000,3.000,3.000,3.000,3.000,3.000,3.000,3.000,3.000,3.000,3.000,3.000,3.000,3.000,3.000,3.000,3.000,3.000,3.000,3.000,3.000,3.000,3.000,3.000,3.000,3.000,3.000,3.000,3.000,3.000,3.000,3.000,3.000,3.000,3.000,3.000,3.000,3.000,3.000,3.000,3.000,3.000,3.000,3.000,3.000,3.000,3.000,3.000,3.000,3.000
3.000,3.000,3.000,3.000,3.000,2.209,2.211,2.209,2.207,2.201,2.196,2.190,2.178,2.165,2.153,2.133,2.126,2.126,2.113,2.105,2.090,2.084,2.081,2.079,2.077,2.073,2.069,2.062,2.056,2.051,2.044,2.035,2.027,2.019,2.014,2.010,2.007,2.003,1.997,1.993,1.989,1.985,1.981,1.978,1.976,1.973,1.969,1.964,1.959,1.955,1.950,1.944,1.936,1.929,1.921,1.914,1.907,1.902,1.896,1.888,1.879,1.871,1.865,1.858,1.852,1.845,1.838,1.832,1.823,1.814,1.805,1.793,1.772,1.780,3.000,3.000,3.000,3.000,0.563,0.558,0.545,0.532,0.524,0.519,0.514,0.511,0.508,0.503,0.500,0.498,0.496,0.495,0.494,0.493,0.493,0.494,0.495,0.496,0.498,0.500,0.502,0.505,0.508,0.511,0.514,0.518,0.520,0.525,0.530,0.537,0.544,0.554,0.567,0.586,0.589,3.000,3.000,1.695,1.711,1.709,1.722,1.731,1.737,1.742,1.747,1.749,1.748,1.748,1.745,1.741,1.734,1.723,1.706,1.707,1.684,3.000,3.000,3.000,0.945,0.945,0.930,0.916,0.903,0.896,0.888,0.884,0.879,0.876,0.872,0.869,0.867,0.866,0.865,0.864,0.862,0.862,0.862,0.863,0.865,0.869,0.872,0.878,0.880,0.886,0.891,0.898,0.905,0.916,0.928,0.944,0.972,0.972,3.000,3.000,1.742,1.771,1.766,1.787,1.800,1.810,1.818,1.825,1.830,1.836,1.843,1.846,1.850,1.853,1.857,1.860,1.863,1.866,1.871,1.874,1.878,1.881,1.885,1.888,1.892,1.895,1.899,1.902,1.905,1.908,1.910,1.914,1.918,1.921,1.925,1.929,1.933,1.936,1.939,1.943,1.948,1.951,1.954,1.957,1.962,1.967,1.972,1.976,1.979,1.983,1.989,1.992,1.995,1.999,2.002,2.006,2.009,2.013,2.018,2.021,2.025,2.029,2.033,2.038,2.042,2.046,2.051,2.056,2.064,2.069,2.075,2.080,2.087,2.092,2.097,2.102,2.108,2.115,2.120,2.126,2.132,2.137,2.144,2.151,2.158,2.164,2.168,2.172,2.176,2.178,2.179,2.181,3.000,3.000,3.000,3.000,3.000,3.000,3.000,3.000,3.000,3.000,3.000,3.000,3.000,3.000,3.000,3.000,3.000,3.000,3.000,3.000,3.000,3.000,3.000,3.000,3.000,3.000,3.000,3.000,3.000,3.000,3.000,3.000,3.000,3.000,3.000,3.000,3.000,3.000,3.000,3.000,3.000,3.000,3.000,3.000,3.000,3.000,3.000,3.000,3.000,3.000,3.000,3.000,3.000,3.000
3.000,3.000,3.000,3.000,3.000,2.209,2.209,2.207,2.204,2.197,2.191,2.184,2.170,2.160,2.141,2.129,2.122,2.113,2.105,2.098,2.091,2.086,2.082,2.079,2.076,2.072,2.067,2.061,2.055,2.049,2.041,2.033,2.025,2.017,2.012,2.009,2.005,2.001,1.995,1.991,1.987,1.983,1.980,1.977,1.975,1.971,1.967,1.963,1.959,1.954,1.950,1.943,1.934,1.927,1.919,1.912,1.905,1.900,1.894,1.886,1.877,1.869,1.863,1.857,1.850,1.843,1.836,1.829,1.820,1.810,1.800,1.788,1.766,1.772,3.000,3.000,3.000,0.571,0.571,0.556,0.543,0.531,0.523,0.518,0.514,0.511,0.508,0.504,0.501,0.499,0.496,0.496,0.494,0.494,0.494,0.495,0.496,0.498,0.500,0.502,0.504,0.507,0.509,0.513,0.515,0.518,0.521,0.525,0.531,0.537,0.545,0.555,0.567,0.586,0.588,3.000,3.000,3.000,1.709,1.706,1.719,1.728,1.735,1.740,1.745,1.747,1.746,1.745,1.743,1.738,1.732,1.723,1.707,1.684,1.687,3.000,3.000,3.000,3.000,0.938,0.932,0.918,0.904,0.896,0.889,0.884,0.879,0.875,0.871,0.868,0.867,0.865,0.864,0.862,0.861,0.861,0.861,0.862,0.864,0.867,0.871,0.877,0.879,0.885,0.889,0.897,0.905,0.916,0.928,0.945,0.949,3.000,3.000,3.000,1.751,1.742,1.771,1.788,1.800,1.810,1.817,1.823,1.828,1.833,1.839,1.843,1.847,1.850,1.854,1.857,1.860,1.864,1.868,1.872,1.875,1.879,1.882,1.885,1.889,1.891,1.896,1.900,1.902,1.905,1.908,1.912,1.915,1.918,1.922,1.926,1.930,1.934,1.937,1.941,1.945,1.949,1.952,1.955,1.959,1.964,1.969,1.972,1.976,1.980,1.986,1.990,1.992,1.996,2.000,2.004,2.007,2.010,2.016,2.019,2.023,2.027,2.032,2.037,2.041,2.045,2.050,2.055,2.062,2.068,2.073,2.079,2.086,2.091,2.096,2.100,2.106,2.113,2.119,2.125,2.131,2.136,2.142,2.149,2.156,2.161,2.166,2.170,2.174,2.176,2.178,2.179,2.176,3.000,3.000,3.000,3.000,3.000,3.000,3.000,3.000,3.000,3.000,3.000,3.000,3.000,3.000,3.000,3.000,3.000,3.000,3.000,3.000,3.000,3.000,3.000,3.000,3.000,3.000,3.000,3.000,3.000,3.000,3.000,3.000,3.000,3.000,3.000,3.000,3.000,3.000,3.000,3.000,3.000,3.000,3.000,3.000,3.000,3.000,3.000,3.000,3.000,3.000,3.000,3.000,3.000
3.000,3.000,3.000,3.000,3.000,2.209,2.209,2.206,2.202,2.194,2.187,2.180,2.167,2.158,2.143,2.130,2.124,2.117,2.106,2.098,2.092,2.087,2.082,2.078,2.074,2.070,2.065,2.059,2.053,2.047,2.039,2.032,2.024,2.016,2.011,2.007,2.003,1.999,1.994,1.989,1.986,1.982,1.979,1.974,1.972,1.968,1.965,1.962,1.957,1.953,1.948,1.941,1.931,1.924,1.916,1.910,1.903,1.898,1.891,1.883,1.875,1.867,1.861,1.855,1.848,1.840,1.833,1.825,1.815,1.805,1.795,1.781,1.788,1.766,3.000,3.000,3.000,0.571,0.571,0.554,0.541,0.530,0.523,0.518,0.514,0.510,0.508,0.504,0.502,0.500,0.497,0.496,0.495,0.495,0.495,0.496,0.497,0.499,0.501,0.504,0.506,0.509,0.511,0.514,0.517,0.519,0.522,0.526,0.532,0.540,0.547,0.557,0.569,0.588,0.591,3.000,3.000,1.685,1.706,1.704,1.717,1.726,1.732,1.737,1.743,1.744,1.743,1.742,1.740,1.736,1.731,1.722,1.708,1.687,1.693,3.000,3.000,3.000,3.000,0.942,0.938,0.921,0.907,0.899,0.890,0.885,0.880,0.876,0.872,0.869,0.868,0.866,0.864,0.863,0.861,0.861,0.862,0.863,0.865,0.868,0.871,0.877,0.880,0.885,0.889,0.897,0.905,0.917,0.930,0.949,0.955,3.000,3.000,3.000,1.757,1.751,1.774,1.789,1.800,1.808,1.816,1.821,1.827,1.832,1.838,1.841,1.845,1.848,1.851,1.854,1.858,1.861,1.865,1.869,1.873,1.876,1.880,1.883,1.886,1.889,1.894,1.898,1.900,1.903,1.906,1.910,1.913,1.916,1.919,1.923,1.927,1.931,1.934,1.938,1.942,1.946,1.949,1.953,1.957,1.962,1.966,1.969,1.973,1.978,1.983,1.988,1.990,1.995,1.999,2.002,2.005,2.008,2.013,2.016,2.020,2.025,2.030,2.035,2.039,2.043,2.048,2.054,2.060,2.065,2.071,2.077,2.084,2.089,2.094,2.098,2.105,2.111,2.117,2.123,2.129,2.134,2.140,2.146,2.153,2.158,2.163,2.167,2.171,2.173,2.174,2.176,2.180,2.180,2.170,2.181,2.187,2.194,2.208,2.217,2.217,2.217,3.000,3.000,3.000,3.000,3.000,3.000,3.000,3.000,3.000,3.000,3.000,3.000,3.000,3.000,3.000,3.000,3.000,3.000,3.000,3.000,3.000,3.000,3.000,3.000,3.000,3.000,3.000,3.000,3.000,3.000,3.000,3.000,3.000,3.000,3.000,3.000,3.000,3.000,3.000,3.000,3.000,3.000,3.000,3.000
3.000,3.000,3.000,3.000,3.000,2.209,2.209,2.207,2.201,2.193,2.185,2.177,2.166,2.157,2.144,2.135,2.128,2.122,2.109,2.100,2.094,2.089,2.084,2.080,2.074,2.070,2.065,2.059,2.052,2.046,2.039,2.032,2.023,2.016,2.011,2.007,2.003,1.999,1.993,1.989,1.985,1.981,1.978,1.973,1.970,1.966,1.964,1.960,1.955,1.951,1.946,1.939,1.927,1.920,1.913,1.906,1.900,1.895,1.889,1.880,1.873,1.865,1.859,1.853,1.846,1.838,1.830,1.821,1.810,1.800,1.790,1.776,1.781,3.000,3.000,3.000,3.000,0.571,0.570,0.554,0.541,0.531,0.523,0.518,0.514,0.511,0.508,0.505,0.503,0.501,0.499,0.499,0.497,0.497,0.497,0.498,0.499,0.501,0.503,0.505,0.507,0.510,0.513,0.515,0.518,0.520,0.523,0.528,0.534,0.540,0.549,0.558,0.571,0.591,0.591,3.000,3.000,1.686,1.685,1.703,1.715,1.723,1.730,1.735,1.740,1.742,1.741,1.740,1.738,1.735,1.730,1.723,1.711,1.693,1.697,1.671,3.000,3.000,3.000,0.948,0.942,0.924,0.910,0.901,0.892,0.887,0.881,0.877,0.874,0.871,0.869,0.867,0.865,0.864,0.863,0.863,0.864,0.865,0.867,0.869,0.873,0.879,0.882,0.886,0.891,0.898,0.907,0.919,0.934,0.955,0.964,3.000,3.000,3.000,1.761,1.757,1.776,1.789,1.799,1.807,1.815,1.820,1.825,1.830,1.835,1.838,1.842,1.845,1.849,1.852,1.856,1.858,1.863,1.866,1.870,1.873,1.877,1.880,1.883,1.886,1.891,1.896,1.899,1.901,1.904,1.908,1.911,1.914,1.917,1.921,1.925,1.929,1.932,1.936,1.940,1.944,1.947,1.950,1.954,1.959,1.963,1.966,1.971,1.976,1.980,1.986,1.989,1.993,1.997,2.001,2.004,2.007,2.011,2.015,2.018,2.023,2.028,2.032,2.036,2.041,2.046,2.052,2.058,2.063,2.069,2.075,2.081,2.086,2.091,2.096,2.102,2.109,2.115,2.121,2.127,2.132,2.138,2.144,2.151,2.156,2.161,2.166,2.170,2.173,2.175,2.179,2.180,2.169,2.168,2.170,2.181,2.187,2.194,2.208,2.217,2.288,2.288,2.288,3.000,3.000,3.000,3.000,3.000,3.000,3.000,3.000,3.000,3.000,3.000,3.000,3.000,3.000,3.000,3.000,3.000,3.000,3.000,3.000,3.000,3.000,3.000,3.000,3.000,3.000,3.000,3.000,3.000,3.000,3.000,3.000,3.000,3.000,3.000,3.000,3.000,3.000,3.000,3.000,3.000,3.000
3.000,3.000,3.000,3.000,3.000,3.000,2.212,2.208,2.201,2.193,2.186,2.176,2.165,2.156,2.143,2.134,2.129,2.123,2.112,2.101,2.095,2.090,2.086,2.081,2.074,2.069,2.065,2.059,2.052,2.046,2.039,2.032,2.023,2.016,2.011,2.008,2.003,1.999,1.993,1.989,1.986,1.982,1.979,1.974,1.971,1.967,1.964,1.959,1.954,1.950,1.944,1.934,1.925,1.918,1.911,1.903,1.896,1.890,1.884,1.878,1.871,1.864,1.858,1.851,1.844,1.837,1.828,1.819,1.808,1.798,1.786,1.770,1.776,3.000,3.000,3.000,0.589,0.589,0.569,0.553,0.541,0.532,0.524,0.519,0.515,0.511,0.509,0.506,0.504,0.503,0.501,0.500,0.499,0.498,0.499,0.500,0.501,0.502,0.504,0.506,0.509,0.511,0.513,0.516,0.518,0.522,0.525,0.531,0.536,0.542,0.551,0.561,0.575,0.591,0.591,3.000,3.000,1.686,1.686,1.702,1.714,1.722,1.728,1.733,1.737,1.739,1.739,1.738,1.736,1.734,1.729,1.723,1.713,1.697,1.671,1.680,3.000,3.000,3.000,0.953,0.948,0.928,0.914,0.904,0.895,0.890,0.883,0.879,0.875,0.872,0.870,0.869,0.867,0.866,0.865,0.866,0.867,0.868,0.870,0.873,0.877,0.882,0.885,0.890,0.894,0.902,0.912,0.924,0.941,0.964,0.964,3.000,3.000,1.745,1.763,1.761,1.778,1.789,1.799,1.806,1.813,1.818,1.824,1.828,1.833,1.836,1.840,1.843,1.847,1.851,1.854,1.857,1.860,1.865,1.869,1.872,1.875,1.878,1.882,1.885,1.890,1.894,1.897,1.899,1.903,1.907,1.910,1.913,1.916,1.920,1.924,1.927,1.931,1.935,1.939,1.942,1.946,1.949,1.952,1.956,1.961,1.964,1.969,1.974,1.978,1.983,1.987,1.991,1.995,1.999,2.002,2.006,2.010,2.014,2.018,2.022,2.026,2.031,2.034,2.038,2.044,2.049,2.055,2.060,2.066,2.072,2.078,2.083,2.088,2.093,2.099,2.107,2.113,2.118,2.124,2.130,2.137,2.143,2.150,2.156,2.161,2.167,2.172,2.177,2.181,2.188,2.196,2.201,2.206,2.213,2.221,2.225,2.232,2.239,2.253,2.264,2.288,2.315,2.323,2.332,2.347,2.355,2.363,2.371,2.379,2.387,2.395,2.404,2.404,2.404,3.000,3.000,3.000,3.000,3.000,3.000,3.000,3.000,3.000,3.000,2.602,2.605,2.605,2.605,3.000,3.000,3.000,3.000,3.000,3.000,3.000,3.000,3.000,3.000,3.000,3.000,3.000,3.000,3.000,3.000
3.000,3.000,3.000,3.000,3.000,2.230,2.230,2.212,2.212,2.201,2.193,2.186,2.176,2.155,2.145,2.135,2.129,2.124,2.113,2.102,2.097,2.092,2.088,2.082,2.075,2.069,2.065,2.059,2.053,2.047,2.039,2.032,2.022,2.016,2.011,2.008,2.002,1.998,1.993,1.989,1.986,1.982,1.979,1.973,1.970,1.966,1.962,1.958,1.952,1.947,1.940,1.932,1.923,1.916,1.908,1.901,1.893,1.887,1.882,1.876,1.869,1.861,1.856,1.850,1.842,1.835,1.827,1.817,1.805,1.795,1.782,1.766,1.770,3.000,3.000,3.000,0.589,0.589,0.569,0.554,0.542,0.534,0.525,0.520,0.515,0.512,0.510,0.507,0.505,0.504,0.502,0.501,0.500,0.500,0.500,0.501,0.502,0.503,0.505,0.507,0.509,0.512,0.514,0.517,0.519,0.524,0.528,0.533,0.539,0.545,0.554,0.564,0.580,0.589,3.000,3.000,3.000,1.687,1.686,1.702,1.713,1.721,1.726,1.730,1.734,1.736,1.736,1.735,1.733,1.731,1.728,1.722,1.713,1.699,1.680,1.682,3.000,3.000,3.000,0.957,0.953,0.933,0.918,0.907,0.898,0.892,0.885,0.881,0.877,0.874,0.872,0.870,0.868,0.867,0.867,0.868,0.869,0.870,0.872,0.875,0.879,0.884,0.888,0.893,0.898,0.906,0.916,0.929,0.947,0.964,0.964,3.000,3.000,1.748,1.745,1.763,1.778,1.788,1.797,1.805,1.812,1.817,1.822,1.826,1.830,1.834,1.838,1.841,1.844,1.848,1.852,1.854,1.858,1.862,1.866,1.869,1.872,1.875,1.880,1.883,1.888,1.892,1.895,1.898,1.901,1.905,1.908,1.912,1.914,1.918,1.922,1.926,1.929,1.933,1.937,1.941,1.945,1.947,1.951,1.954,1.959,1.962,1.967,1.971,1.977,1.982,1.986,1.990,1.994,1.998,2.002,2.006,2.010,2.014,2.017,2.022,2.025,2.029,2.032,2.036,2.042,2.047,2.054,2.058,2.064,2.069,2.075,2.080,2.086,2.091,2.096,2.105,2.110,2.115,2.121,2.128,2.135,2.142,2.149,2.155,2.160,2.168,2.174,2.180,2.186,2.195,2.202,2.208,2.214,2.221,2.230,2.238,2.245,2.253,2.266,2.277,2.294,2.304,2.315,2.323,2.332,2.347,2.355,2.363,2.371,2.379,2.387,2.395,2.404,2.418,2.418,2.418,3.000,3.000,3.000,3.000,3.000,3.000,3.000,2.605,2.605,2.602,2.605,2.620,2.620,2.620,3.000,3.000,3.000,3.000,3.000,3.000,3.000,3.000,3.000,3.000,3.000,3.000,3.000,3.000
3.000,3.000,3.000,3.000,3.000,2.230,2.230,2.230,2.212,3.000,3.000,3.000,2.155,2.155,2.142,2.134,2.126,2.120,2.110,2.102,2.097,2.093,2.089,2.082,2.074,2.069,2.064,2.059,2.053,2.046,2.039,2.031,2.021,2.015,2.010,2.006,2.001,1.997,1.991,1.988,1.985,1.980,1.977,1.972,1.968,1.964,1.960,1.955,1.949,1.943,1.937,1.930,1.921,1.914,1.907,1.900,1.892,1.886,1.881,1.874,1.867,1.860,1.854,1.848,1.840,1.833,1.824,1.814,1.802,1.791,1.778,1.758,1.766,3.000,3.000,0.603,0.603,0.586,0.569,0.555,0.543,0.535,0.528,0.522,0.517,0.514,0.511,0.509,0.507,0.505,0.503,0.503,0.502,0.501,0.502,0.502,0.503,0.504,0.506,0.508,0.510,0.512,0.515,0.518,0.520,0.526,0.530,0.536,0.542,0.548,0.559,0.570,0.589,0.589,3.000,3.000,3.000,1.688,1.687,1.702,1.713,1.720,1.725,1.729,1.732,1.733,1.733,1.732,1.730,1.727,1.724,1.718,1.710,1.698,1.682,1.682,1.658,3.000,3.000,0.961,0.957,0.936,0.921,0.910,0.900,0.894,0.887,0.883,0.878,0.875,0.873,0.871,0.870,0.869,0.868,0.869,0.870,0.871,0.873,0.877,0.881,0.886,0.889,0.895,0.901,0.909,0.920,0.936,0.957,0.967,3.000,3.000,1.724,1.751,1.748,1.765,1.779,1.789,1.797,1.804,1.811,1.816,1.820,1.824,1.829,1.832,1.836,1.839,1.842,1.846,1.849,1.851,1.855,1.859,1.863,1.866,1.869,1.872,1.876,1.880,1.885,1.889,1.893,1.895,1.899,1.903,1.906,1.909,1.912,1.916,1.920,1.924,1.927,1.931,1.935,1.940,1.943,1.946,1.949,1.952,1.957,1.960,1.964,1.968,1.975,1.980,1.985,1.989,1.993,1.997,2.001,2.005,2.009,2.013,2.017,2.021,2.024,2.028,2.030,2.034,2.038,2.045,2.052,2.056,2.062,2.068,2.073,2.078,2.084,2.088,2.094,2.103,2.108,2.114,2.119,2.124,2.132,2.139,2.146,2.153,2.158,2.167,2.174,2.180,2.187,2.196,2.203,2.209,2.215,2.223,2.233,2.243,2.251,2.259,2.271,2.283,2.296,2.307,2.316,2.325,2.334,2.348,2.356,2.364,2.372,2.380,2.388,2.396,2.404,2.410,2.418,2.420,3.000,3.000,3.000,3.000,3.000,3.000,3.000,2.605,2.605,2.605,2.608,2.615,2.620,2.645,2.657,2.657,2.657,3.000,3.000,3.000,3.000,3.000,3.000,3.000,3.000,2.657,2.657,2.657
3.000,3.000,3.000,3.000,2.231,2.231,2.228,2.230,3.000,3.000,3.000,3.000,3.000,2.143,2.141,2.133,2.127,2.118,2.110,2.103,2.098,2.094,2.091,2.083,2.074,2.069,2.064,2.058,2.052,2.045,2.035,2.028,2.019,2.013,2.008,2.004,1.998,1.994,1.990,1.986,1.983,1.978,1.976,1.970,1.966,1.962,1.958,1.954,1.948,1.942,1.936,1.929,1.919,1.914,1.907,1.899,1.891,1.885,1.880,1.873,1.867,1.860,1.853,1.847,1.839,1.832,1.823,1.812,1.800,1.788,1.772,1.778,1.758,3.000,3.000,0.603,0.603,0.583,0.569,0.556,0.545,0.537,0.530,0.524,0.519,0.516,0.513,0.511,0.509,0.507,0.505,0.504,0.503,0.503,0.503,0.504,0.504,0.506,0.508,0.510,0.511,0.514,0.516,0.520,0.523,0.528,0.533,0.539,0.546,0.552,0.564,0.576,0.589,0.589,3.000,3.000,1.670,1.689,1.688,1.701,1.712,1.718,1.722,1.725,1.729,1.729,1.729,1.727,1.725,1.722,1.719,1.713,1.706,1.695,1.681,1.658,1.659,3.000,3.000,0.966,0.961,0.939,0.925,0.913,0.904,0.897,0.889,0.884,0.880,0.876,0.874,0.872,0.871,0.870,0.869,0.870,0.871,0.873,0.875,0.879,0.883,0.887,0.892,0.898,0.905,0.913,0.925,0.942,0.967,0.967,3.000,3.000,1.731,1.724,1.751,1.766,1.779,1.788,1.796,1.803,1.809,1.813,1.817,1.822,1.826,1.830,1.834,1.837,1.840,1.844,1.847,1.849,1.852,1.855,1.860,1.864,1.867,1.870,1.874,1.877,1.883,1.887,1.890,1.893,1.896,1.901,1.904,1.907,1.910,1.914,1.917,1.921,1.925,1.928,1.933,1.937,1.941,1.943,1.947,1.950,1.954,1.958,1.961,1.966,1.971,1.976,1.982,1.985,1.990,1.994,1.999,2.003,2.008,2.012,2.015,2.019,2.023,2.026,2.029,2.033,2.037,2.043,2.049,2.053,2.061,2.066,2.071,2.077,2.082,2.087,2.093,2.102,2.108,2.113,2.118,2.124,2.130,2.138,2.145,2.151,2.157,2.166,2.173,2.180,2.187,2.196,2.203,2.209,2.216,2.224,2.234,2.245,2.253,2.262,2.274,2.285,2.297,2.307,2.315,2.325,2.334,2.348,2.355,2.363,2.372,2.380,2.390,2.397,2.405,2.411,2.420,2.425,2.425,3.000,3.000,3.000,3.000,3.000,3.000,2.605,2.616,2.613,2.615,2.619,2.623,2.629,2.645,2.657,2.657,2.655,3.000,3.000,3.000,3.000,3.000,3.000,2.662,2.662,2.657,2.656
3.000,3.000,3.000,3.000,2.231,2.231,2.223,2.228,3.000,3.000,3.000,3.000,2.149,2.149,2.143,2.135,2.130,2.122,2.114,2.105,2.101,2.098,2.094,2.085,2.076,2.070,2.064,2.058,2.051,2.043,2.033,2.027,2.019,2.012,2.007,2.003,1.997,1.993,1.989,1.985,1.981,1.976,1.973,1.968,1.965,1.961,1.957,1.953,1.947,1.942,1.936,1.928,1.919,1.912,1.905,1.894,1.888,1.883,1.879,1.873,1.867,1.860,1.854,1.847,1.839,1.831,1.823,1.812,1.799,1.786,1.769,1.772,3.000,3.000,3.000,0.603,0.599,0.582,0.569,0.558,0.547,0.539,0.533,0.527,0.521,0.518,0.515,0.513,0.511,0.509,0.507,0.506,0.505,0.505,0.505,0.506,0.507,0.508,0.510,0.512,0.513,0.516,0.519,0.523,0.527,0.531,0.537,0.544,0.552,0.559,0.572,0.583,0.576,3.000,3.000,3.000,1.674,1.670,1.689,1.701,1.710,1.716,1.720,1.722,1.725,1.725,1.724,1.722,1.719,1.717,1.714,1.708,1.702,1.692,1.679,1.659,1.659,3.000,3.000,0.971,0.966,0.943,0.928,0.916,0.906,0.899,0.891,0.886,0.882,0.878,0.876,0.874,0.872,0.872,0.871,0.871,0.872,0.874,0.877,0.881,0.885,0.891,0.896,0.902,0.910,0.919,0.932,0.953,0.967,0.967,3.000,3.000,1.735,1.731,1.753,1.767,1.779,1.787,1.796,1.802,1.808,1.812,1.816,1.821,1.825,1.828,1.832,1.835,1.839,1.842,1.845,1.848,1.850,1.854,1.858,1.862,1.866,1.869,1.872,1.876,1.881,1.884,1.888,1.891,1.894,1.898,1.902,1.905,1.908,1.912,1.915,1.919,1.922,1.926,1.930,1.934,1.938,1.941,1.944,1.947,1.951,1.955,1.959,1.963,1.968,1.974,1.979,1.983,1.987,1.991,1.996,2.000,2.005,2.009,2.013,2.017,2.020,2.025,2.028,2.032,2.036,2.041,2.047,2.051,2.058,2.063,2.069,2.075,2.080,2.085,2.091,2.100,2.107,2.113,2.118,2.123,2.130,2.136,2.143,2.149,2.155,2.165,2.172,2.180,2.187,2.194,2.202,2.208,2.215,2.222,2.232,2.243,2.252,2.260,2.272,2.283,2.295,2.304,2.313,2.321,2.332,2.345,2.353,2.362,2.370,2.380,2.390,2.398,2.405,2.411,2.421,2.425,2.430,2.430,3.000,3.000,3.000,3.000,3.000,3.000,2.618,2.616,2.619,2.621,2.626,2.631,2.646,2.655,2.655,2.655,2.641,3.000,3.000,3.000,3.000,3.000,2.662,2.662,2.656,2.655
3.000,3.000,3.000,3.000,2.231,2.224,2.220,2.223,3.000,3.000,3.000,3.000,2.153,2.149,2.144,2.135,2.130,2.122,2.114,2.105,2.101,2.098,2.094,2.087,2.077,2.070,2.064,2.057,2.049,2.040,2.033,2.026,2.018,2.012,2.007,2.002,1.996,1.993,1.989,1.985,1.981,1.975,1.972,1.966,1.963,1.958,1.956,1.951,1.945,1.940,1.934,1.926,1.918,1.911,1.904,1.894,1.888,1.883,1.879,1.874,1.868,1.862,1.855,1.848,1.839,1.832,1.823,1.813,1.798,1.784,1.765,1.769,3.000,3.000,3.000,0.599,0.597,0.581,0.570,0.559,0.550,0.541,0.535,0.529,0.524,0.520,0.517,0.515,0.513,0.511,0.508,0.507,0.507,0.507,0.507,0.508,0.508,0.510,0.511,0.514,0.515,0.518,0.522,0.526,0.530,0.535,0.541,0.549,0.558,0.566,0.583,0.583,3.000,3.000,3.000,1.645,1.677,1.674,1.691,1.702,1.709,1.715,1.718,1.720,1.722,1.721,1.720,1.716,1.713,1.711,1.707,1.702,1.695,1.687,1.675,1.657,1.659,3.000,3.000,0.971,0.971,0.945,0.930,0.918,0.908,0.901,0.893,0.888,0.883,0.880,0.877,0.875,0.874,0.873,0.873,0.874,0.875,0.877,0.880,0.885,0.889,0.894,0.900,0.908,0.916,0.926,0.940,0.963,0.975,3.000,3.000,3.000,1.738,1.735,1.755,1.768,1.779,1.787,1.795,1.801,1.806,1.811,1.815,1.819,1.823,1.826,1.830,1.833,1.837,1.840,1.843,1.846,1.849,1.852,1.857,1.861,1.864,1.867,1.871,1.874,1.879,1.883,1.886,1.889,1.893,1.896,1.899,1.903,1.906,1.910,1.913,1.917,1.920,1.924,1.928,1.932,1.936,1.939,1.942,1.945,1.949,1.954,1.957,1.961,1.966,1.972,1.977,1.981,1.985,1.989,1.994,1.998,2.002,2.006,2.009,2.015,2.018,2.023,2.026,2.030,2.034,2.040,2.045,2.049,2.055,2.060,2.065,2.071,2.077,2.082,2.088,2.097,2.104,2.111,2.116,2.122,2.128,2.135,2.142,2.148,2.154,2.163,2.170,2.179,2.186,2.193,2.201,2.207,2.213,2.220,2.230,2.241,2.249,2.257,2.268,2.280,2.291,2.300,2.308,2.318,2.329,2.340,2.348,2.358,2.367,2.377,2.388,2.396,2.404,2.410,2.420,2.425,2.430,2.430,3.000,3.000,3.000,3.000,3.000,3.000,2.620,2.618,2.622,2.623,2.627,2.630,2.643,2.649,2.648,2.641,2.641,3.000,3.000,3.000,3.000,3.000,2.662,2.657,2.650,2.652
3.000,3.000,3.000,3.000,2.224,2.224,2.220,2.220,3.000,3.000,3.000,3.000,2.155,2.153,2.147,2.136,2.130,2.122,2.114,2.106,2.102,2.098,2.095,2.087,2.079,2.072,2.066,2.058,2.050,2.041,2.034,2.027,2.019,2.012,2.007,2.004,1.998,1.994,1.989,1.986,1.982,1.976,1.972,1.967,1.964,1.960,1.956,1.951,1.945,1.939,1.933,1.926,1.918,1.911,1.904,1.895,1.889,1.885,1.880,1.874,1.868,1.862,1.855,1.848,1.839,1.832,1.823,1.813,1.797,1.782,1.761,1.765,3.000,3.000,3.000,0.597,0.596,0.581,0.571,0.561,0.553,0.544,0.537,0.531,0.525,0.522,0.518,0.516,0.514,0.512,0.509,0.509,0.508,0.508,0.509,0.509,0.509,0.511,0.513,0.515,0.517,0.520,0.524,0.528,0.532,0.538,0.546,0.554,0.565,0.573,0.583,0.583,3.000,3.000,3.000,1.651,1.645,1.677,1.692,1.701,1.708,1.713,1.716,1.717,1.718,1.716,1.714,1.709,1.705,1.702,1.699,1.693,1.687,1.679,1.669,1.653,1.657,3.000,3.000,0.971,0.971,0.948,0.933,0.921,0.911,0.904,0.895,0.890,0.885,0.882,0.879,0.877,0.875,0.875,0.875,0.876,0.878,0.881,0.884,0.889,0.892,0.899,0.904,0.913,0.921,0.933,0.949,0.975,0.975,3.000,3.000,1.717,1.738,1.738,1.756,1.768,1.778,1.785,1.794,1.800,1.805,1.809,1.813,1.817,1.821,1.824,1.827,1.831,1.835,1.838,1.841,1.845,1.848,1.851,1.855,1.859,1.862,1.865,1.869,1.872,1.877,1.881,1.884,1.887,1.891,1.894,1.898,1.901,1.905,1.908,1.912,1.915,1.919,1.923,1.927,1.931,1.935,1.937,1.940,1.944,1.948,1.953,1.956,1.959,1.964,1.970,1.975,1.979,1.983,1.987,1.992,1.996,2.000,2.004,2.007,2.011,2.016,2.021,2.024,2.029,2.033,2.039,2.043,2.048,2.053,2.058,2.063,2.069,2.075,2.080,2.087,2.096,2.103,2.109,2.115,2.121,2.127,2.134,2.141,2.147,2.153,2.160,2.168,2.176,2.184,2.192,2.200,2.205,2.212,2.219,2.229,2.239,2.247,2.255,2.265,2.278,2.288,2.297,2.305,2.314,2.324,2.336,2.345,2.354,2.365,2.374,2.385,2.394,2.403,2.411,2.420,2.425,2.429,2.430,3.000,3.000,3.000,3.000,3.000,3.000,2.620,2.620,2.624,2.625,2.627,2.630,2.641,2.646,2.642,2.640,2.641,3.000,3.000,3.000,3.000,3.000,2.657,2.644,2.643,2.643
3.000,3.000,3.000,3.000,2.224,2.222,2.217,2.220,3.000,3.000,3.000,3.000,2.155,2.155,2.148,2.137,2.130,2.122,2.116,2.107,2.103,2.099,2.095,2.088,2.080,2.073,2.066,2.057,2.049,2.041,2.034,2.028,2.020,2.012,2.007,2.005,2.000,1.996,1.991,1.986,1.983,1.977,1.973,1.969,1.966,1.962,1.958,1.952,1.945,1.939,1.933,1.926,1.919,1.912,1.904,1.895,1.890,1.885,1.880,1.875,1.869,1.864,1.856,1.849,1.839,1.832,1.824,1.813,1.797,1.780,1.757,1.761,3.000,3.000,3.000,0.596,0.596,0.582,0.571,0.563,0.555,0.546,0.540,0.535,0.529,0.525,0.521,0.518,0.515,0.514,0.511,0.511,0.510,0.510,0.510,0.511,0.511,0.513,0.515,0.517,0.520,0.523,0.527,0.532,0.536,0.543,0.551,0.562,0.574,0.585,0.573,3.000,3.000,3.000,1.630,1.658,1.651,1.680,1.692,1.700,1.706,1.709,1.712,1.712,1.712,1.710,1.705,1.698,1.692,1.705,1.702,1.699,1.693,1.664,1.656,1.639,1.653,3.000,3.000,3.000,0.955,0.951,0.935,0.923,0.913,0.906,0.897,0.892,0.887,0.883,0.880,0.878,0.876,0.876,0.876,0.877,0.879,0.883,0.886,0.891,0.895,0.901,0.907,0.917,0.926,0.940,0.959,0.975,0.975,3.000,3.000,1.721,1.717,1.738,1.755,1.766,1.775,1.783,1.791,1.798,1.803,1.807,1.811,1.815,1.819,1.822,1.826,1.829,1.834,1.837,1.840,1.843,1.847,1.850,1.854,1.858,1.861,1.864,1.867,1.870,1.874,1.878,1.882,1.885,1.889,1.892,1.896,1.899,1.903,1.906,1.910,1.913,1.917,1.921,1.925,1.929,1.933,1.936,1.939,1.943,1.947,1.951,1.955,1.958,1.962,1.969,1.974,1.978,1.982,1.986,1.991,1.995,1.999,2.002,2.006,2.009,2.013,2.019,2.022,2.027,2.031,2.037,2.042,2.046,2.051,2.056,2.061,2.067,2.073,2.079,2.086,2.094,2.102,2.108,2.114,2.120,2.126,2.133,2.140,2.146,2.152,2.159,2.167,2.175,2.183,2.190,2.198,2.204,2.210,2.217,2.227,2.237,2.245,2.253,2.263,2.275,2.286,2.295,2.303,2.312,2.322,2.334,2.342,2.352,2.363,2.372,2.383,2.393,2.401,2.407,2.418,2.423,2.428,2.429,3.000,3.000,3.000,3.000,3.000,3.000,2.620,2.618,2.622,2.622,2.625,2.627,2.632,2.637,2.634,2.635,2.640,3.000,3.000,3.000,3.000,3.000,2.644,2.642,2.642,2.642
3.000,3.000,3.000,3.000,2.222,2.214,2.212,2.217,2.201,3.000,3.000,2.163,2.163,2.155,2.149,2.139,2.131,2.124,2.118,2.110,2.105,2.101,2.097,2.088,2.081,2.073,2.065,2.055,2.047,2.039,2.032,2.026,2.017,2.009,2.005,2.003,1.998,1.994,1.989,1.985,1.982,1.977,1.973,1.969,1.966,1.962,1.957,1.952,1.944,1.938,1.933,1.926,1.919,1.912,1.905,1.896,1.890,1.885,1.880,1.876,1.870,1.865,1.858,1.850,1.841,1.834,1.824,1.813,1.797,1.779,1.754,1.757,3.000,3.000,3.000,0.597,0.596,0.583,0.572,0.564,0.557,0.549,0.543,0.538,0.532,0.528,0.524,0.521,0.518,0.516,0.513,0.513,0.512,0.512,0.512,0.513,0.514,0.516,0.518,0.520,0.523,0.527,0.531,0.536,0.540,0.548,0.557,0.570,0.585,0.585,3.000,3.000,3.000,1.608,1.635,1.630,1.658,1.680,1.691,1.697,1.702,1.704,1.705,1.705,1.703,1.698,1.688,1.705,1.698,1.692,3.000,3.000,1.664,1.664,1.664,1.656,1.639,3.000,3.000,3.000,0.956,0.955,0.937,0.925,0.915,0.908,0.899,0.894,0.888,0.884,0.881,0.879,0.877,0.876,0.876,0.878,0.880,0.883,0.886,0.892,0.896,0.904,0.910,0.921,0.933,0.948,0.973,0.973,3.000,3.000,1.698,1.724,1.721,1.740,1.754,1.764,1.773,1.781,1.788,1.795,1.801,1.805,1.809,1.813,1.817,1.820,1.824,1.828,1.832,1.835,1.839,1.842,1.845,1.849,1.852,1.856,1.859,1.862,1.865,1.867,1.871,1.875,1.879,1.883,1.887,1.890,1.894,1.897,1.900,1.905,1.908,1.912,1.915,1.919,1.923,1.928,1.931,1.934,1.938,1.942,1.946,1.950,1.953,1.957,1.961,1.967,1.973,1.977,1.981,1.985,1.989,1.994,1.998,2.001,2.004,2.008,2.011,2.017,2.021,2.025,2.029,2.035,2.040,2.044,2.049,2.054,2.060,2.065,2.071,2.078,2.086,2.094,2.101,2.106,2.113,2.119,2.125,2.132,2.138,2.144,2.151,2.158,2.166,2.174,2.181,2.188,2.195,2.201,2.208,2.215,2.225,2.235,2.244,2.252,2.263,2.274,2.285,2.294,2.302,2.311,2.321,2.331,2.339,2.348,2.360,2.369,2.380,2.388,2.398,2.404,2.414,2.419,2.426,2.428,2.423,3.000,3.000,3.000,3.000,3.000,2.618,2.610,2.617,2.619,2.621,2.622,2.627,2.630,2.628,2.629,2.635,3.000,3.000,3.000,3.000,3.000,2.652,2.644,2.645,2.647
3.000,3.000,3.000,3.000,2.214,2.207,2.205,2.201,2.201,2.178,2.169,2.165,2.163,2.156,2.150,2.140,2.134,2.127,2.120,2.111,2.105,2.100,2.096,2.087,2.080,2.072,2.064,2.054,2.045,2.037,2.030,2.024,2.015,2.008,2.003,2.001,1.995,1.992,1.988,1.984,1.981,1.976,1.973,1.969,1.966,1.961,1.957,1.952,1.945,1.939,1.933,1.927,1.920,1.913,1.905,1.897,1.891,1.886,1.881,1.877,1.871,1.866,1.859,1.850,1.840,1.833,1.823,1.812,1.796,1.779,1.752,1.754,3.000,3.000,0.618,0.618,0.597,0.583,0.573,0.565,0.558,0.551,0.545,0.541,0.536,0.532,0.528,0.525,0.521,0.519,0.516,0.516,0.515,0.515,0.516,0.517,0.518,0.520,0.522,0.525,0.528,0.532,0.536,0.540,0.545,0.553,0.564,0.579,0.593,0.585,3.000,3.000,3.000,1.612,1.608,1.635,1.658,1.677,1.687,1.692,1.695,1.697,1.698,1.696,1.692,1.684,1.698,1.688,3.000,3.000,3.000,3.000,3.000,3.000,3.000,3.000,3.000,3.000,3.000,3.000,0.957,0.956,0.939,0.926,0.916,0.909,0.901,0.895,0.890,0.886,0.882,0.879,0.877,0.877,0.877,0.879,0.881,0.884,0.888,0.893,0.898,0.906,0.914,0.926,0.940,0.958,0.973,0.973,3.000,3.000,1.703,1.698,1.724,1.740,1.754,1.763,1.772,1.779,1.787,1.793,1.798,1.803,1.807,1.810,1.814,1.818,1.822,1.826,1.830,1.833,1.837,1.840,1.844,1.847,1.851,1.854,1.857,1.860,1.863,1.866,1.870,1.873,1.878,1.881,1.885,1.889,1.893,1.896,1.899,1.902,1.906,1.910,1.914,1.917,1.921,1.925,1.929,1.932,1.936,1.940,1.944,1.948,1.952,1.955,1.960,1.966,1.970,1.975,1.980,1.984,1.988,1.992,1.997,2.000,2.003,2.006,2.010,2.014,2.019,2.023,2.028,2.034,2.038,2.042,2.048,2.053,2.058,2.064,2.070,2.077,2.085,2.093,2.099,2.105,2.112,2.118,2.124,2.130,2.137,2.143,2.149,2.156,2.164,2.172,2.179,2.186,2.192,2.199,2.206,2.213,2.223,2.233,2.242,2.251,2.262,2.273,2.283,2.293,2.302,2.310,2.321,2.331,2.339,2.348,2.359,2.370,2.379,2.387,2.396,2.402,2.410,2.416,2.422,2.423,2.423,3.000,3.000,3.000,3.000,3.000,2.615,2.608,2.614,2.616,2.618,2.621,2.625,2.629,2.627,2.628,2.634,3.000,3.000,3.000,3.000,3.000,2.655,2.652,2.654,2.656
3.000,3.000,3.000,3.000,2.207,2.201,2.199,2.192,2.178,2.169,2.165,2.163,2.159,2.153,2.148,2.140,2.134,2.128,2.121,2.110,2.104,2.098,2.094,2.085,2.079,2.071,2.061,2.051,2.042,2.034,2.028,2.021,2.012,2.006,2.002,1.999,1.994,1.991,1.987,1.983,1.980,1.975,1.972,1.968,1.965,1.960,1.956,1.951,1.944,1.939,1.933,1.926,1.919,1.913,1.906,1.896,1.891,1.887,1.882,1.878,1.872,1.866,1.859,1.850,1.839,1.832,1.823,1.812,1.797,1.780,1.780,1.752,3.000,3.000,0.619,0.618,0.599,0.583,0.573,0.565,0.558,0.552,0.547,0.543,0.538,0.535,0.531,0.529,0.525,0.522,0.519,0.519,0.518,0.518,0.519,0.520,0.521,0.523,0.526,0.529,0.532,0.536,0.540,0.544,0.549,0.558,0.571,0.593,0.611,3.000,3.000,3.000,3.000,1.612,1.612,1.636,1.657,1.673,1.683,1.687,1.690,1.690,1.690,1.687,1.681,1.668,1.684,3.000,3.000,3.000,3.000,3.000,3.000,3.000,3.000,3.000,3.000,3.000,3.000,3.000,0.957,0.957,0.940,0.927,0.917,0.911,0.902,0.897,0.891,0.887,0.883,0.881,0.879,0.879,0.879,0.881,0.883,0.886,0.890,0.896,0.902,0.910,0.920,0.932,0.948,0.970,0.970,3.000,3.000,3.000,1.704,1.703,1.725,1.740,1.752,1.761,1.770,1.777,1.785,1.791,1.796,1.801,1.805,1.808,1.812,1.816,1.820,1.824,1.828,1.831,1.834,1.838,1.842,1.845,1.848,1.852,1.855,1.858,1.862,1.864,1.868,1.872,1.876,1.879,1.882,1.887,1.890,1.894,1.897,1.901,1.905,1.909,1.912,1.915,1.919,1.923,1.927,1.930,1.934,1.938,1.943,1.947,1.950,1.954,1.959,1.964,1.969,1.973,1.979,1.983,1.988,1.992,1.996,1.999,2.002,2.006,2.009,2.013,2.017,2.022,2.027,2.032,2.036,2.040,2.046,2.051,2.056,2.062,2.068,2.075,2.084,2.091,2.098,2.103,2.109,2.116,2.122,2.128,2.134,2.141,2.148,2.156,2.163,2.171,2.177,2.185,2.191,2.198,2.205,2.212,2.221,2.233,2.242,2.251,2.261,2.273,2.284,2.294,2.303,2.312,2.323,2.332,2.341,2.350,2.361,2.371,2.381,2.389,2.397,2.403,2.410,2.415,2.421,2.421,2.423,3.000,3.000,3.000,3.000,3.000,2.615,2.615,2.617,2.619,2.622,2.625,2.629,2.636,2.632,2.634,2.636,3.000,3.000,3.000,3.000,3.000,2.655,2.655,2.656,2.656
3.000,3.000,3.000,3.000,2.201,2.195,2.195,2.187,2.175,2.168,2.164,2.161,2.157,2.152,2.147,2.140,2.134,2.129,2.122,2.110,2.104,2.097,2.092,2.085,2.078,2.070,2.061,2.051,2.042,2.034,2.027,2.020,2.012,2.006,2.002,1.999,1.995,1.991,1.987,1.983,1.981,1.975,1.972,1.967,1.964,1.959,1.955,1.950,1.943,1.938,1.932,1.923,1.917,1.912,1.905,1.894,1.889,1.886,1.881,1.877,1.871,1.865,1.858,1.849,1.838,1.830,1.822,1.812,1.797,1.780,1.780,3.000,3.000,3.000,0.619,0.619,0.600,0.584,0.574,0.566,0.560,0.554,0.549,0.545,0.541,0.538,0.535,0.533,0.531,0.529,0.524,0.523,0.522,0.522,0.522,0.523,0.524,0.527,0.530,0.532,0.536,0.540,0.544,0.549,0.555,0.565,0.586,0.611,0.623,3.000,3.000,3.000,3.000,1.612,1.610,1.632,1.651,1.667,1.675,1.680,1.681,1.681,1.680,1.675,1.665,1.681,1.668,3.000,1.058,1.058,1.058,1.050,1.043,1.037,1.033,3.000,3.000,3.000,3.000,3.000,0.957,0.955,0.939,0.927,0.917,0.911,0.903,0.898,0.892,0.888,0.884,0.882,0.880,0.880,0.880,0.882,0.885,0.888,0.893,0.899,0.905,0.914,0.925,0.939,0.958,0.970,0.970,3.000,3.000,1.677,1.704,1.704,1.724,1.737,1.749,1.758,1.767,1.775,1.783,1.789,1.794,1.799,1.802,1.806,1.809,1.813,1.818,1.821,1.825,1.828,1.832,1.835,1.839,1.843,1.846,1.849,1.853,1.856,1.860,1.863,1.867,1.870,1.874,1.877,1.881,1.885,1.888,1.892,1.895,1.899,1.903,1.907,1.910,1.913,1.917,1.921,1.925,1.928,1.932,1.936,1.941,1.945,1.949,1.953,1.957,1.963,1.968,1.972,1.977,1.981,1.986,1.990,1.995,1.998,2.001,2.004,2.007,2.011,2.015,2.020,2.025,2.030,2.034,2.038,2.044,2.049,2.055,2.061,2.068,2.074,2.083,2.090,2.096,2.102,2.108,2.114,2.121,2.126,2.133,2.140,2.147,2.155,2.162,2.169,2.176,2.184,2.190,2.197,2.204,2.211,2.220,2.232,2.241,2.250,2.261,2.273,2.285,2.294,2.304,2.313,2.323,2.332,2.340,2.349,2.360,2.370,2.379,2.388,2.397,2.403,2.410,2.415,2.420,2.420,2.421,3.000,3.000,3.000,3.000,3.000,2.615,2.618,2.618,2.621,2.624,2.628,2.635,2.639,2.637,2.636,2.637,3.000,3.000,3.000,3.000,3.000,2.655,2.657,2.657,2.658
3.000,3.000,3.000,2.190,2.195,2.189,2.187,2.178,2.173,2.165,2.162,2.158,2.156,2.151,2.146,2.139,2.135,2.129,2.123,2.111,2.105,2.097,2.093,2.085,2.079,2.071,2.063,2.052,2.043,2.035,2.028,2.021,2.014,2.007,2.003,2.000,1.996,1.992,1.989,1.985,1.981,1.976,1.971,1.966,1.963,1.958,1.954,1.949,1.942,1.936,1.930,1.921,1.916,1.910,1.904,1.896,1.890,1.886,1.881,1.877,1.870,1.864,1.858,1.849,1.837,1.829,1.821,1.811,1.795,1.778,1.780,3.000,3.000,3.000,0.619,0.618,0.601,0.588,0.577,0.569,0.563,0.558,0.553,0.548,0.544,0.541,0.539,0.537,0.535,0.533,0.529,0.527,0.525,0.525,0.525,0.526,0.527,0.530,0.533,0.535,0.539,0.543,0.548,0.553,0.560,0.571,0.596,0.623,0.632,3.000,3.000,3.000,3.000,1.610,1.598,1.621,1.639,1.656,1.664,1.667,1.668,1.668,1.666,1.658,1.642,1.665,3.000,1.048,1.058,1.058,1.050,1.043,1.037,1.033,1.033,0.996,0.993,3.000,3.000,0.958,0.958,0.952,0.938,0.927,0.918,0.912,0.904,0.899,0.894,0.890,0.886,0.884,0.882,0.882,0.883,0.884,0.887,0.891,0.895,0.902,0.908,0.918,0.931,0.946,0.968,0.979,3.000,3.000,3.000,1.677,1.677,1.701,1.720,1.733,1.744,1.753,1.763,1.771,1.780,1.786,1.792,1.796,1.800,1.803,1.807,1.811,1.815,1.819,1.823,1.826,1.829,1.832,1.836,1.840,1.844,1.847,1.851,1.854,1.858,1.860,1.864,1.867,1.872,1.875,1.879,1.883,1.886,1.890,1.893,1.897,1.902,1.905,1.909,1.912,1.916,1.918,1.923,1.926,1.930,1.935,1.939,1.944,1.948,1.952,1.957,1.962,1.967,1.971,1.976,1.981,1.985,1.988,1.993,1.996,1.999,2.002,2.006,2.009,2.014,2.018,2.024,2.029,2.033,2.036,2.042,2.047,2.054,2.061,2.067,2.073,2.082,2.089,2.095,2.101,2.108,2.114,2.120,2.126,2.133,2.139,2.146,2.154,2.160,2.167,2.174,2.181,2.189,2.196,2.203,2.211,2.221,2.232,2.241,2.251,2.262,2.274,2.285,2.293,2.303,2.313,2.323,2.331,2.339,2.347,2.357,2.367,2.376,2.384,2.395,2.401,2.409,2.414,2.419,2.418,2.420,2.408,3.000,3.000,3.000,3.000,3.000,2.618,2.616,2.620,2.626,2.631,2.636,2.639,2.637,2.637,2.643,2.643,3.000,3.000,3.000,3.000,3.000,2.658,2.657,2.658
3.000,3.000,3.000,2.190,2.190,2.185,2.182,2.176,2.172,2.165,2.162,2.159,2.156,2.151,2.145,2.137,2.134,2.128,2.123,2.111,2.104,2.096,2.092,2.086,2.079,2.070,2.062,2.053,2.044,2.035,2.028,2.021,2.014,2.008,2.003,2.000,1.996,1.992,1.988,1.984,1.981,1.975,1.970,1.964,1.961,1.956,1.952,1.946,1.940,1.934,1.927,1.919,1.913,1.908,1.903,1.895,1.889,1.885,1.880,1.875,1.869,1.863,1.857,1.849,1.837,1.829,1.821,1.810,1.794,1.777,1.778,3.000,3.000,3.000,0.621,0.619,0.603,0.590,0.580,0.571,0.564,0.558,0.554,0.549,0.546,0.544,0.541,0.540,0.538,0.536,0.534,0.533,0.531,0.529,0.529,0.530,0.532,0.534,0.538,0.541,0.544,0.549,0.555,0.562,0.571,0.585,0.604,0.632,0.640,3.000,3.000,3.000,3.000,1.598,1.621,1.639,1.656,1.664,1.644,1.650,1.652,1.653,1.650,1.641,1.658,1.642,3.000,1.048,1.048,1.028,1.015,1.011,1.007,1.002,0.996,0.993,0.993,0.968,0.964,0.961,0.958,0.943,0.932,0.924,0.916,0.911,0.904,0.900,0.895,0.891,0.887,0.885,0.884,0.884,0.885,0.887,0.890,0.894,0.899,0.905,0.912,0.923,0.936,0.954,0.979,0.979,3.000,3.000,3.000,1.677,1.666,1.690,1.710,1.724,1.737,1.747,1.756,1.765,1.776,1.782,1.788,1.792,1.797,1.801,1.805,1.809,1.813,1.817,1.821,1.824,1.827,1.830,1.834,1.838,1.842,1.845,1.849,1.852,1.855,1.858,1.861,1.864,1.868,1.873,1.877,1.881,1.884,1.887,1.890,1.894,1.900,1.903,1.907,1.910,1.913,1.916,1.921,1.924,1.928,1.933,1.937,1.942,1.947,1.950,1.955,1.960,1.966,1.970,1.975,1.979,1.983,1.987,1.992,1.994,1.997,2.000,2.004,2.008,2.012,2.016,2.022,2.027,2.031,2.034,2.039,2.045,2.052,2.059,2.066,2.072,2.079,2.087,2.093,2.099,2.106,2.112,2.118,2.123,2.131,2.137,2.144,2.151,2.158,2.164,2.171,2.179,2.187,2.194,2.202,2.211,2.220,2.231,2.240,2.250,2.262,2.273,2.284,2.292,2.302,2.312,2.322,2.330,2.337,2.344,2.352,2.364,2.373,2.381,2.392,2.400,2.408,2.413,2.417,2.416,2.408,2.408,3.000,3.000,3.000,3.000,3.000,2.616,2.615,2.619,2.628,2.633,2.638,2.640,2.640,2.639,2.643,2.646,3.000,3.000,3.000,3.000,3.000,2.658,2.658,2.658
3.000,3.000,3.000,2.190,2.189,2.183,2.180,2.176,2.171,2.166,2.163,2.159,2.156,2.150,2.143,2.136,2.132,2.126,2.121,2.111,2.102,2.095,2.090,2.084,2.077,2.068,2.061,2.052,2.042,2.035,2.028,2.021,2.014,2.008,2.003,2.000,1.996,1.991,1.987,1.983,1.980,1.974,1.969,1.963,1.960,1.955,1.951,1.946,1.939,1.933,1.927,1.919,1.913,1.907,1.902,1.896,1.889,1.885,1.880,1.875,1.868,1.863,1.857,1.849,1.838,1.829,1.821,1.809,1.794,1.777,1.777,3.000,3.000,0.653,0.653,0.621,0.606,0.594,0.583,0.573,0.566,0.560,0.556,0.552,0.549,0.546,0.544,0.543,0.541,0.540,0.539,0.538,0.537,0.537,0.536,0.537,0.539,0.540,0.543,0.546,0.549,0.554,0.561,0.570,0.579,0.592,0.612,0.640,0.647,3.000,3.000,3.000,3.000,3.000,3.000,3.000,3.000,1.644,1.650,1.652,1.627,1.630,1.628,1.650,1.641,3.000,3.000,1.048,1.028,1.005,0.997,0.993,0.988,0.983,0.977,0.971,0.968,0.964,0.961,0.953,0.946,0.936,0.927,0.921,0.915,0.911,0.905,0.901,0.897,0.893,0.890,0.888,0.887,0.887,0.888,0.890,0.893,0.897,0.903,0.909,0.917,0.929,0.943,0.962,0.997,0.997,3.000,3.000,3.000,1.666,1.690,1.675,1.697,1.712,1.727,1.738,1.748,1.759,1.770,1.776,1.783,1.788,1.793,1.798,1.802,1.806,1.810,1.815,1.819,1.822,1.825,1.828,1.831,1.836,1.840,1.843,1.847,1.850,1.854,1.857,1.860,1.863,1.867,1.872,1.876,1.880,1.883,1.886,1.888,1.893,1.897,1.902,1.906,1.909,1.912,1.915,1.919,1.923,1.927,1.930,1.935,1.939,1.944,1.947,1.952,1.957,1.962,1.967,1.972,1.977,1.981,1.984,1.988,1.991,1.995,1.998,2.002,2.005,2.010,2.013,2.019,2.025,2.029,2.032,2.037,2.043,2.050,2.057,2.064,2.070,2.077,2.085,2.091,2.098,2.105,2.110,2.116,2.121,2.128,2.135,2.142,2.149,2.156,2.162,2.168,2.176,2.185,2.193,2.201,2.210,2.219,2.230,2.239,2.250,2.262,2.272,2.282,2.290,2.300,2.311,2.321,2.329,2.335,2.342,2.350,2.361,2.371,2.379,2.388,2.397,2.405,2.410,2.415,2.413,2.407,2.408,3.000,3.000,3.000,3.000,3.000,2.615,2.613,2.617,2.627,2.633,2.639,2.643,2.644,2.642,2.646,2.648,3.000,3.000,3.000,3.000,3.000,2.661,2.656,2.657
3.000,3.000,3.000,2.191,2.188,2.182,2.179,2.175,2.171,2.166,2.163,2.159,2.155,2.149,2.142,2.136,2.131,2.125,2.120,2.111,2.102,2.095,2.090,2.084,2.076,2.067,2.059,2.052,2.042,2.034,2.028,2.022,2.015,2.008,2.003,2.001,1.996,1.991,1.987,1.983,1.979,1.973,1.969,1.963,1.959,1.954,1.950,1.944,1.938,1.932,1.925,1.917,1.911,1.905,1.900,1.894,1.888,1.883,1.878,1.873,1.867,1.861,1.856,1.848,1.838,1.829,1.820,1.808,1.794,1.776,1.777,3.000,3.000,0.657,0.653,0.626,0.610,0.598,0.587,0.576,0.568,0.563,0.558,0.555,0.552,0.549,0.547,0.545,0.544,0.543,0.542,0.541,0.541,0.541,0.541,0.542,0.543,0.545,0.547,0.550,0.554,0.559,0.567,0.575,0.585,0.598,0.618,0.647,0.656,3.000,3.000,3.000,3.000,3.000,3.000,3.000,3.000,3.000,3.000,1.627,1.630,1.630,1.630,1.628,3.000,3.000,3.000,1.028,1.012,0.991,0.983,0.976,0.972,0.969,0.963,0.959,0.955,0.951,0.946,0.941,0.937,0.929,0.924,0.919,0.914,0.910,0.906,0.902,0.899,0.896,0.893,0.892,0.890,0.891,0.892,0.894,0.898,0.902,0.908,0.915,0.925,0.935,0.952,0.970,0.997,1.019,1.019,3.000,3.000,3.000,1.675,1.697,1.712,1.692,1.711,1.724,1.737,1.749,1.762,1.769,1.778,1.783,1.789,1.794,1.799,1.803,1.807,1.812,1.816,1.819,1.822,1.825,1.829,1.834,1.838,1.841,1.845,1.848,1.852,1.855,1.859,1.862,1.866,1.871,1.875,1.879,1.882,1.885,1.887,1.891,1.896,1.900,1.904,1.907,1.910,1.913,1.918,1.921,1.925,1.929,1.933,1.937,1.941,1.945,1.950,1.955,1.960,1.964,1.970,1.974,1.979,1.982,1.986,1.989,1.993,1.996,2.000,2.003,2.008,2.011,2.017,2.022,2.027,2.030,2.035,2.041,2.048,2.055,2.062,2.068,2.075,2.082,2.089,2.096,2.103,2.109,2.114,2.119,2.126,2.133,2.140,2.146,2.154,2.160,2.166,2.175,2.183,2.192,2.201,2.210,2.218,2.229,2.238,2.249,2.261,2.271,2.280,2.289,2.299,2.310,2.320,2.328,2.335,2.342,2.350,2.361,2.371,2.379,2.388,2.397,2.404,2.410,2.414,2.413,2.416,2.407,3.000,3.000,3.000,3.000,3.000,2.616,2.613,2.618,2.627,2.635,2.640,2.646,2.646,2.645,2.648,2.652,3.000,3.000,3.000,3.000,3.000,2.668,2.661,2.664
3.000,3.000,3.000,2.191,2.191,2.182,2.179,2.175,2.171,2.167,2.163,2.159,2.154,2.148,2.141,2.135,2.130,2.124,2.118,2.108,2.100,2.094,2.089,2.083,2.075,2.065,2.057,2.050,2.043,2.034,2.028,2.023,2.016,2.010,2.005,2.002,1.998,1.993,1.988,1.984,1.980,1.975,1.969,1.963,1.960,1.954,1.949,1.942,1.936,1.930,1.923,1.916,1.909,1.904,1.898,1.892,1.886,1.882,1.876,1.870,1.864,1.859,1.853,1.845,1.836,1.828,1.819,1.807,1.793,1.777,1.777,3.000,3.000,0.660,0.657,0.631,0.615,0.604,0.593,0.583,0.572,0.566,0.561,0.558,0.554,0.552,0.550,0.548,0.547,0.546,0.545,0.544,0.544,0.545,0.545,0.546,0.547,0.549,0.552,0.554,0.559,0.564,0.572,0.580,0.590,0.604,0.625,0.656,0.662,3.000,0.867,0.888,0.905,0.916,0.925,0.932,0.932,0.932,3.000,3.000,3.000,3.000,3.000,3.000,3.000,3.000,0.991,1.012,0.996,0.979,0.972,0.965,0.961,0.958,0.954,0.951,0.947,0.942,0.938,0.934,0.931,0.925,0.921,0.917,0.913,0.910,0.906,0.903,0.900,0.899,0.897,0.896,0.894,0.895,0.896,0.899,0.902,0.907,0.912,0.919,0.928,0.938,0.954,0.971,0.991,1.019,1.053,1.068,1.068,1.068,3.000,3.000,1.692,1.711,1.724,1.705,1.722,1.736,1.752,1.761,1.770,1.778,1.785,1.790,1.796,1.800,1.804,1.809,1.813,1.816,1.819,1.821,1.826,1.831,1.836,1.839,1.843,1.846,1.850,1.853,1.857,1.860,1.865,1.869,1.874,1.877,1.880,1.883,1.885,1.890,1.894,1.898,1.903,1.905,1.908,1.912,1.916,1.920,1.924,1.927,1.932,1.936,1.940,1.944,1.949,1.953,1.958,1.962,1.967,1.973,1.977,1.981,1.985,1.988,1.992,1.995,1.999,2.002,2.006,2.009,2.015,2.020,2.025,2.028,2.033,2.038,2.046,2.053,2.060,2.067,2.074,2.080,2.089,2.095,2.103,2.108,2.113,2.119,2.126,2.133,2.139,2.146,2.154,2.160,2.166,2.175,2.183,2.190,2.200,2.210,2.217,2.228,2.237,2.248,2.259,2.270,2.280,2.288,2.299,2.309,2.320,2.328,2.335,2.342,2.350,2.362,2.373,2.380,2.389,2.398,2.405,2.411,2.416,2.416,2.416,3.000,3.000,3.000,3.000,3.000,3.000,2.616,2.616,2.621,2.631,2.637,2.643,2.649,2.651,2.649,2.652,2.652,3.000,3.000,3.000,3.000,3.000,2.671,2.668,2.670
3.000,3.000,3.000,2.191,2.190,2.181,2.177,2.174,2.170,2.165,2.162,2.157,2.151,2.146,2.140,2.134,2.129,2.123,2.118,2.109,2.101,2.094,2.089,2.083,2.075,2.063,2.056,2.050,2.042,2.034,2.028,2.022,2.015,2.010,2.006,2.003,1.999,1.994,1.990,1.985,1.981,1.976,1.971,1.966,1.961,1.955,1.949,1.942,1.936,1.930,1.923,1.915,1.908,1.901,1.895,1.890,1.884,1.880,1.874,1.867,1.862,1.857,1.851,1.844,1.835,1.827,1.819,1.807,1.793,1.776,1.777,3.000,3.000,0.660,0.660,0.636,0.622,0.609,0.599,0.590,0.576,0.570,0.565,0.561,0.557,0.555,0.552,0.551,0.549,0.549,0.548,0.548,0.548,0.549,0.549,0.550,0.551,0.553,0.556,0.559,0.564,0.569,0.577,0.586,0.596,0.610,0.636,0.662,0.666,3.000,0.867,0.867,0.888,0.905,0.916,0.925,0.932,0.932,0.927,0.927,3.000,3.000,3.000,3.000,3.000,3.000,0.991,0.991,0.980,0.967,0.960,0.955,0.952,0.949,0.945,0.943,0.940,0.936,0.933,0.929,0.926,0.922,0.918,0.915,0.911,0.909,0.907,0.905,0.903,0.902,0.901,0.901,0.900,0.901,0.902,0.905,0.909,0.913,0.919,0.925,0.934,0.944,0.956,0.972,0.990,1.013,1.038,1.053,1.068,1.068,1.061,3.000,3.000,3.000,1.705,1.722,1.736,1.719,1.739,1.751,1.762,1.771,1.779,1.785,1.791,1.795,1.800,1.805,1.810,1.813,1.816,1.819,1.824,1.829,1.834,1.837,1.841,1.844,1.848,1.851,1.856,1.859,1.863,1.868,1.872,1.876,1.879,1.881,1.884,1.888,1.893,1.897,1.901,1.904,1.907,1.910,1.915,1.919,1.922,1.926,1.931,1.934,1.938,1.942,1.948,1.952,1.957,1.961,1.966,1.970,1.975,1.979,1.984,1.987,1.991,1.994,1.998,2.001,2.004,2.007,2.013,2.019,2.023,2.027,2.031,2.037,2.044,2.051,2.058,2.064,2.072,2.078,2.088,2.094,2.101,2.107,2.112,2.118,2.124,2.131,2.137,2.143,2.151,2.157,2.163,2.173,2.181,2.189,2.198,2.208,2.215,2.226,2.235,2.247,2.258,2.269,2.279,2.288,2.298,2.308,2.319,2.328,2.335,2.342,2.352,2.362,2.372,2.379,2.388,2.396,2.403,2.408,2.415,2.415,2.416,3.000,3.000,3.000,3.000,3.000,3.000,2.616,2.612,2.618,2.626,2.635,2.642,2.647,2.649,2.648,2.651,2.652,3.000,3.000,3.000,3.000,3.000,2.671,2.671,2.671
3.000,3.000,3.000,2.190,2.189,2.182,2.177,2.174,2.170,2.164,2.160,2.154,2.149,2.144,2.140,2.134,2.128,2.123,2.116,2.109,2.100,2.094,2.088,2.081,2.071,2.060,2.053,2.047,2.040,2.034,2.027,2.021,2.014,2.009,2.005,2.002,1.999,1.995,1.990,1.985,1.981,1.976,1.972,1.967,1.962,1.957,1.950,1.944,1.937,1.930,1.923,1.915,1.907,1.901,1.894,1.889,1.883,1.879,1.873,1.867,1.862,1.857,1.852,1.844,1.836,1.827,1.819,1.806,1.793,1.774,1.776,3.000,3.000,0.660,0.660,0.640,0.626,0.613,0.603,0.595,0.582,0.574,0.568,0.564,0.560,0.559,0.555,0.554,0.553,0.552,0.552,0.552,0.553,0.553,0.553,0.555,0.556,0.558,0.561,0.564,0.568,0.573,0.583,0.591,0.602,0.619,0.644,0.666,0.669,3.000,0.867,0.851,0.869,0.885,0.896,0.904,0.912,0.918,0.927,0.927,0.937,0.946,0.953,0.963,0.964,0.964,0.991,0.970,0.963,0.954,0.950,0.946,0.942,0.939,0.936,0.937,0.933,0.931,0.928,0.926,0.923,0.920,0.917,0.914,0.911,0.909,0.907,0.907,0.905,0.904,0.904,0.906,0.906,0.907,0.909,0.913,0.916,0.920,0.925,0.931,0.938,0.946,0.957,0.971,0.989,1.008,1.025,1.038,1.049,1.061,1.067,1.067,1.067,3.000,3.000,3.000,1.719,1.739,1.724,1.740,1.754,1.763,1.772,1.779,1.787,1.792,1.797,1.803,1.808,1.811,1.815,1.817,1.822,1.827,1.832,1.835,1.839,1.842,1.847,1.850,1.854,1.858,1.862,1.866,1.871,1.875,1.878,1.880,1.883,1.887,1.892,1.896,1.899,1.903,1.906,1.909,1.914,1.918,1.921,1.925,1.929,1.933,1.937,1.941,1.947,1.951,1.956,1.960,1.965,1.969,1.974,1.977,1.982,1.986,1.990,1.993,1.997,2.000,2.003,2.006,2.012,2.017,2.022,2.025,2.030,2.035,2.042,2.049,2.056,2.063,2.070,2.077,2.086,2.092,2.100,2.105,2.111,2.117,2.123,2.129,2.136,2.141,2.149,2.155,2.161,2.169,2.179,2.187,2.196,2.205,2.213,2.223,2.233,2.245,2.258,2.268,2.278,2.287,2.296,2.305,2.316,2.326,2.333,2.340,2.348,2.359,2.368,2.375,2.383,2.392,2.399,2.404,2.411,2.409,2.415,3.000,3.000,3.000,3.000,3.000,3.000,2.612,2.601,2.612,2.620,2.629,2.635,2.642,2.643,2.644,2.647,2.651,3.000,3.000,3.000,3.000,3.000,2.671,2.670,2.670
3.000,3.000,3.000,2.193,2.190,2.182,2.178,2.175,2.170,2.161,2.156,2.151,2.146,2.142,2.137,2.132,2.125,2.120,2.115,2.107,2.100,2.093,2.087,2.080,2.070,2.061,2.052,2.046,2.040,2.033,2.026,2.021,2.014,2.009,2.005,2.002,1.999,1.995,1.991,1.986,1.982,1.977,1.972,1.967,1.962,1.957,1.950,1.944,1.937,1.931,1.923,1.916,1.909,1.902,1.895,1.889,1.883,1.879,1.873,1.866,1.861,1.857,1.852,1.844,1.835,1.827,1.817,1.806,1.792,1.774,1.776,3.000,3.000,3.000,0.650,0.644,0.630,0.619,0.608,0.600,0.590,0.581,0.572,0.568,0.564,0.562,0.559,0.557,0.556,0.555,0.555,0.556,0.557,0.557,0.557,0.558,0.559,0.561,0.564,0.567,0.571,0.577,0.587,0.596,0.607,0.628,0.649,0.669,0.671,3.000,0.851,0.839,0.857,0.873,0.883,0.891,0.898,0.903,0.911,0.918,0.926,0.937,0.946,0.953,0.963,0.964,0.959,0.954,0.950,0.944,0.941,0.939,0.935,0.932,0.930,0.929,0.926,0.926,0.924,0.922,0.920,0.917,0.915,0.912,0.910,0.909,0.907,0.907,0.905,0.905,0.905,0.907,0.908,0.910,0.912,0.915,0.919,0.922,0.926,0.932,0.939,0.946,0.956,0.968,0.986,1.002,1.017,1.026,1.035,1.045,1.055,1.067,1.083,1.083,1.083,3.000,3.000,1.724,1.740,1.727,1.744,1.755,1.765,1.773,1.782,1.788,1.793,1.799,1.805,1.809,1.813,1.816,1.820,1.825,1.830,1.833,1.837,1.840,1.844,1.848,1.853,1.856,1.860,1.865,1.869,1.873,1.876,1.879,1.882,1.886,1.891,1.895,1.898,1.901,1.904,1.908,1.913,1.916,1.920,1.923,1.928,1.931,1.936,1.940,1.946,1.950,1.954,1.958,1.963,1.968,1.972,1.975,1.980,1.984,1.989,1.992,1.996,1.999,2.002,2.005,2.010,2.015,2.020,2.023,2.028,2.034,2.041,2.047,2.054,2.062,2.070,2.077,2.085,2.091,2.098,2.104,2.111,2.117,2.123,2.129,2.135,2.140,2.147,2.154,2.160,2.168,2.178,2.185,2.194,2.203,2.212,2.221,2.231,2.243,2.256,2.266,2.275,2.284,2.292,2.302,2.312,2.322,2.330,2.337,2.345,2.355,2.363,2.369,2.377,2.385,2.392,2.397,2.404,2.405,2.409,2.405,3.000,3.000,3.000,3.000,3.000,2.601,2.612,2.608,2.616,2.624,2.629,2.635,2.639,2.640,2.644,2.647,3.000,3.000,3.000,3.000,3.000,2.670,2.670,2.666
3.000,3.000,3.000,2.198,2.193,2.182,2.178,2.176,2.171,2.164,2.158,2.151,2.147,2.142,2.138,2.131,2.126,2.121,2.115,2.107,2.100,2.093,2.087,2.080,2.071,2.061,2.054,2.046,2.040,2.033,2.026,2.021,2.016,2.011,2.005,2.002,1.998,1.995,1.991,1.986,1.982,1.977,1.972,1.967,1.962,1.957,1.951,1.944,1.938,1.932,1.925,1.917,1.911,1.905,1.895,1.889,1.883,1.878,1.873,1.867,1.862,1.857,1.852,1.844,1.835,1.826,1.817,1.806,1.793,1.776,1.778,1.753,3.000,3.000,0.654,0.650,0.636,0.625,0.615,0.606,0.595,0.587,0.577,0.572,0.568,0.565,0.562,0.560,0.559,0.559,0.559,0.560,0.562,0.562,0.561,0.561,0.563,0.565,0.567,0.570,0.575,0.582,0.591,0.600,0.614,0.635,0.653,0.671,0.694,0.694,0.839,0.830,0.848,0.863,0.873,0.880,0.887,0.893,0.899,0.905,0.911,0.918,0.928,0.932,0.936,0.943,0.944,0.942,0.939,0.936,0.934,0.933,0.929,0.927,0.925,0.924,0.922,0.920,0.919,0.918,0.916,0.915,0.913,0.911,0.908,0.908,0.906,0.906,0.905,0.904,0.905,0.907,0.908,0.910,0.912,0.916,0.919,0.923,0.927,0.932,0.938,0.946,0.954,0.966,0.982,0.997,1.009,1.017,1.025,1.033,1.040,1.047,1.063,1.083,1.083,3.000,3.000,3.000,1.727,1.713,1.732,1.747,1.758,1.767,1.776,1.783,1.789,1.794,1.801,1.806,1.810,1.813,1.818,1.823,1.827,1.830,1.835,1.838,1.842,1.846,1.851,1.855,1.859,1.862,1.867,1.870,1.873,1.876,1.881,1.885,1.890,1.893,1.897,1.900,1.903,1.907,1.911,1.914,1.918,1.921,1.926,1.929,1.934,1.938,1.944,1.948,1.953,1.957,1.961,1.965,1.970,1.973,1.978,1.983,1.988,1.991,1.995,1.998,2.001,2.004,2.009,2.014,2.019,2.023,2.029,2.034,2.041,2.047,2.054,2.062,2.070,2.077,2.084,2.090,2.097,2.103,2.110,2.116,2.122,2.128,2.134,2.140,2.147,2.153,2.160,2.168,2.176,2.183,2.191,2.200,2.209,2.219,2.229,2.239,2.254,2.264,2.273,2.281,2.290,2.299,2.309,2.320,2.328,2.336,2.343,2.353,2.361,2.368,2.375,2.382,2.389,2.395,2.403,2.404,2.405,2.405,3.000,3.000,3.000,3.000,3.000,3.000,2.608,2.606,2.615,2.622,2.627,2.633,2.636,2.639,2.642,2.644,2.643,3.000,3.000,3.000,3.000,3.000,2.667,2.667
3.000,3.000,3.000,2.204,2.198,2.184,2.179,2.178,2.174,2.167,2.161,2.154,2.150,2.145,2.140,2.134,2.130,2.125,2.117,2.108,2.100,2.094,2.088,2.081,2.072,2.062,2.055,2.048,2.040,2.034,2.027,2.022,2.016,2.011,2.006,2.002,1.999,1.995,1.991,1.986,1.982,1.977,1.972,1.967,1.962,1.957,1.951,1.944,1.938,1.932,1.925,1.918,1.912,1.906,1.898,1.890,1.884,1.880,1.875,1.868,1.863,1.857,1.852,1.844,1.835,1.826,1.818,1.808,1.795,1.778,1.753,1.757,3.000,3.000,0.660,0.654,0.640,0.630,0.621,0.611,0.600,0.591,0.583,0.577,0.572,0.569,0.565,0.563,0.562,0.562,0.562,0.563,0.564,0.565,0.563,0.564,0.565,0.567,0.570,0.573,0.578,0.585,0.594,0.604,0.617,0.638,0.655,0.672,0.694,0.788,0.830,0.816,0.837,0.853,0.863,0.871,0.877,0.883,0.889,0.894,0.900,0.905,0.911,0.917,0.921,0.925,0.926,0.931,0.930,0.929,0.928,0.928,0.925,0.924,0.922,0.921,0.919,0.917,0.915,0.915,0.913,0.912,0.910,0.908,0.907,0.906,0.905,0.904,0.903,0.902,0.903,0.904,0.907,0.909,0.912,0.916,0.919,0.922,0.926,0.931,0.937,0.944,0.952,0.963,0.977,0.991,1.001,1.008,1.015,1.021,1.023,1.029,1.040,1.053,1.083,1.049,3.000,3.000,1.713,1.732,1.720,1.737,1.750,1.760,1.770,1.777,1.784,1.790,1.796,1.800,1.807,1.810,1.815,1.820,1.824,1.828,1.832,1.835,1.840,1.844,1.848,1.852,1.857,1.861,1.865,1.868,1.871,1.875,1.879,1.883,1.888,1.892,1.896,1.899,1.902,1.905,1.909,1.912,1.916,1.919,1.924,1.927,1.933,1.937,1.942,1.947,1.951,1.955,1.960,1.964,1.969,1.972,1.976,1.981,1.986,1.990,1.994,1.997,2.000,2.003,2.008,2.013,2.018,2.022,2.027,2.033,2.040,2.045,2.052,2.061,2.069,2.076,2.083,2.088,2.095,2.100,2.108,2.115,2.122,2.127,2.134,2.140,2.147,2.153,2.160,2.167,2.176,2.183,2.190,2.199,2.208,2.218,2.227,2.238,2.252,2.261,2.270,2.278,2.287,2.297,2.307,2.318,2.326,2.335,2.343,2.352,2.360,2.366,2.373,2.380,2.386,2.393,2.400,2.401,2.402,2.405,2.395,3.000,3.000,3.000,3.000,3.000,2.609,2.607,2.615,2.622,2.627,2.632,2.635,2.638,2.640,2.643,2.644,3.000,3.000,3.000,3.000,3.000,2.667,2.660
3.000,3.000,3.000,2.205,2.204,2.196,2.186,2.181,2.177,2.170,2.164,2.157,2.152,2.147,2.142,2.136,2.132,2.127,2.120,2.110,2.102,2.095,2.090,2.083,2.073,2.063,2.056,2.049,2.041,2.035,2.027,2.022,2.017,2.012,2.008,2.003,2.000,1.996,1.992,1.987,1.983,1.977,1.972,1.967,1.962,1.957,1.950,1.944,1.938,1.932,1.924,1.917,1.912,1.906,1.898,1.891,1.884,1.880,1.875,1.870,1.863,1.857,1.851,1.844,1.836,1.828,1.819,1.810,1.799,1.782,1.757,1.761,3.000,3.000,0.665,0.660,0.645,0.634,0.625,0.616,0.606,0.596,0.588,0.581,0.576,0.573,0.569,0.566,0.565,0.564,0.564,0.565,0.566,0.567,0.565,0.566,0.568,0.570,0.573,0.576,0.582,0.588,0.597,0.608,0.620,0.639,0.657,0.672,0.693,0.788,0.788,0.807,0.827,0.843,0.854,0.863,0.868,0.874,0.880,0.886,0.891,0.895,0.900,0.906,0.911,0.914,0.917,0.922,0.922,0.924,0.923,0.923,0.922,0.921,0.919,0.918,0.916,0.915,0.913,0.912,0.910,0.909,0.907,0.906,0.904,0.904,0.903,0.903,0.902,0.901,0.901,0.903,0.905,0.908,0.911,0.915,0.918,0.921,0.925,0.930,0.935,0.941,0.948,0.958,0.971,0.984,0.993,0.999,1.004,1.009,1.011,1.016,1.023,1.035,1.049,1.049,1.046,3.000,3.000,1.720,1.737,1.724,1.740,1.751,1.763,1.772,1.779,1.785,1.792,1.797,1.803,1.807,1.812,1.816,1.821,1.825,1.830,1.834,1.839,1.843,1.847,1.851,1.855,1.859,1.863,1.867,1.870,1.873,1.877,1.882,1.887,1.890,1.894,1.897,1.900,1.903,1.908,1.911,1.915,1.918,1.923,1.926,1.932,1.936,1.942,1.946,1.951,1.954,1.959,1.964,1.968,1.972,1.976,1.981,1.985,1.988,1.993,1.996,1.999,2.002,2.007,2.013,2.017,2.021,2.026,2.032,2.038,2.043,2.050,2.059,2.066,2.074,2.081,2.086,2.093,2.098,2.106,2.114,2.120,2.126,2.133,2.138,2.145,2.152,2.159,2.167,2.175,2.182,2.190,2.199,2.208,2.217,2.226,2.237,2.248,2.259,2.269,2.277,2.287,2.297,2.307,2.319,2.327,2.335,2.344,2.352,2.360,2.367,2.374,2.380,2.386,2.393,2.400,2.401,2.402,2.395,2.404,3.000,3.000,3.000,3.000,3.000,2.610,2.609,2.618,2.624,2.628,2.633,2.636,2.639,2.641,2.644,2.644,3.000,3.000,3.000,3.000,3.000,2.660,2.655
3.000,3.000,3.000,2.205,2.205,2.198,2.188,2.182,2.177,2.170,2.164,2.157,2.152,2.148,2.143,2.135,2.132,2.126,2.118,2.109,2.101,2.094,2.089,2.081,2.072,2.061,2.054,2.047,2.040,2.034,2.026,2.021,2.016,2.012,2.008,2.003,2.000,1.996,1.992,1.987,1.983,1.977,1.972,1.967,1.962,1.957,1.950,1.944,1.938,1.932,1.924,1.918,1.912,1.906,1.897,1.890,1.884,1.880,1.875,1.869,1.863,1.857,1.851,1.844,1.836,1.829,1.821,1.812,1.801,1.786,1.761,1.767,3.000,3.000,0.665,0.665,0.649,0.638,0.629,0.620,0.611,0.602,0.593,0.587,0.581,0.578,0.574,0.571,0.569,0.568,0.567,0.568,0.569,0.570,0.570,0.571,0.572,0.574,0.577,0.581,0.586,0.592,0.601,0.612,0.626,0.642,0.658,0.673,0.693,0.788,0.779,0.798,0.815,0.829,0.843,0.853,0.859,0.866,0.872,0.879,0.884,0.888,0.892,0.898,0.902,0.905,0.908,0.912,0.916,0.918,0.918,0.919,0.918,0.917,0.916,0.915,0.914,0.913,0.912,0.911,0.909,0.908,0.906,0.905,0.903,0.903,0.903,0.902,0.901,0.901,0.901,0.902,0.904,0.906,0.909,0.913,0.916,0.920,0.923,0.927,0.931,0.936,0.942,0.949,0.961,0.972,0.982,0.988,0.991,0.994,0.997,1.002,1.008,1.016,1.031,1.046,1.046,1.046,3.000,3.000,1.724,1.705,1.726,1.739,1.754,1.765,1.773,1.779,1.787,1.792,1.799,1.803,1.808,1.813,1.818,1.823,1.827,1.832,1.837,1.841,1.845,1.849,1.853,1.858,1.862,1.865,1.868,1.871,1.876,1.880,1.885,1.888,1.893,1.896,1.899,1.902,1.907,1.910,1.914,1.917,1.922,1.925,1.931,1.936,1.941,1.945,1.949,1.953,1.958,1.963,1.967,1.971,1.974,1.980,1.984,1.988,1.992,1.995,1.998,2.001,2.006,2.012,2.017,2.020,2.025,2.031,2.036,2.042,2.049,2.057,2.065,2.073,2.080,2.085,2.091,2.097,2.104,2.113,2.120,2.125,2.132,2.137,2.145,2.152,2.159,2.167,2.175,2.183,2.191,2.200,2.208,2.217,2.226,2.236,2.246,2.256,2.268,2.277,2.288,2.297,2.307,2.320,2.328,2.335,2.344,2.352,2.360,2.367,2.375,2.381,2.387,2.394,2.401,2.403,2.406,2.404,2.411,3.000,3.000,3.000,3.000,3.000,2.610,2.610,2.618,2.624,2.628,2.632,2.635,2.637,2.640,2.643,2.644,3.000,3.000,3.000,3.000,3.000,2.655,2.643
3.000,3.000,3.000,2.205,2.205,2.198,2.190,2.182,2.177,2.169,2.163,2.156,2.151,2.146,2.141,2.133,2.129,2.123,2.115,2.106,2.098,2.090,2.085,2.075,2.067,2.058,2.051,2.045,2.037,2.031,2.024,2.019,2.015,2.011,2.008,2.003,1.999,1.995,1.991,1.987,1.983,1.976,1.971,1.966,1.962,1.956,1.950,1.944,1.938,1.932,1.924,1.918,1.912,1.905,1.896,1.890,1.884,1.879,1.874,1.869,1.863,1.858,1.851,1.844,1.836,1.829,1.821,1.813,1.802,1.789,1.767,1.770,3.000,3.000,0.665,0.665,0.655,0.643,0.634,0.625,0.617,0.608,0.599,0.593,0.587,0.584,0.581,0.578,0.576,0.574,0.573,0.574,0.575,0.575,0.575,0.577,0.578,0.581,0.583,0.588,0.592,0.599,0.606,0.617,0.631,0.647,0.660,0.674,0.692,0.779,0.770,0.790,0.806,0.821,0.836,0.845,0.852,0.859,0.865,0.871,0.877,0.881,0.885,0.890,0.894,0.897,0.901,0.904,0.908,0.913,0.913,0.914,0.913,0.913,0.913,0.912,0.912,0.911,0.911,0.910,0.909,0.908,0.907,0.906,0.904,0.904,0.903,0.903,0.901,0.901,0.901,0.902,0.903,0.905,0.907,0.911,0.914,0.917,0.920,0.924,0.927,0.930,0.934,0.942,0.949,0.959,0.966,0.972,0.976,0.981,0.985,0.989,0.995,1.002,1.012,1.029,1.046,1.046,3.000,3.000,1.705,1.726,1.707,1.724,1.742,1.755,1.764,1.772,1.780,1.786,1.793,1.798,1.805,1.810,1.814,1.820,1.826,1.830,1.835,1.839,1.843,1.847,1.852,1.856,1.860,1.863,1.866,1.869,1.874,1.878,1.884,1.888,1.893,1.895,1.899,1.902,1.906,1.909,1.912,1.916,1.920,1.923,1.928,1.934,1.939,1.943,1.948,1.951,1.956,1.961,1.966,1.969,1.973,1.978,1.983,1.987,1.991,1.994,1.998,2.001,2.006,2.011,2.016,2.020,2.024,2.030,2.036,2.042,2.049,2.057,2.065,2.072,2.079,2.085,2.091,2.097,2.106,2.113,2.120,2.126,2.131,2.136,2.145,2.152,2.160,2.168,2.176,2.184,2.192,2.201,2.209,2.217,2.226,2.236,2.246,2.256,2.268,2.278,2.288,2.298,2.309,2.321,2.329,2.337,2.345,2.353,2.360,2.367,2.376,2.383,2.389,2.394,2.405,2.407,2.413,2.411,2.415,3.000,3.000,3.000,3.000,3.000,2.610,2.609,2.617,2.621,2.626,2.629,2.632,2.634,2.639,2.644,2.644,3.000,3.000,3.000,3.000,3.000,2.643,2.633
3.000,3.000,3.000,2.208,2.205,2.201,2.191,2.183,2.176,2.168,2.162,2.156,2.151,2.146,2.141,2.132,2.128,2.120,2.113,2.104,2.096,2.089,2.084,2.074,2.066,2.057,2.050,2.043,2.036,2.030,2.023,2.018,2.013,2.011,2.007,2.002,1.998,1.994,1.990,1.986,1.981,1.974,1.969,1.964,1.960,1.955,1.949,1.944,1.938,1.932,1.925,1.919,1.913,1.907,1.898,1.892,1.885,1.880,1.875,1.870,1.864,1.858,1.852,1.845,1.837,1.829,1.822,1.814,1.804,1.790,1.770,1.772,3.000,3.000,3.000,0.665,0.660,0.647,0.638,0.630,0.622,0.614,0.605,0.599,0.593,0.589,0.586,0.583,0.581,0.579,0.578,0.578,0.579,0.579,0.580,0.581,0.583,0.585,0.588,0.593,0.598,0.605,0.613,0.624,0.636,0.650,0.663,0.675,0.692,0.727,0.764,0.781,0.800,0.814,0.826,0.838,0.846,0.853,0.859,0.865,0.869,0.873,0.878,0.882,0.885,0.889,0.893,0.898,0.901,0.907,0.907,0.909,0.909,0.910,0.909,0.909,0.909,0.909,0.909,0.909,0.909,0.909,0.907,0.906,0.904,0.904,0.903,0.903,0.902,0.902,0.901,0.902,0.903,0.904,0.906,0.908,0.911,0.913,0.917,0.919,0.922,0.924,0.928,0.933,0.940,0.946,0.953,0.961,0.966,0.970,0.974,0.979,0.984,0.992,1.000,1.012,1.030,1.046,1.033,3.000,3.000,1.707,1.724,1.742,1.755,1.738,1.749,1.760,1.770,1.777,1.787,1.792,1.800,1.806,1.811,1.817,1.823,1.828,1.833,1.837,1.841,1.845,1.850,1.854,1.858,1.862,1.865,1.868,1.873,1.877,1.883,1.887,1.892,1.895,1.899,1.902,1.906,1.909,1.912,1.916,1.920,1.924,1.929,1.934,1.939,1.942,1.947,1.950,1.955,1.959,1.964,1.967,1.972,1.977,1.982,1.986,1.991,1.995,1.999,2.002,2.006,2.011,2.016,2.020,2.024,2.030,2.035,2.042,2.049,2.057,2.064,2.072,2.079,2.085,2.091,2.097,2.105,2.113,2.120,2.125,2.131,2.136,2.145,2.152,2.160,2.168,2.176,2.184,2.192,2.201,2.209,2.217,2.225,2.234,2.245,2.255,2.267,2.277,2.288,2.297,2.307,2.320,2.328,2.336,2.344,2.352,2.360,2.367,2.377,2.383,2.389,2.394,2.404,2.409,2.415,2.415,2.415,3.000,3.000,3.000,3.000,3.000,2.609,2.604,2.614,2.618,2.623,2.624,2.629,2.630,2.638,2.642,2.644,3.000,3.000,3.000,3.000,3.000,2.639,2.631
3.000,3.000,3.000,2.210,2.208,2.204,2.195,2.185,2.178,2.170,2.163,2.157,2.152,2.147,2.142,2.134,2.129,2.121,2.114,2.105,2.096,2.089,2.084,2.075,2.066,2.058,2.051,2.044,2.037,2.031,2.024,2.018,2.013,2.011,2.008,2.004,1.998,1.994,1.990,1.985,1.980,1.973,1.968,1.963,1.959,1.954,1.949,1.944,1.938,1.932,1.926,1.920,1.915,1.908,1.902,1.896,1.888,1.883,1.877,1.872,1.866,1.860,1.853,1.847,1.838,1.831,1.823,1.815,1.806,1.792,1.772,1.774,3.000,3.000,3.000,0.670,0.665,0.652,0.643,0.635,0.627,0.619,0.612,0.604,0.598,0.594,0.590,0.587,0.585,0.583,0.582,0.582,0.583,0.583,0.584,0.585,0.587,0.589,0.593,0.597,0.603,0.610,0.618,0.629,0.641,0.654,0.665,0.677,0.694,0.722,0.756,0.776,0.794,0.808,0.820,0.830,0.840,0.848,0.854,0.860,0.864,0.868,0.872,0.876,0.879,0.883,0.887,0.891,0.895,0.900,0.902,0.905,0.906,0.907,0.907,0.907,0.907,0.906,0.906,0.907,0.907,0.908,0.907,0.906,0.904,0.904,0.904,0.904,0.904,0.903,0.903,0.903,0.903,0.904,0.905,0.906,0.908,0.910,0.913,0.915,0.917,0.920,0.923,0.928,0.933,0.937,0.942,0.946,0.950,0.955,0.960,0.965,0.971,0.981,0.990,1.001,1.016,1.033,1.036,1.036,3.000,3.000,3.000,3.000,1.738,1.749,1.760,1.743,1.756,1.766,1.778,1.785,1.794,1.801,1.807,1.814,1.820,1.825,1.830,1.834,1.839,1.843,1.848,1.853,1.857,1.860,1.864,1.867,1.872,1.876,1.881,1.886,1.891,1.895,1.898,1.902,1.905,1.909,1.913,1.916,1.920,1.924,1.929,1.933,1.938,1.942,1.947,1.950,1.954,1.958,1.963,1.967,1.971,1.977,1.983,1.987,1.992,1.996,2.000,2.003,2.007,2.013,2.017,2.021,2.025,2.030,2.035,2.041,2.048,2.056,2.064,2.071,2.079,2.085,2.091,2.096,2.104,2.112,2.119,2.125,2.131,2.136,2.144,2.152,2.160,2.168,2.176,2.184,2.193,2.201,2.209,2.216,2.225,2.233,2.243,2.252,2.264,2.274,2.285,2.294,2.304,2.317,2.325,2.334,2.341,2.350,2.359,2.366,2.375,2.381,2.387,2.392,2.402,2.408,2.414,2.414,2.415,3.000,3.000,3.000,3.000,3.000,2.604,2.601,2.611,2.614,2.620,2.621,2.628,2.629,2.637,2.642,2.642,3.000,3.000,3.000,3.000,3.000,2.639,2.639
3.000,3.000,3.000,2.210,2.210,2.206,2.197,2.186,2.179,2.171,2.164,2.158,2.153,2.148,2.143,2.137,2.131,2.121,2.114,2.106,2.097,2.089,2.085,2.076,2.066,2.058,2.051,2.044,2.038,2.032,2.024,2.019,2.014,2.011,2.008,2.004,1.999,1.994,1.990,1.984,1.978,1.972,1.967,1.962,1.958,1.953,1.949,1.943,1.938,1.932,1.926,1.921,1.916,1.909,1.903,1.898,1.892,1.887,1.880,1.875,1.869,1.862,1.856,1.849,1.840,1.833,1.825,1.817,1.807,1.793,1.774,1.775,3.000,3.000,3.000,0.675,0.670,0.656,0.647,0.639,0.632,0.625,0.617,0.610,0.603,0.599,0.595,0.592,0.589,0.588,0.587,0.587,0.587,0.588,0.588,0.590,0.591,0.594,0.598,0.603,0.609,0.616,0.625,0.635,0.645,0.658,0.669,0.681,0.696,0.720,0.752,0.771,0.787,0.802,0.815,0.825,0.833,0.843,0.849,0.855,0.859,0.863,0.867,0.871,0.874,0.878,0.881,0.886,0.890,0.894,0.897,0.901,0.902,0.903,0.904,0.904,0.903,0.903,0.903,0.903,0.904,0.906,0.905,0.904,0.903,0.904,0.904,0.905,0.904,0.904,0.903,0.903,0.903,0.904,0.904,0.905,0.907,0.909,0.911,0.913,0.915,0.917,0.920,0.924,0.929,0.932,0.936,0.940,0.944,0.949,0.954,0.958,0.964,0.972,0.981,0.992,1.004,1.018,1.036,1.036,1.031,3.000,3.000,3.000,3.000,3.000,1.743,1.756,1.766,1.748,1.763,1.774,1.785,1.794,1.801,1.808,1.816,1.821,1.827,1.832,1.837,1.841,1.846,1.851,1.855,1.859,1.862,1.866,1.871,1.875,1.880,1.885,1.890,1.894,1.898,1.901,1.905,1.909,1.913,1.916,1.921,1.925,1.929,1.933,1.938,1.942,1.946,1.949,1.954,1.957,1.962,1.966,1.971,1.977,1.983,1.987,1.992,1.997,2.000,2.003,2.008,2.013,2.017,2.021,2.025,2.030,2.035,2.040,2.047,2.055,2.063,2.070,2.078,2.085,2.091,2.096,2.103,2.110,2.118,2.124,2.130,2.136,2.144,2.151,2.160,2.168,2.176,2.183,2.193,2.200,2.208,2.216,2.224,2.232,2.242,2.250,2.262,2.273,2.283,2.293,2.303,2.314,2.323,2.332,2.340,2.347,2.357,2.364,2.373,2.379,2.386,2.391,2.401,2.407,2.413,2.414,2.416,3.000,3.000,3.000,3.000,3.000,2.601,2.600,2.609,2.612,2.618,2.619,2.626,2.625,2.634,2.639,2.642,3.000,3.000,3.000,3.000,3.000,2.639,2.637
3.000,3.000,2.203,2.210,2.205,2.202,2.194,2.185,2.179,2.171,2.163,2.157,2.153,2.148,2.144,2.138,2.134,2.124,2.117,2.107,2.100,2.091,2.086,2.075,2.067,2.058,2.050,2.043,2.037,2.031,2.025,2.018,2.013,2.010,2.006,2.002,1.997,1.992,1.988,1.983,1.978,1.972,1.967,1.962,1.958,1.953,1.948,1.943,1.937,1.931,1.926,1.919,1.915,1.908,1.902,1.898,1.892,1.886,1.880,1.875,1.869,1.863,1.857,1.850,1.842,1.834,1.826,1.818,1.808,1.792,1.775,1.777,3.000,3.000,3.000,0.680,0.675,0.661,0.652,0.643,0.637,0.629,0.622,0.615,0.609,0.604,0.600,0.597,0.594,0.592,0.591,0.591,0.591,0.592,0.593,0.594,0.596,0.599,0.603,0.608,0.614,0.622,0.629,0.639,0.649,0.661,0.672,0.683,0.698,0.718,0.748,0.766,0.784,0.799,0.810,0.821,0.829,0.838,0.846,0.851,0.856,0.860,0.863,0.867,0.870,0.873,0.877,0.881,0.885,0.890,0.893,0.897,0.898,0.900,0.901,0.901,0.901,0.901,0.900,0.900,0.901,0.903,0.903,0.902,0.901,0.902,0.903,0.904,0.904,0.904,0.903,0.903,0.903,0.903,0.903,0.905,0.906,0.908,0.909,0.911,0.913,0.915,0.918,0.922,0.926,0.929,0.933,0.937,0.940,0.945,0.949,0.954,0.959,0.966,0.975,0.984,0.994,1.004,1.018,1.031,1.037,1.050,1.061,1.061,1.061,3.000,3.000,3.000,1.748,1.763,1.774,1.757,1.772,1.784,1.793,1.801,1.810,1.816,1.823,1.828,1.834,1.838,1.844,1.849,1.853,1.857,1.861,1.865,1.870,1.874,1.879,1.883,1.889,1.892,1.896,1.900,1.905,1.909,1.912,1.916,1.921,1.925,1.929,1.933,1.938,1.942,1.946,1.949,1.954,1.957,1.962,1.966,1.971,1.977,1.982,1.987,1.992,1.997,2.001,2.004,2.008,2.013,2.017,2.021,2.025,2.030,2.034,2.039,2.046,2.053,2.062,2.070,2.078,2.085,2.091,2.096,2.103,2.110,2.117,2.123,2.129,2.135,2.144,2.151,2.161,2.168,2.176,2.184,2.192,2.200,2.207,2.214,2.223,2.232,2.241,2.249,2.261,2.271,2.282,2.292,2.303,2.315,2.323,2.332,2.339,2.347,2.357,2.365,2.375,2.381,2.387,2.392,2.400,2.408,2.414,2.416,2.416,3.000,3.000,3.000,3.000,3.000,2.600,2.600,2.609,2.612,2.617,2.617,2.621,2.622,2.631,2.635,2.639,3.000,3.000,3.000,3.000,3.000,2.637,2.622
3.000,3.000,2.203,2.203,2.201,2.197,2.191,2.182,2.178,2.170,2.162,2.157,2.152,2.148,2.144,2.139,2.136,2.125,2.118,2.108,2.101,2.092,2.087,2.076,2.067,2.057,2.050,2.043,2.037,2.031,2.025,2.018,2.013,2.010,2.006,2.002,1.997,1.991,1.987,1.982,1.977,1.972,1.968,1.962,1.958,1.953,1.949,1.943,1.937,1.931,1.927,1.921,1.915,1.907,1.902,1.897,1.892,1.887,1.880,1.875,1.869,1.863,1.857,1.851,1.843,1.835,1.828,1.819,1.809,1.793,1.777,1.779,1.758,3.000,3.000,0.684,0.680,0.665,0.656,0.647,0.641,0.634,0.628,0.621,0.614,0.610,0.605,0.602,0.599,0.597,0.596,0.595,0.596,0.597,0.598,0.599,0.601,0.604,0.609,0.615,0.621,0.627,0.634,0.643,0.653,0.664,0.674,0.686,0.700,0.718,0.745,0.762,0.781,0.796,0.807,0.818,0.826,0.835,0.842,0.848,0.852,0.856,0.860,0.863,0.866,0.869,0.873,0.877,0.880,0.885,0.888,0.892,0.894,0.896,0.896,0.897,0.897,0.897,0.897,0.896,0.897,0.897,0.898,0.898,0.897,0.898,0.899,0.901,0.901,0.901,0.901,0.901,0.901,0.902,0.902,0.903,0.904,0.906,0.908,0.910,0.911,0.913,0.916,0.919,0.923,0.926,0.930,0.933,0.937,0.941,0.945,0.949,0.954,0.960,0.969,0.978,0.985,0.994,1.003,1.012,1.025,1.037,1.050,1.061,1.061,1.048,3.000,3.000,3.000,3.000,1.757,1.772,1.754,1.769,1.781,1.792,1.801,1.809,1.818,1.824,1.831,1.835,1.841,1.847,1.851,1.856,1.860,1.864,1.869,1.873,1.878,1.881,1.887,1.890,1.895,1.900,1.904,1.908,1.912,1.916,1.920,1.924,1.929,1.933,1.937,1.941,1.946,1.949,1.953,1.957,1.962,1.966,1.970,1.976,1.982,1.987,1.992,1.997,2.001,2.004,2.008,2.013,2.017,2.020,2.025,2.029,2.034,2.039,2.046,2.053,2.062,2.069,2.077,2.084,2.090,2.095,2.102,2.109,2.116,2.122,2.128,2.135,2.145,2.152,2.161,2.169,2.176,2.184,2.192,2.199,2.206,2.213,2.222,2.231,2.240,2.249,2.260,2.270,2.281,2.291,2.302,2.312,2.321,2.330,2.338,2.346,2.355,2.364,2.374,2.380,2.386,2.391,2.400,2.408,2.415,2.416,2.418,3.000,3.000,3.000,3.000,3.000,2.600,2.598,2.606,2.609,2.615,2.614,2.617,2.618,2.625,2.630,2.635,3.000,3.000,3.000,3.000,3.000,2.622,2.619
3.000,3.000,2.203,2.198,2.197,2.192,2.187,2.180,2.175,2.169,2.161,2.156,2.151,2.146,2.143,2.138,2.134,2.125,2.119,2.108,2.101,2.093,2.087,2.077,2.067,2.058,2.049,2.043,2.037,2.032,2.024,2.019,2.014,2.011,2.007,2.003,1.998,1.993,1.988,1.982,1.978,1.972,1.968,1.963,1.958,1.954,1.949,1.943,1.937,1.931,1.926,1.921,1.915,1.907,1.902,1.897,1.892,1.886,1.880,1.874,1.869,1.863,1.857,1.851,1.843,1.836,1.828,1.820,1.810,1.796,1.779,1.758,1.759,3.000,3.000,0.688,0.684,0.670,0.659,0.651,0.645,0.638,0.633,0.626,0.618,0.614,0.610,0.607,0.603,0.601,0.600,0.600,0.600,0.601,0.602,0.604,0.607,0.610,0.615,0.620,0.626,0.631,0.638,0.647,0.656,0.666,0.677,0.690,0.703,0.719,0.741,0.759,0.775,0.792,0.804,0.815,0.823,0.833,0.840,0.846,0.850,0.854,0.857,0.860,0.863,0.865,0.870,0.873,0.876,0.880,0.884,0.887,0.889,0.891,0.892,0.893,0.894,0.894,0.894,0.893,0.893,0.893,0.894,0.894,0.894,0.894,0.895,0.897,0.897,0.897,0.897,0.898,0.898,0.899,0.900,0.901,0.902,0.904,0.905,0.907,0.909,0.911,0.913,0.917,0.920,0.923,0.926,0.929,0.933,0.937,0.941,0.945,0.949,0.955,0.962,0.972,0.978,0.985,0.991,0.999,1.008,1.019,1.029,1.037,1.048,1.050,1.050,1.050,3.000,3.000,3.000,1.754,1.769,1.781,1.767,1.781,1.792,1.801,1.811,1.819,1.827,1.832,1.838,1.844,1.849,1.853,1.857,1.861,1.867,1.870,1.876,1.879,1.885,1.888,1.893,1.898,1.903,1.907,1.911,1.915,1.919,1.923,1.928,1.932,1.937,1.941,1.945,1.948,1.953,1.957,1.962,1.965,1.970,1.975,1.981,1.986,1.992,1.996,2.000,2.003,2.008,2.012,2.016,2.019,2.024,2.028,2.033,2.038,2.045,2.052,2.061,2.067,2.076,2.083,2.089,2.095,2.101,2.107,2.114,2.121,2.128,2.134,2.145,2.153,2.162,2.170,2.177,2.184,2.192,2.200,2.206,2.214,2.223,2.231,2.240,2.248,2.259,2.270,2.281,2.291,2.301,2.311,2.321,2.329,2.338,2.346,2.357,2.365,2.374,2.380,2.386,2.392,2.401,2.409,2.416,2.418,2.418,3.000,3.000,3.000,3.000,3.000,2.598,2.593,2.603,2.606,2.614,2.616,2.619,2.619,2.626,2.630,2.630,2.629,3.000,3.000,3.000,3.000,2.626,2.620
3.000,3.000,2.198,2.196,2.194,2.190,2.185,2.179,2.175,2.169,2.161,2.155,2.150,2.146,2.142,2.137,2.133,2.125,2.118,2.108,2.102,2.094,2.088,2.078,2.069,2.059,2.050,2.043,2.037,2.032,2.025,2.020,2.015,2.012,2.008,2.004,1.999,1.994,1.989,1.983,1.978,1.973,1.969,1.963,1.959,1.954,1.949,1.943,1.937,1.932,1.926,1.920,1.915,1.906,1.901,1.896,1.891,1.885,1.879,1.874,1.869,1.862,1.857,1.851,1.843,1.836,1.829,1.820,1.810,1.797,1.781,1.759,1.760,3.000,3.000,0.692,0.688,0.673,0.663,0.654,0.648,0.642,0.637,0.631,0.625,0.621,0.616,0.613,0.609,0.607,0.605,0.605,0.605,0.606,0.608,0.610,0.613,0.616,0.621,0.626,0.630,0.636,0.642,0.651,0.659,0.669,0.680,0.693,0.704,0.719,0.739,0.757,0.773,0.790,0.802,0.813,0.821,0.831,0.838,0.844,0.848,0.852,0.855,0.858,0.860,0.862,0.866,0.868,0.872,0.876,0.879,0.882,0.885,0.886,0.888,0.889,0.890,0.890,0.890,0.890,0.889,0.889,0.889,0.889,0.889,0.891,0.892,0.894,0.893,0.894,0.894,0.895,0.895,0.896,0.897,0.898,0.899,0.901,0.903,0.905,0.907,0.909,0.911,0.913,0.917,0.919,0.923,0.925,0.928,0.932,0.935,0.939,0.944,0.949,0.955,0.965,0.971,0.977,0.982,0.988,0.996,1.002,1.010,1.019,1.027,1.035,1.050,1.057,1.057,1.057,3.000,3.000,3.000,1.767,1.781,1.763,1.778,1.790,1.802,1.813,1.821,1.827,1.834,1.840,1.845,1.850,1.855,1.859,1.864,1.868,1.874,1.877,1.883,1.886,1.891,1.897,1.901,1.906,1.910,1.914,1.918,1.922,1.928,1.932,1.936,1.940,1.945,1.948,1.952,1.957,1.962,1.965,1.970,1.974,1.980,1.985,1.991,1.995,1.999,2.003,2.008,2.012,2.015,2.019,2.023,2.027,2.033,2.038,2.046,2.052,2.061,2.067,2.075,2.082,2.089,2.094,2.100,2.107,2.114,2.120,2.127,2.134,2.145,2.152,2.162,2.169,2.176,2.183,2.192,2.199,2.206,2.213,2.222,2.230,2.240,2.248,2.258,2.270,2.280,2.290,2.300,2.310,2.321,2.330,2.338,2.346,2.357,2.365,2.374,2.380,2.386,2.392,2.401,2.410,2.416,2.418,2.418,3.000,3.000,3.000,3.000,3.000,2.593,2.603,2.595,2.603,2.611,2.614,2.617,2.619,2.624,2.628,2.629,2.629,3.000,3.000,3.000,3.000,2.628,2.626
3.000,3.000,2.196,2.195,2.193,2.189,2.185,2.180,2.176,2.169,2.161,2.155,2.150,2.145,2.141,2.136,2.132,2.122,2.116,2.109,2.103,2.095,2.089,2.079,2.070,2.060,2.049,2.043,2.037,2.032,2.026,2.022,2.017,2.014,2.010,2.005,2.000,1.995,1.991,1.985,1.979,1.974,1.970,1.964,1.959,1.954,1.949,1.944,1.938,1.932,1.926,1.920,1.914,1.905,1.900,1.895,1.890,1.884,1.879,1.874,1.870,1.863,1.858,1.852,1.844,1.837,1.829,1.820,1.811,1.798,1.783,1.760,1.760,3.000,3.000,0.695,0.692,0.677,0.667,0.659,0.653,0.646,0.642,0.635,0.630,0.626,0.621,0.618,0.615,0.613,0.611,0.611,0.611,0.612,0.613,0.615,0.618,0.622,0.626,0.631,0.635,0.640,0.647,0.655,0.663,0.673,0.684,0.694,0.706,0.718,0.736,0.756,0.772,0.789,0.800,0.811,0.819,0.830,0.837,0.843,0.847,0.850,0.853,0.856,0.858,0.860,0.863,0.865,0.869,0.872,0.876,0.879,0.881,0.883,0.884,0.886,0.886,0.887,0.887,0.887,0.886,0.886,0.886,0.886,0.886,0.887,0.889,0.891,0.891,0.892,0.892,0.893,0.893,0.894,0.895,0.896,0.898,0.900,0.902,0.904,0.905,0.907,0.909,0.912,0.914,0.917,0.920,0.922,0.925,0.928,0.932,0.935,0.939,0.944,0.950,0.960,0.965,0.970,0.975,0.980,0.987,0.993,0.999,1.006,1.013,1.020,1.029,1.042,1.057,1.057,1.046,3.000,3.000,3.000,1.763,1.778,1.763,1.779,1.791,1.805,1.814,1.821,1.830,1.836,1.842,1.847,1.852,1.857,1.862,1.866,1.871,1.875,1.881,1.885,1.890,1.895,1.900,1.904,1.908,1.912,1.916,1.920,1.925,1.929,1.934,1.938,1.943,1.947,1.951,1.956,1.961,1.965,1.969,1.974,1.980,1.984,1.991,1.995,1.999,2.003,2.008,2.011,2.015,2.018,2.023,2.028,2.034,2.039,2.047,2.054,2.062,2.067,2.074,2.082,2.088,2.094,2.100,2.107,2.113,2.119,2.125,2.132,2.142,2.151,2.160,2.167,2.174,2.181,2.190,2.198,2.205,2.212,2.220,2.228,2.239,2.247,2.257,2.267,2.279,2.289,2.299,2.309,2.320,2.330,2.339,2.347,2.357,2.364,2.373,2.379,2.385,2.391,2.403,2.409,2.415,2.416,2.418,3.000,3.000,3.000,3.000,3.000,3.000,2.595,2.593,2.601,2.609,2.612,2.616,2.618,2.623,2.628,2.629,2.629,3.000,3.000,3.000,3.000,2.628,2.628
3.000,3.000,2.195,2.195,2.193,2.188,2.184,2.179,2.175,2.169,2.161,2.154,2.149,2.145,2.141,2.135,2.130,2.122,2.116,2.109,2.104,2.095,2.089,2.079,2.070,2.059,2.049,2.042,2.037,2.032,2.027,2.023,2.019,2.016,2.012,2.008,2.003,1.997,1.992,1.987,1.981,1.976,1.971,1.965,1.960,1.954,1.949,1.944,1.938,1.932,1.925,1.919,1.912,1.905,1.900,1.895,1.890,1.885,1.880,1.876,1.871,1.867,1.860,1.855,1.846,1.839,1.830,1.821,1.811,1.799,1.784,1.784,1.760,3.000,3.000,0.697,0.695,0.680,0.670,0.663,0.657,0.651,0.646,0.640,0.634,0.631,0.627,0.624,0.620,0.619,0.618,0.617,0.617,0.618,0.619,0.621,0.624,0.628,0.632,0.636,0.640,0.645,0.651,0.659,0.667,0.676,0.687,0.697,0.707,0.719,0.735,0.756,0.771,0.787,0.798,0.810,0.818,0.829,0.836,0.842,0.845,0.849,0.852,0.854,0.856,0.858,0.860,0.862,0.865,0.869,0.872,0.876,0.878,0.879,0.880,0.882,0.883,0.883,0.884,0.883,0.883,0.883,0.882,0.882,0.882,0.884,0.884,0.887,0.887,0.889,0.889,0.890,0.891,0.892,0.893,0.894,0.896,0.898,0.900,0.902,0.904,0.905,0.907,0.910,0.912,0.914,0.917,0.919,0.922,0.924,0.928,0.931,0.935,0.940,0.945,0.954,0.959,0.963,0.967,0.973,0.979,0.984,0.989,0.994,1.000,1.006,1.012,1.020,1.033,1.046,1.052,1.052,1.052,3.000,3.000,1.763,1.779,1.761,1.777,1.795,1.806,1.814,1.823,1.832,1.838,1.844,1.850,1.855,1.860,1.864,1.869,1.873,1.880,1.883,1.888,1.893,1.898,1.902,1.907,1.911,1.915,1.919,1.924,1.928,1.933,1.937,1.942,1.946,1.951,1.955,1.961,1.964,1.969,1.974,1.979,1.984,1.990,1.994,1.998,2.002,2.007,2.011,2.014,2.018,2.023,2.027,2.033,2.039,2.047,2.054,2.061,2.067,2.073,2.081,2.088,2.093,2.099,2.106,2.112,2.118,2.125,2.132,2.140,2.149,2.159,2.165,2.172,2.180,2.188,2.195,2.203,2.210,2.218,2.226,2.238,2.246,2.256,2.267,2.279,2.288,2.298,2.309,2.321,2.330,2.340,2.348,2.357,2.364,2.373,2.379,2.385,2.391,2.403,2.409,2.415,2.416,2.416,3.000,3.000,3.000,3.000,3.000,3.000,2.594,2.592,2.601,2.608,2.611,2.615,2.618,2.623,2.628,2.628,2.629,3.000,3.000,3.000,3.000,2.628,2.628
3.000,3.000,3.000,2.193,2.192,2.187,2.183,2.178,2.173,2.168,2.161,2.155,2.151,2.147,2.143,2.137,2.133,2.123,2.117,2.111,2.105,2.096,2.090,2.080,2.070,2.059,2.049,2.043,2.038,2.034,2.029,2.025,2.022,2.018,2.014,2.010,2.005,2.000,1.994,1.988,1.982,1.977,1.973,1.967,1.961,1.955,1.950,1.945,1.939,1.933,1.926,1.919,1.913,1.906,1.900,1.896,1.891,1.886,1.881,1.877,1.873,1.868,1.862,1.856,1.848,1.840,1.831,1.821,1.811,1.798,1.783,1.784,3.000,3.000,3.000,0.701,0.697,0.684,0.674,0.666,0.661,0.656,0.651,0.645,0.640,0.636,0.632,0.630,0.627,0.625,0.624,0.624,0.624,0.625,0.626,0.628,0.631,0.634,0.637,0.641,0.645,0.649,0.655,0.662,0.671,0.681,0.690,0.698,0.707,0.718,0.733,0.755,0.770,0.785,0.797,0.809,0.817,0.828,0.835,0.841,0.844,0.848,0.851,0.853,0.855,0.856,0.857,0.859,0.862,0.865,0.869,0.872,0.873,0.875,0.876,0.878,0.879,0.880,0.880,0.880,0.880,0.880,0.879,0.879,0.879,0.880,0.880,0.883,0.884,0.885,0.886,0.888,0.888,0.890,0.891,0.893,0.894,0.896,0.899,0.900,0.902,0.904,0.906,0.908,0.910,0.913,0.915,0.917,0.919,0.922,0.925,0.928,0.932,0.936,0.941,0.949,0.954,0.958,0.962,0.967,0.972,0.977,0.981,0.986,0.991,0.996,1.001,1.008,1.018,1.029,1.038,1.052,1.052,1.045,3.000,3.000,1.761,1.777,1.795,1.785,1.798,1.808,1.818,1.828,1.835,1.841,1.848,1.853,1.859,1.863,1.869,1.873,1.879,1.882,1.887,1.892,1.897,1.901,1.906,1.910,1.915,1.919,1.924,1.928,1.933,1.937,1.942,1.946,1.950,1.955,1.960,1.964,1.969,1.973,1.979,1.983,1.989,1.994,1.998,2.002,2.007,2.010,2.014,2.018,2.022,2.027,2.032,2.038,2.045,2.052,2.060,2.065,2.072,2.078,2.086,2.092,2.098,2.105,2.111,2.118,2.125,2.132,2.140,2.148,2.158,2.164,2.171,2.179,2.186,2.194,2.202,2.210,2.218,2.226,2.238,2.247,2.257,2.268,2.279,2.288,2.298,2.308,2.320,2.330,2.340,2.348,2.357,2.364,2.373,2.379,2.385,2.392,2.402,2.408,2.415,2.416,2.416,3.000,3.000,3.000,3.000,3.000,3.000,2.594,2.594,2.601,2.608,2.611,2.615,2.617,2.624,2.627,2.625,2.628,3.000,3.000,3.000,3.000,3.000,3.000
3.000,3.000,3.000,2.197,2.193,2.188,2.184,2.179,2.174,2.168,2.162,2.156,2.152,2.148,2.144,2.138,2.133,2.123,2.117,2.111,2.105,2.095,2.089,2.079,2.068,2.058,2.049,2.043,2.038,2.034,2.030,2.026,2.023,2.020,2.015,2.010,2.006,2.001,1.996,1.989,1.983,1.978,1.973,1.968,1.962,1.955,1.949,1.944,1.939,1.933,1.927,1.920,1.914,1.907,1.902,1.897,1.893,1.888,1.882,1.878,1.874,1.869,1.863,1.857,1.848,1.840,1.831,1.821,1.811,1.799,1.784,1.786,1.763,3.000,3.000,0.705,0.701,0.687,0.678,0.670,0.664,0.659,0.655,0.650,0.645,0.641,0.637,0.635,0.632,0.631,0.630,0.630,0.630,0.631,0.632,0.634,0.636,0.639,0.642,0.646,0.650,0.655,0.660,0.667,0.675,0.685,0.693,0.701,0.709,0.719,0.733,0.755,0.771,0.785,0.797,0.809,0.817,0.828,0.835,0.840,0.844,0.847,0.850,0.852,0.853,0.854,0.855,0.857,0.860,0.863,0.865,0.869,0.870,0.872,0.873,0.875,0.876,0.877,0.877,0.877,0.877,0.877,0.876,0.876,0.876,0.876,0.877,0.878,0.880,0.881,0.883,0.885,0.885,0.887,0.888,0.890,0.892,0.895,0.897,0.899,0.900,0.902,0.905,0.907,0.909,0.911,0.913,0.915,0.917,0.919,0.922,0.925,0.928,0.932,0.937,0.944,0.949,0.953,0.956,0.961,0.965,0.969,0.974,0.978,0.982,0.986,0.991,0.996,1.002,1.013,1.021,1.032,1.045,1.066,1.066,1.066,3.000,3.000,1.785,1.768,1.786,1.799,1.812,1.823,1.832,1.839,1.846,1.852,1.858,1.862,1.867,1.871,1.877,1.881,1.886,1.891,1.895,1.900,1.904,1.909,1.914,1.918,1.923,1.928,1.933,1.937,1.941,1.945,1.950,1.954,1.960,1.964,1.969,1.974,1.979,1.984,1.990,1.994,1.998,2.002,2.006,2.010,2.014,2.018,2.022,2.027,2.032,2.038,2.045,2.051,2.058,2.064,2.071,2.078,2.084,2.091,2.096,2.104,2.110,2.118,2.125,2.132,2.139,2.147,2.156,2.164,2.170,2.177,2.185,2.194,2.201,2.210,2.218,2.226,2.238,2.246,2.256,2.268,2.279,2.288,2.298,2.307,2.319,2.329,2.340,2.347,2.356,2.363,2.373,2.380,2.386,2.392,2.402,2.408,2.416,2.416,2.417,3.000,3.000,3.000,3.000,3.000,3.000,2.595,2.594,2.600,2.607,2.610,2.614,2.617,2.624,2.626,2.624,2.625,3.000,3.000,3.000,3.000,3.000,3.000
3.000,3.000,2.204,2.204,2.197,2.189,2.185,2.180,2.174,2.168,2.160,2.155,2.152,2.148,2.144,2.137,2.133,2.121,2.116,2.109,2.103,2.093,2.087,2.076,2.067,2.056,2.048,2.042,2.038,2.034,2.030,2.026,2.023,2.020,2.015,2.010,2.006,2.002,1.997,1.992,1.985,1.980,1.975,1.969,1.963,1.957,1.950,1.945,1.939,1.933,1.927,1.920,1.915,1.908,1.903,1.898,1.894,1.889,1.883,1.878,1.874,1.869,1.863,1.857,1.848,1.841,1.832,1.821,1.812,1.800,1.786,1.763,1.766,3.000,3.000,0.714,0.705,0.692,0.682,0.674,0.668,0.663,0.659,0.654,0.650,0.645,0.642,0.640,0.637,0.637,0.635,0.635,0.635,0.637,0.637,0.639,0.641,0.644,0.647,0.651,0.655,0.659,0.665,0.672,0.679,0.689,0.696,0.704,0.711,0.720,0.733,0.755,0.771,0.786,0.797,0.810,0.818,0.828,0.834,0.840,0.843,0.846,0.849,0.851,0.852,0.853,0.853,0.855,0.857,0.860,0.863,0.866,0.868,0.870,0.871,0.872,0.873,0.874,0.874,0.874,0.874,0.874,0.874,0.874,0.873,0.873,0.874,0.875,0.875,0.877,0.879,0.880,0.881,0.883,0.885,0.888,0.890,0.892,0.895,0.897,0.898,0.900,0.903,0.905,0.906,0.908,0.910,0.912,0.914,0.916,0.918,0.922,0.925,0.928,0.933,0.939,0.944,0.948,0.951,0.955,0.960,0.964,0.967,0.971,0.975,0.979,0.983,0.988,0.993,1.003,1.010,1.020,1.031,1.045,1.066,1.066,3.000,3.000,1.768,1.786,1.772,1.789,1.803,1.818,1.828,1.836,1.844,1.850,1.856,1.860,1.865,1.869,1.875,1.879,1.884,1.889,1.894,1.898,1.903,1.908,1.913,1.918,1.923,1.928,1.933,1.937,1.941,1.945,1.949,1.954,1.960,1.964,1.969,1.974,1.979,1.984,1.990,1.995,1.999,2.002,2.007,2.010,2.014,2.018,2.022,2.026,2.031,2.037,2.044,2.051,2.058,2.064,2.071,2.077,2.083,2.090,2.096,2.103,2.110,2.117,2.124,2.131,2.138,2.146,2.156,2.163,2.170,2.178,2.185,2.194,2.202,2.210,2.219,2.227,2.237,2.246,2.255,2.266,2.278,2.286,2.296,2.305,2.317,2.327,2.338,2.345,2.354,2.361,2.373,2.380,2.386,2.392,2.403,2.409,2.415,2.417,2.418,3.000,3.000,3.000,3.000,3.000,3.000,2.596,2.595,2.600,2.608,2.610,2.616,2.619,2.624,2.626,2.625,2.627,3.000,3.000,3.000,3.000,3.000,3.000
3.000,3.000,2.204,2.204,2.198,2.190,2.185,2.181,2.175,2.169,2.160,2.155,2.152,2.149,2.144,2.137,2.133,2.121,2.116,2.109,2.103,2.093,2.086,2.076,2.068,2.058,2.049,2.043,2.039,2.034,2.030,2.027,2.023,2.020,2.014,2.010,2.005,2.001,1.997,1.992,1.986,1.980,1.975,1.970,1.964,1.958,1.951,1.946,1.940,1.934,1.927,1.921,1.916,1.909,1.904,1.899,1.894,1.889,1.883,1.878,1.873,1.868,1.862,1.856,1.848,1.840,1.832,1.822,1.813,1.800,1.787,1.766,1.767,3.000,3.000,0.720,0.714,0.700,0.687,0.678,0.672,0.666,0.663,0.658,0.654,0.651,0.647,0.645,0.643,0.642,0.641,0.641,0.641,0.643,0.644,0.645,0.647,0.649,0.652,0.657,0.661,0.666,0.672,0.678,0.686,0.694,0.701,0.708,0.715,0.724,0.735,0.756,0.772,0.786,0.797,0.810,0.818,0.828,0.834,0.839,0.842,0.846,0.848,0.850,0.851,0.851,0.852,0.853,0.854,0.858,0.860,0.863,0.864,0.866,0.867,0.869,0.870,0.871,0.871,0.872,0.871,0.871,0.871,0.871,0.870,0.870,0.870,0.871,0.871,0.872,0.873,0.874,0.876,0.878,0.881,0.883,0.886,0.889,0.891,0.893,0.895,0.897,0.899,0.901,0.903,0.905,0.907,0.909,0.910,0.912,0.913,0.918,0.921,0.925,0.928,0.934,0.938,0.942,0.946,0.950,0.954,0.958,0.961,0.964,0.968,0.972,0.976,0.980,0.984,0.993,0.999,1.007,1.017,1.029,1.043,1.066,1.066,1.066,3.000,1.772,1.789,1.776,1.794,1.812,1.823,1.833,1.841,1.848,1.854,1.859,1.864,1.868,1.873,1.877,1.883,1.888,1.893,1.897,1.902,1.908,1.912,1.917,1.923,1.927,1.932,1.936,1.940,1.945,1.949,1.953,1.959,1.963,1.969,1.974,1.979,1.985,1.990,1.995,1.999,2.003,2.007,2.010,2.014,2.018,2.022,2.026,2.031,2.036,2.044,2.050,2.057,2.063,2.070,2.077,2.083,2.089,2.095,2.103,2.110,2.117,2.125,2.133,2.141,2.148,2.157,2.164,2.171,2.179,2.186,2.194,2.203,2.211,2.219,2.227,2.237,2.246,2.255,2.266,2.277,2.286,2.296,2.305,2.317,2.327,2.338,2.346,2.354,2.361,2.374,2.380,2.386,2.393,2.403,2.409,2.415,2.418,2.421,3.000,3.000,3.000,3.000,3.000,3.000,2.597,2.596,2.600,2.607,2.611,2.618,2.622,2.626,2.628,2.627,2.631,3.000,3.000,3.000,3.000,3.000,3.000
3.000,3.000,2.204,2.201,2.195,2.188,2.183,2.179,2.174,2.167,2.160,2.154,2.150,2.147,2.143,2.137,2.133,2.123,2.117,2.109,2.103,2.093,2.086,2.077,2.069,2.060,2.051,2.045,2.040,2.035,2.030,2.027,2.023,2.020,2.014,2.010,2.006,2.001,1.997,1.993,1.988,1.981,1.976,1.970,1.964,1.957,1.952,1.947,1.941,1.935,1.928,1.922,1.916,1.911,1.904,1.899,1.894,1.888,1.883,1.878,1.873,1.867,1.862,1.856,1.848,1.842,1.833,1.823,1.814,1.801,1.788,1.767,1.770,3.000,3.000,0.727,0.720,0.705,0.693,0.681,0.675,0.670,0.667,0.662,0.659,0.655,0.652,0.650,0.648,0.647,0.646,0.647,0.648,0.649,0.651,0.652,0.654,0.657,0.660,0.664,0.669,0.673,0.678,0.683,0.691,0.699,0.705,0.711,0.718,0.727,0.738,0.757,0.772,0.786,0.797,0.810,0.819,0.827,0.833,0.838,0.841,0.845,0.847,0.849,0.849,0.849,0.850,0.851,0.853,0.856,0.858,0.860,0.861,0.863,0.864,0.866,0.866,0.868,0.868,0.869,0.868,0.869,0.868,0.867,0.867,0.867,0.866,0.867,0.867,0.868,0.869,0.870,0.871,0.873,0.876,0.878,0.881,0.884,0.886,0.888,0.889,0.891,0.892,0.894,0.896,0.899,0.901,0.903,0.905,0.907,0.909,0.913,0.917,0.921,0.925,0.929,0.933,0.937,0.941,0.945,0.949,0.953,0.956,0.959,0.962,0.966,0.969,0.973,0.976,0.983,0.989,0.998,1.006,1.017,1.029,1.043,1.066,1.066,3.000,3.000,1.776,1.794,1.785,1.806,1.819,1.829,1.839,1.845,1.852,1.857,1.862,1.867,1.872,1.876,1.882,1.887,1.893,1.897,1.903,1.907,1.912,1.916,1.922,1.926,1.931,1.936,1.940,1.944,1.948,1.953,1.958,1.963,1.969,1.974,1.979,1.984,1.990,1.994,1.999,2.002,2.006,2.010,2.013,2.017,2.022,2.026,2.031,2.036,2.043,2.050,2.057,2.063,2.069,2.077,2.083,2.089,2.095,2.103,2.110,2.118,2.127,2.134,2.142,2.149,2.157,2.164,2.171,2.179,2.187,2.194,2.202,2.211,2.219,2.227,2.236,2.246,2.257,2.268,2.278,2.287,2.297,2.307,2.319,2.329,2.340,2.348,2.355,2.362,2.375,2.382,2.388,2.394,2.405,2.410,2.416,2.421,2.422,3.000,3.000,3.000,3.000,3.000,3.000,2.598,2.597,2.601,2.611,2.615,2.622,2.626,2.629,2.630,2.631,2.631,3.000,3.000,3.000,3.000,3.000,3.000
3.000,3.000,2.205,2.201,2.195,2.188,2.184,2.180,2.175,2.168,2.162,2.156,2.152,2.149,2.145,2.140,2.135,2.125,2.118,2.111,2.104,2.094,2.087,2.078,2.070,2.061,2.052,2.046,2.041,2.036,2.031,2.027,2.023,2.019,2.014,2.010,2.006,2.002,1.998,1.993,1.989,1.983,1.977,1.971,1.964,1.959,1.953,1.948,1.942,1.936,1.929,1.923,1.917,1.911,1.905,1.899,1.894,1.887,1.883,1.878,1.872,1.867,1.862,1.857,1.849,1.843,1.835,1.826,1.817,1.804,1.790,1.770,1.776,3.000,3.000,0.734,0.727,0.710,0.697,0.686,0.679,0.674,0.670,0.666,0.663,0.660,0.657,0.656,0.653,0.652,0.652,0.653,0.654,0.656,0.657,0.659,0.661,0.664,0.667,0.671,0.675,0.679,0.686,0.691,0.698,0.704,0.709,0.715,0.722,0.730,0.742,0.758,0.773,0.787,0.798,0.811,0.820,0.828,0.833,0.838,0.841,0.844,0.846,0.847,0.848,0.847,0.847,0.848,0.850,0.852,0.855,0.857,0.858,0.860,0.860,0.862,0.863,0.864,0.865,0.865,0.865,0.866,0.865,0.864,0.864,0.864,0.864,0.864,0.864,0.865,0.865,0.866,0.867,0.868,0.870,0.872,0.875,0.877,0.879,0.881,0.882,0.884,0.886,0.887,0.889,0.892,0.894,0.897,0.899,0.901,0.904,0.909,0.913,0.917,0.921,0.925,0.929,0.933,0.937,0.940,0.944,0.947,0.950,0.953,0.956,0.959,0.962,0.965,0.968,0.973,0.980,0.989,0.997,1.005,1.015,1.027,1.043,1.066,1.044,3.000,3.000,1.785,1.772,1.799,1.815,1.825,1.836,1.843,1.851,1.856,1.862,1.866,1.872,1.876,1.882,1.887,1.893,1.897,1.903,1.907,1.911,1.916,1.921,1.926,1.931,1.935,1.939,1.943,1.948,1.953,1.958,1.962,1.968,1.973,1.978,1.983,1.989,1.993,1.998,2.001,2.005,2.009,2.012,2.017,2.022,2.026,2.031,2.035,2.043,2.049,2.056,2.062,2.069,2.077,2.083,2.089,2.095,2.103,2.110,2.118,2.126,2.134,2.141,2.148,2.156,2.163,2.169,2.178,2.185,2.193,2.200,2.210,2.219,2.226,2.236,2.246,2.257,2.268,2.278,2.288,2.298,2.308,2.320,2.330,2.340,2.348,2.356,2.363,2.376,2.383,2.389,2.397,2.406,2.412,2.417,2.422,2.423,3.000,3.000,3.000,3.000,3.000,3.000,2.600,2.598,2.602,2.611,2.615,2.623,2.627,2.629,2.631,2.631,2.631,3.000,3.000,3.000,3.000,3.000,3.000
3.000,3.000,2.207,2.205,2.200,2.191,2.186,2.182,2.177,2.170,2.164,2.159,2.155,2.151,2.147,2.142,2.138,2.130,2.121,2.114,2.108,2.096,2.088,2.078,2.071,2.062,2.053,2.047,2.042,2.037,2.032,2.028,2.024,2.019,2.014,2.011,2.006,2.002,1.998,1.994,1.990,1.983,1.978,1.972,1.965,1.960,1.954,1.949,1.943,1.936,1.929,1.923,1.918,1.913,1.907,1.902,1.896,1.889,1.884,1.879,1.874,1.869,1.863,1.858,1.851,1.846,1.838,1.829,1.821,1.807,1.794,1.776,1.780,3.000,3.000,0.741,0.734,0.716,0.702,0.691,0.685,0.679,0.675,0.672,0.669,0.665,0.663,0.662,0.659,0.659,0.658,0.660,0.660,0.662,0.663,0.665,0.667,0.670,0.673,0.677,0.681,0.685,0.692,0.696,0.703,0.708,0.714,0.719,0.725,0.734,0.746,0.760,0.774,0.789,0.799,0.814,0.822,0.829,0.834,0.838,0.841,0.843,0.845,0.846,0.846,0.845,0.845,0.845,0.846,0.849,0.852,0.854,0.855,0.856,0.857,0.858,0.859,0.860,0.861,0.861,0.862,0.862,0.862,0.862,0.861,0.861,0.861,0.862,0.862,0.862,0.862,0.863,0.864,0.865,0.866,0.868,0.870,0.871,0.873,0.875,0.877,0.879,0.881,0.883,0.885,0.888,0.890,0.892,0.895,0.897,0.900,0.905,0.910,0.914,0.918,0.922,0.926,0.929,0.932,0.936,0.939,0.942,0.945,0.947,0.950,0.953,0.956,0.959,0.962,0.967,0.973,0.982,0.989,0.997,1.006,1.016,1.029,1.044,1.050,1.050,3.000,1.772,1.799,1.791,1.810,1.821,1.833,1.841,1.849,1.855,1.861,1.866,1.872,1.876,1.883,1.887,1.893,1.897,1.902,1.906,1.911,1.915,1.920,1.925,1.930,1.934,1.938,1.943,1.948,1.952,1.957,1.962,1.967,1.972,1.977,1.981,1.987,1.990,1.996,2.000,2.004,2.008,2.011,2.015,2.021,2.026,2.030,2.035,2.042,2.049,2.056,2.062,2.070,2.077,2.083,2.089,2.095,2.103,2.110,2.117,2.125,2.132,2.140,2.146,2.154,2.161,2.168,2.176,2.184,2.192,2.199,2.209,2.219,2.226,2.237,2.247,2.258,2.268,2.278,2.288,2.300,2.309,2.322,2.331,2.340,2.348,2.356,2.363,2.377,2.385,2.392,2.400,2.408,2.413,2.418,2.423,2.426,2.426,3.000,3.000,3.000,3.000,3.000,2.600,2.600,2.605,2.611,2.615,2.622,2.626,2.628,2.629,2.630,2.631,3.000,3.000,3.000,3.000,3.000,3.000
3.000,3.000,2.208,2.207,2.202,2.193,2.189,2.185,2.179,2.171,2.165,2.159,2.155,2.150,2.146,2.142,2.138,2.129,2.122,2.115,2.110,2.099,2.092,2.081,2.073,2.063,2.055,2.049,2.044,2.039,2.034,2.030,2.025,2.020,2.015,2.011,2.007,2.002,1.998,1.994,1.990,1.984,1.979,1.972,1.966,1.960,1.955,1.949,1.943,1.935,1.929,1.923,1.919,1.913,1.908,1.903,1.897,1.890,1.885,1.880,1.875,1.871,1.865,1.860,1.854,1.848,1.840,1.832,1.824,1.811,1.797,1.780,1.785,3.000,3.000,0.751,0.741,0.721,0.708,0.698,0.690,0.684,0.680,0.677,0.675,0.671,0.669,0.668,0.667,0.666,0.666,0.667,0.668,0.669,0.670,0.673,0.676,0.677,0.680,0.684,0.689,0.693,0.698,0.703,0.709,0.714,0.718,0.723,0.730,0.740,0.751,0.763,0.777,0.791,0.802,0.817,0.824,0.830,0.835,0.839,0.841,0.843,0.845,0.845,0.845,0.844,0.843,0.844,0.844,0.847,0.849,0.851,0.852,0.854,0.854,0.856,0.856,0.857,0.858,0.858,0.859,0.859,0.859,0.859,0.859,0.859,0.859,0.860,0.860,0.860,0.860,0.860,0.861,0.862,0.863,0.864,0.866,0.867,0.869,0.871,0.872,0.874,0.876,0.878,0.880,0.883,0.885,0.887,0.890,0.892,0.896,0.901,0.906,0.910,0.914,0.918,0.922,0.924,0.928,0.931,0.934,0.937,0.940,0.942,0.944,0.947,0.950,0.953,0.957,0.961,0.966,0.974,0.982,0.989,0.996,1.006,1.016,1.030,1.050,1.050,3.000,3.000,1.791,1.783,1.805,1.818,1.831,1.839,1.847,1.854,1.860,1.865,1.872,1.875,1.882,1.887,1.892,1.896,1.902,1.906,1.910,1.914,1.919,1.924,1.929,1.934,1.938,1.942,1.947,1.952,1.957,1.961,1.966,1.972,1.976,1.980,1.986,1.990,1.995,2.000,2.004,2.007,2.011,2.015,2.021,2.025,2.030,2.035,2.041,2.048,2.055,2.062,2.070,2.077,2.082,2.088,2.094,2.102,2.109,2.117,2.124,2.131,2.137,2.144,2.153,2.160,2.167,2.175,2.183,2.191,2.199,2.209,2.219,2.227,2.238,2.248,2.259,2.269,2.278,2.288,2.301,2.309,2.322,2.330,2.339,2.347,2.356,2.363,2.377,2.385,2.393,2.401,2.409,2.413,2.418,2.423,2.426,2.426,3.000,3.000,3.000,3.000,3.000,2.600,2.598,2.603,2.609,2.613,2.618,2.623,2.625,2.627,2.626,2.630,3.000,3.000,3.000,3.000,3.000,3.000
3.000,3.000,2.208,2.208,2.201,2.193,2.189,2.186,2.180,2.172,2.164,2.158,2.153,2.149,2.145,2.141,2.136,2.129,2.121,2.116,2.110,2.102,2.093,2.083,2.075,2.064,2.057,2.050,2.045,2.040,2.035,2.031,2.026,2.021,2.016,2.012,2.007,2.002,1.998,1.994,1.991,1.985,1.979,1.972,1.967,1.961,1.956,1.950,1.943,1.935,1.929,1.924,1.919,1.914,1.909,1.905,1.899,1.893,1.888,1.883,1.877,1.873,1.868,1.864,1.857,1.852,1.843,1.835,1.826,1.813,1.800,1.785,1.789,3.000,3.000,0.751,0.751,0.729,0.715,0.705,0.696,0.690,0.686,0.683,0.680,0.677,0.675,0.674,0.673,0.673,0.672,0.673,0.674,0.675,0.678,0.681,0.683,0.685,0.688,0.692,0.696,0.700,0.704,0.709,0.714,0.719,0.723,0.728,0.735,0.745,0.755,0.767,0.779,0.793,0.804,0.819,0.825,0.831,0.835,0.839,0.841,0.843,0.844,0.845,0.844,0.843,0.842,0.842,0.843,0.844,0.846,0.848,0.850,0.851,0.852,0.853,0.854,0.855,0.855,0.856,0.856,0.857,0.857,0.856,0.857,0.857,0.858,0.858,0.858,0.858,0.858,0.859,0.859,0.860,0.861,0.862,0.864,0.865,0.867,0.868,0.870,0.872,0.873,0.875,0.877,0.879,0.882,0.884,0.887,0.889,0.893,0.898,0.902,0.906,0.910,0.914,0.917,0.920,0.923,0.927,0.929,0.932,0.934,0.936,0.939,0.942,0.945,0.949,0.952,0.955,0.960,0.969,0.976,0.983,0.990,0.999,1.009,1.021,1.038,1.050,1.049,3.000,1.783,1.805,1.799,1.814,1.827,1.836,1.844,1.852,1.859,1.864,1.871,1.875,1.881,1.885,1.891,1.895,1.901,1.905,1.909,1.913,1.919,1.923,1.929,1.934,1.938,1.942,1.946,1.952,1.956,1.961,1.966,1.971,1.976,1.980,1.985,1.989,1.995,1.999,2.003,2.007,2.011,2.014,2.019,2.024,2.030,2.035,2.041,2.048,2.055,2.061,2.069,2.076,2.082,2.087,2.093,2.100,2.108,2.116,2.123,2.129,2.136,2.142,2.151,2.158,2.167,2.174,2.183,2.191,2.199,2.209,2.219,2.227,2.238,2.249,2.259,2.268,2.278,2.288,2.300,2.308,2.321,2.329,2.339,2.346,2.355,2.362,2.376,2.384,2.392,2.400,2.409,2.413,2.419,2.421,2.421,2.426,3.000,3.000,3.000,3.000,3.000,2.598,2.588,2.600,2.605,2.611,2.616,2.621,2.622,2.624,2.624,2.626,3.000,3.000,3.000,3.000,3.000,3.000
3.000,3.000,2.208,2.207,2.200,2.191,2.188,2.185,2.179,2.170,2.165,2.158,2.153,2.148,2.144,2.140,2.135,2.128,2.121,2.116,2.110,2.102,2.093,2.083,2.075,2.065,2.058,2.051,2.046,2.040,2.036,2.032,2.028,2.022,2.016,2.013,2.007,2.002,1.999,1.995,1.992,1.985,1.979,1.973,1.968,1.963,1.957,1.951,1.945,1.936,1.930,1.925,1.921,1.915,1.911,1.906,1.901,1.894,1.890,1.885,1.880,1.875,1.871,1.867,1.861,1.855,1.847,1.838,1.830,1.817,1.804,1.789,1.794,3.000,3.000,0.751,0.761,0.748,0.727,0.718,0.708,0.699,0.694,0.691,0.688,0.685,0.683,0.681,0.681,0.680,0.680,0.681,0.682,0.684,0.686,0.688,0.690,0.694,0.696,0.699,0.703,0.707,0.711,0.715,0.720,0.724,0.728,0.733,0.743,0.751,0.760,0.771,0.782,0.796,0.807,0.821,0.827,0.832,0.836,0.839,0.841,0.843,0.844,0.844,0.844,0.841,0.840,0.840,0.841,0.842,0.844,0.846,0.848,0.849,0.850,0.851,0.852,0.853,0.853,0.854,0.854,0.855,0.855,0.855,0.855,0.856,0.856,0.856,0.856,0.856,0.856,0.857,0.857,0.858,0.859,0.860,0.862,0.863,0.865,0.866,0.868,0.870,0.871,0.873,0.875,0.877,0.880,0.882,0.884,0.887,0.890,0.894,0.898,0.902,0.906,0.910,0.913,0.916,0.919,0.922,0.925,0.927,0.929,0.931,0.934,0.937,0.940,0.944,0.947,0.950,0.955,0.964,0.971,0.978,0.984,0.993,1.002,1.013,1.028,1.049,1.049,3.000,3.000,1.799,1.794,1.810,1.824,1.834,1.843,1.850,1.858,1.863,1.870,1.874,1.881,1.885,1.890,1.894,1.900,1.904,1.909,1.913,1.918,1.923,1.929,1.933,1.938,1.942,1.946,1.951,1.956,1.960,1.966,1.971,1.975,1.979,1.984,1.988,1.994,1.998,2.002,2.006,2.010,2.014,2.018,2.023,2.029,2.034,2.041,2.048,2.055,2.061,2.069,2.075,2.081,2.086,2.092,2.099,2.106,2.115,2.122,2.129,2.135,2.141,2.150,2.157,2.166,2.175,2.183,2.190,2.199,2.208,2.218,2.226,2.238,2.248,2.259,2.268,2.277,2.288,2.299,2.308,2.319,2.328,2.338,2.346,2.355,2.362,2.376,2.384,2.392,2.401,2.410,2.416,2.421,2.425,2.424,2.431,3.000,3.000,3.000,3.000,3.000,2.594,2.585,2.599,2.604,2.611,2.616,2.621,2.623,2.625,2.625,2.627,3.000,3.000,3.000,3.000,3.000,3.000
3.000,3.000,2.207,2.204,2.190,2.184,2.184,2.181,2.176,2.169,2.165,2.159,2.153,2.148,2.144,2.140,2.134,2.127,2.121,2.116,2.110,2.102,2.093,2.083,2.075,2.066,2.059,2.052,2.046,2.041,2.036,2.033,2.028,2.022,2.017,2.013,2.009,2.004,2.001,1.997,1.993,1.987,1.980,1.974,1.969,1.964,1.959,1.953,1.946,1.938,1.932,1.926,1.921,1.916,1.911,1.907,1.899,1.894,1.889,1.885,1.880,1.877,1.872,1.868,1.863,1.857,1.849,1.841,1.833,1.822,1.808,1.794,1.798,1.778,3.000,3.000,0.776,0.761,0.740,0.730,0.720,0.710,0.704,0.701,0.698,0.695,0.691,0.690,0.689,0.689,0.689,0.690,0.691,0.693,0.694,0.696,0.699,0.701,0.704,0.707,0.710,0.714,0.717,0.721,0.725,0.729,0.734,0.739,0.749,0.757,0.765,0.776,0.788,0.801,0.810,0.823,0.829,0.834,0.837,0.840,0.841,0.843,0.843,0.843,0.843,0.840,0.839,0.839,0.839,0.840,0.842,0.844,0.846,0.848,0.849,0.850,0.850,0.851,0.852,0.853,0.853,0.854,0.854,0.854,0.854,0.855,0.855,0.854,0.854,0.855,0.855,0.855,0.856,0.857,0.858,0.859,0.860,0.862,0.863,0.865,0.867,0.868,0.870,0.872,0.873,0.876,0.878,0.880,0.882,0.884,0.887,0.891,0.895,0.899,0.903,0.906,0.909,0.912,0.915,0.917,0.920,0.922,0.924,0.927,0.929,0.933,0.936,0.939,0.942,0.945,0.950,0.958,0.966,0.972,0.978,0.986,0.996,1.006,1.019,1.037,1.049,3.000,3.000,1.794,1.810,1.805,1.820,1.831,1.841,1.849,1.856,1.862,1.869,1.873,1.880,1.885,1.890,1.894,1.900,1.905,1.909,1.913,1.918,1.922,1.928,1.933,1.937,1.941,1.946,1.951,1.955,1.960,1.964,1.969,1.974,1.978,1.983,1.987,1.992,1.996,2.001,2.004,2.008,2.012,2.017,2.021,2.028,2.033,2.039,2.046,2.054,2.060,2.066,2.074,2.080,2.085,2.091,2.097,2.105,2.114,2.122,2.129,2.135,2.141,2.149,2.157,2.166,2.175,2.183,2.190,2.199,2.207,2.217,2.225,2.236,2.245,2.258,2.267,2.277,2.287,2.299,2.306,2.317,2.326,2.336,2.345,2.355,2.363,2.375,2.385,2.393,2.403,2.412,2.419,2.425,2.429,2.431,2.431,3.000,3.000,3.000,3.000,3.000,2.595,2.594,2.600,2.605,2.612,2.617,2.621,2.625,2.628,2.627,2.629,3.000,3.000,3.000,3.000,3.000,3.000
3.000,3.000,2.209,2.205,2.192,2.186,2.184,2.181,2.176,2.171,2.167,2.162,2.157,2.150,2.146,2.142,2.136,2.129,2.123,2.118,2.111,2.103,2.094,2.084,2.077,2.067,2.060,2.052,2.047,2.041,2.037,2.034,2.030,2.024,2.018,2.015,2.011,2.006,2.003,1.999,1.995,1.988,1.982,1.976,1.971,1.965,1.960,1.954,1.947,1.940,1.934,1.928,1.924,1.918,1.914,1.909,1.902,1.896,1.892,1.888,1.882,1.879,1.874,1.870,1.865,1.859,1.850,1.842,1.835,1.825,1.812,1.798,1.778,1.787,3.000,3.000,0.776,0.776,0.758,0.746,0.735,0.728,0.716,0.712,0.708,0.705,0.703,0.701,0.701,0.701,0.700,0.701,0.702,0.703,0.704,0.706,0.708,0.712,0.714,0.716,0.719,0.722,0.724,0.728,0.732,0.736,0.744,0.750,0.757,0.764,0.772,0.782,0.793,0.806,0.814,0.826,0.831,0.835,0.837,0.840,0.841,0.842,0.843,0.843,0.842,0.839,0.838,0.838,0.838,0.838,0.840,0.842,0.844,0.846,0.847,0.849,0.849,0.850,0.851,0.852,0.852,0.852,0.853,0.853,0.853,0.854,0.854,0.853,0.853,0.853,0.854,0.854,0.855,0.855,0.856,0.858,0.859,0.861,0.863,0.864,0.866,0.867,0.869,0.871,0.872,0.874,0.876,0.878,0.880,0.882,0.885,0.888,0.892,0.895,0.899,0.902,0.905,0.907,0.910,0.913,0.915,0.918,0.920,0.921,0.924,0.928,0.931,0.935,0.937,0.941,0.945,0.953,0.960,0.967,0.973,0.981,0.991,1.000,1.012,1.029,1.042,1.042,3.000,3.000,1.805,1.800,1.817,1.829,1.839,1.848,1.855,1.861,1.868,1.873,1.879,1.884,1.889,1.893,1.899,1.904,1.909,1.913,1.918,1.922,1.928,1.932,1.936,1.941,1.945,1.950,1.955,1.959,1.963,1.968,1.973,1.977,1.982,1.986,1.991,1.995,2.000,2.003,2.007,2.010,2.015,2.020,2.026,2.032,2.038,2.044,2.052,2.058,2.064,2.072,2.078,2.083,2.088,2.096,2.103,2.112,2.121,2.129,2.135,2.141,2.148,2.157,2.166,2.175,2.183,2.190,2.199,2.207,2.216,2.225,2.237,2.245,2.257,2.267,2.277,2.287,2.298,2.306,2.316,2.325,2.335,2.345,2.355,2.363,2.375,2.384,2.392,2.401,2.410,2.418,2.423,2.428,2.430,2.431,3.000,3.000,3.000,3.000,3.000,2.596,2.595,2.600,2.604,2.611,2.617,2.621,2.625,2.629,2.629,2.629,3.000,3.000,3.000,3.000,3.000,3.000
3.000,3.000,2.212,2.209,2.199,2.190,2.185,2.182,2.177,2.173,2.170,2.165,2.160,2.153,2.149,2.144,2.139,2.131,2.125,2.119,2.112,2.104,2.097,2.088,2.080,2.072,2.065,2.054,2.048,2.042,2.038,2.035,2.031,2.026,2.020,2.016,2.012,2.007,2.004,2.000,1.996,1.990,1.983,1.977,1.972,1.966,1.961,1.954,1.948,1.940,1.935,1.929,1.924,1.919,1.914,1.910,1.905,1.899,1.894,1.890,1.885,1.881,1.876,1.872,1.867,1.860,1.852,1.844,1.837,1.827,1.815,1.803,1.787,1.792,1.766,3.000,0.776,0.776,0.785,0.763,0.753,0.745,0.739,0.732,0.726,0.722,0.720,0.717,0.714,0.713,0.712,0.712,0.712,0.713,0.714,0.716,0.718,0.721,0.723,0.726,0.727,0.730,0.732,0.735,0.740,0.744,0.752,0.758,0.764,0.771,0.778,0.789,0.801,0.810,0.818,0.829,0.833,0.836,0.838,0.840,0.842,0.842,0.843,0.842,0.840,0.838,0.837,0.836,0.836,0.837,0.838,0.839,0.842,0.844,0.846,0.847,0.848,0.849,0.850,0.851,0.851,0.851,0.852,0.852,0.852,0.853,0.853,0.852,0.852,0.853,0.853,0.853,0.853,0.854,0.855,0.856,0.858,0.860,0.861,0.863,0.865,0.866,0.868,0.870,0.871,0.873,0.875,0.877,0.879,0.880,0.883,0.885,0.889,0.892,0.895,0.898,0.901,0.903,0.906,0.908,0.911,0.913,0.915,0.917,0.919,0.923,0.927,0.930,0.933,0.937,0.941,0.947,0.955,0.963,0.969,0.976,0.985,0.995,1.006,1.021,1.042,1.042,3.000,3.000,1.800,1.796,1.814,1.826,1.837,1.846,1.853,1.860,1.867,1.872,1.878,1.883,1.888,1.893,1.899,1.904,1.908,1.912,1.917,1.921,1.927,1.931,1.936,1.940,1.944,1.949,1.954,1.958,1.963,1.967,1.972,1.976,1.981,1.985,1.991,1.995,1.999,2.002,2.006,2.009,2.015,2.019,2.026,2.031,2.037,2.043,2.050,2.056,2.062,2.070,2.076,2.081,2.087,2.094,2.102,2.112,2.121,2.129,2.136,2.142,2.148,2.158,2.167,2.175,2.183,2.191,2.200,2.208,2.217,2.227,2.238,2.246,2.257,2.267,2.277,2.288,2.297,2.305,2.316,2.325,2.334,2.344,2.354,2.362,2.374,2.383,2.391,2.399,2.408,2.414,2.421,2.426,2.428,2.430,3.000,3.000,3.000,3.000,3.000,2.596,2.596,2.599,2.603,2.608,2.616,2.620,2.624,2.628,2.629,2.629,3.000,3.000,3.000,3.000,3.000,3.000
3.000,3.000,2.212,2.212,2.202,2.195,2.187,2.183,2.179,2.176,2.173,2.168,2.163,2.156,2.153,2.147,2.141,2.132,2.126,2.120,2.114,2.105,2.099,2.090,2.082,2.074,2.066,2.055,2.049,2.043,2.039,2.035,2.032,2.027,2.021,2.017,2.013,2.009,2.006,2.001,1.997,1.990,1.984,1.978,1.973,1.966,1.961,1.955,1.949,1.941,1.935,1.930,1.925,1.919,1.914,1.910,1.905,1.900,1.895,1.891,1.886,1.882,1.878,1.874,1.868,1.862,1.853,1.846,1.839,1.829,1.819,1.807,1.792,1.766,1.776,3.000,3.000,3.000,0.785,0.785,0.773,0.764,0.755,0.749,0.744,0.739,0.734,0.732,0.729,0.727,0.726,0.726,0.724,0.725,0.726,0.728,0.731,0.733,0.735,0.737,0.739,0.741,0.742,0.746,0.752,0.757,0.763,0.768,0.773,0.779,0.786,0.796,0.808,0.816,0.822,0.831,0.835,0.837,0.839,0.841,0.842,0.842,0.842,0.841,0.839,0.837,0.835,0.835,0.834,0.835,0.836,0.837,0.840,0.843,0.844,0.846,0.846,0.848,0.849,0.850,0.850,0.850,0.851,0.851,0.851,0.851,0.852,0.851,0.851,0.852,0.852,0.852,0.852,0.853,0.854,0.855,0.857,0.859,0.860,0.862,0.864,0.865,0.867,0.868,0.870,0.872,0.873,0.875,0.877,0.878,0.880,0.882,0.886,0.888,0.892,0.894,0.897,0.899,0.901,0.903,0.906,0.908,0.909,0.912,0.914,0.918,0.921,0.926,0.928,0.932,0.937,0.942,0.949,0.957,0.964,0.972,0.980,0.989,1.001,1.015,1.034,1.042,3.000,3.000,1.796,1.793,1.810,1.823,1.835,1.844,1.851,1.858,1.866,1.871,1.877,1.882,1.888,1.893,1.898,1.903,1.907,1.911,1.916,1.920,1.926,1.930,1.935,1.938,1.943,1.948,1.952,1.957,1.961,1.965,1.971,1.975,1.979,1.984,1.990,1.994,1.999,2.002,2.005,2.008,2.014,2.018,2.025,2.029,2.035,2.041,2.048,2.053,2.059,2.067,2.074,2.078,2.084,2.092,2.101,2.111,2.121,2.129,2.135,2.141,2.148,2.158,2.167,2.174,2.183,2.191,2.200,2.208,2.216,2.226,2.237,2.246,2.256,2.266,2.276,2.287,2.296,2.305,2.315,2.324,2.333,2.343,2.353,2.362,2.373,2.383,2.391,2.398,2.406,2.412,2.418,2.422,2.425,2.428,3.000,3.000,3.000,3.000,3.000,2.601,2.596,2.599,2.602,2.608,2.615,2.620,2.624,2.627,2.628,2.629,3.000,3.000,3.000,3.000,3.000,3.000
3.000,3.000,2.212,2.208,2.197,2.191,2.186,2.183,2.180,2.178,2.176,2.172,2.167,2.160,2.157,2.150,2.142,2.134,2.128,2.122,2.115,2.107,2.100,2.092,2.083,2.075,2.067,2.056,2.050,2.044,2.039,2.036,2.032,2.028,2.022,2.018,2.014,2.010,2.007,2.002,1.997,1.990,1.984,1.978,1.973,1.967,1.962,1.956,1.950,1.943,1.937,1.930,1.925,1.920,1.915,1.910,1.906,1.900,1.895,1.892,1.887,1.884,1.879,1.875,1.870,1.862,1.855,1.848,1.841,1.832,1.822,1.812,1.797,1.776,1.785,1.767,3.000,3.000,0.785,0.785,0.785,0.783,0.773,0.766,0.761,0.757,0.756,0.754,0.751,0.750,0.748,0.748,0.747,0.747,0.748,0.749,0.747,0.746,0.747,0.748,0.750,0.752,0.754,0.758,0.762,0.768,0.773,0.777,0.782,0.787,0.794,0.806,0.814,0.821,0.828,0.834,0.837,0.839,0.840,0.841,0.842,0.841,0.841,0.839,0.837,0.835,0.834,0.833,0.832,0.833,0.834,0.835,0.837,0.840,0.842,0.844,0.844,0.846,0.847,0.848,0.848,0.849,0.849,0.849,0.849,0.850,0.850,0.850,0.850,0.851,0.851,0.851,0.852,0.852,0.853,0.854,0.856,0.858,0.859,0.861,0.862,0.863,0.865,0.867,0.868,0.870,0.871,0.873,0.874,0.876,0.877,0.879,0.883,0.885,0.888,0.891,0.893,0.895,0.897,0.899,0.901,0.903,0.905,0.907,0.910,0.914,0.917,0.921,0.925,0.928,0.933,0.938,0.945,0.953,0.960,0.967,0.976,0.985,0.996,1.009,1.027,1.045,1.045,3.000,1.793,1.789,1.807,1.820,1.833,1.842,1.850,1.857,1.864,1.870,1.876,1.881,1.887,1.892,1.897,1.902,1.906,1.910,1.914,1.919,1.924,1.928,1.932,1.936,1.941,1.946,1.951,1.955,1.959,1.963,1.968,1.973,1.977,1.982,1.987,1.992,1.996,2.000,2.003,2.006,2.012,2.017,2.022,2.027,2.032,2.037,2.045,2.050,2.055,2.063,2.071,2.076,2.082,2.090,2.100,2.110,2.120,2.129,2.135,2.141,2.147,2.157,2.166,2.173,2.181,2.190,2.199,2.207,2.215,2.225,2.236,2.244,2.256,2.266,2.276,2.286,2.296,2.304,2.314,2.323,2.333,2.343,2.353,2.363,2.374,2.383,2.391,2.399,2.406,2.412,2.417,2.421,2.422,2.425,3.000,3.000,3.000,3.000,3.000,2.601,2.601,2.602,2.604,2.609,2.617,2.621,2.624,2.627,2.627,2.628,2.625,3.000,3.000,3.000,3.000,3.000
3.000,3.000,2.208,2.208,2.196,2.191,2.188,2.184,2.180,2.179,2.177,2.173,2.169,2.162,2.159,2.153,2.144,2.135,2.129,2.124,2.118,2.108,2.102,2.093,2.084,2.076,2.068,2.057,2.051,2.045,2.040,2.036,2.033,2.028,2.023,2.019,2.015,2.011,2.008,2.002,1.997,1.990,1.985,1.979,1.974,1.968,1.963,1.957,1.951,1.944,1.938,1.931,1.926,1.921,1.916,1.911,1.907,1.901,1.896,1.893,1.889,1.886,1.881,1.877,1.871,1.864,1.857,1.851,1.844,1.834,1.826,1.816,1.805,1.785,1.767,1.781,1.762,3.000,3.000,3.000,0.783,0.796,0.796,0.789,0.781,0.778,0.775,0.772,0.768,0.766,0.765,0.765,0.764,0.764,0.765,0.765,0.765,0.763,0.761,0.761,0.762,0.764,0.767,0.772,0.775,0.778,0.781,0.785,0.790,0.795,0.803,0.813,0.820,0.827,0.832,0.837,0.838,0.840,0.841,0.842,0.842,0.841,0.840,0.838,0.835,0.833,0.832,0.831,0.830,0.830,0.831,0.832,0.834,0.836,0.839,0.840,0.842,0.843,0.845,0.846,0.846,0.847,0.847,0.848,0.848,0.848,0.848,0.849,0.849,0.850,0.850,0.850,0.851,0.851,0.852,0.853,0.855,0.857,0.858,0.860,0.861,0.862,0.864,0.865,0.867,0.868,0.869,0.871,0.872,0.873,0.874,0.876,0.880,0.882,0.884,0.886,0.888,0.889,0.891,0.893,0.896,0.898,0.899,0.902,0.905,0.909,0.913,0.917,0.921,0.925,0.929,0.934,0.941,0.949,0.956,0.964,0.972,0.981,0.991,1.004,1.022,1.045,1.045,3.000,1.789,1.786,1.805,1.818,1.831,1.841,1.849,1.856,1.863,1.869,1.875,1.880,1.886,1.891,1.896,1.900,1.905,1.909,1.913,1.918,1.923,1.927,1.931,1.935,1.939,1.944,1.949,1.953,1.957,1.961,1.965,1.969,1.975,1.980,1.985,1.990,1.995,1.998,2.001,2.004,2.009,2.014,2.020,2.024,2.029,2.034,2.041,2.046,2.051,2.058,2.067,2.072,2.078,2.086,2.097,2.108,2.119,2.128,2.135,2.140,2.147,2.156,2.165,2.173,2.181,2.189,2.198,2.206,2.215,2.225,2.235,2.244,2.255,2.266,2.277,2.287,2.296,2.304,2.314,2.323,2.333,2.343,2.352,2.362,2.373,2.383,2.391,2.398,2.406,2.411,2.415,2.420,2.420,2.422,3.000,3.000,3.000,3.000,3.000,2.601,2.602,2.601,2.604,2.609,2.617,2.620,2.623,2.627,2.627,2.625,2.625,3.000,3.000,3.000,3.000,3.000
3.000,3.000,3.000,2.197,2.197,2.190,2.188,2.183,2.180,2.178,2.176,2.173,2.168,2.161,2.158,2.152,2.145,2.135,2.129,2.123,2.116,2.108,2.102,2.094,2.085,2.076,2.067,2.058,2.052,2.046,2.041,2.037,2.033,2.029,2.024,2.020,2.016,2.012,2.008,2.002,1.998,1.991,1.986,1.981,1.976,1.970,1.965,1.959,1.952,1.946,1.940,1.933,1.928,1.923,1.918,1.914,1.909,1.904,1.899,1.895,1.891,1.889,1.884,1.879,1.873,1.866,1.860,1.854,1.847,1.837,1.830,1.820,1.811,1.794,1.781,1.762,1.780,1.761,3.000,3.000,3.000,0.796,0.796,0.811,0.811,0.803,0.799,0.794,0.790,0.787,0.785,0.785,0.781,0.780,0.781,0.780,0.781,0.780,0.780,0.783,0.784,0.784,0.784,0.786,0.786,0.789,0.791,0.795,0.799,0.804,0.813,0.820,0.826,0.832,0.836,0.839,0.840,0.842,0.842,0.843,0.842,0.841,0.840,0.837,0.834,0.832,0.831,0.829,0.828,0.828,0.829,0.830,0.831,0.833,0.836,0.838,0.839,0.841,0.842,0.844,0.844,0.845,0.846,0.847,0.847,0.847,0.847,0.848,0.848,0.849,0.849,0.850,0.850,0.850,0.851,0.852,0.854,0.856,0.857,0.859,0.860,0.861,0.863,0.864,0.865,0.866,0.867,0.869,0.869,0.870,0.871,0.873,0.876,0.878,0.880,0.882,0.883,0.885,0.886,0.888,0.891,0.893,0.895,0.897,0.901,0.905,0.910,0.914,0.918,0.922,0.926,0.931,0.938,0.946,0.953,0.961,0.969,0.978,0.988,1.000,1.016,1.038,1.045,3.000,1.786,1.782,1.802,1.816,1.829,1.839,1.848,1.855,1.862,1.868,1.874,1.880,1.885,1.890,1.895,1.899,1.904,1.908,1.913,1.917,1.923,1.927,1.930,1.934,1.938,1.943,1.947,1.951,1.955,1.959,1.963,1.968,1.974,1.979,1.984,1.989,1.993,1.997,1.999,2.002,2.006,2.011,2.017,2.021,2.026,2.031,2.037,2.041,2.046,2.053,2.062,2.066,2.073,2.081,2.093,2.105,2.116,2.125,2.132,2.138,2.145,2.154,2.164,2.172,2.180,2.188,2.197,2.205,2.216,2.225,2.235,2.244,2.254,2.266,2.277,2.287,2.296,2.305,2.315,2.324,2.333,2.341,2.351,2.360,2.370,2.381,2.389,2.396,2.403,2.407,2.412,2.415,2.412,2.420,3.000,3.000,3.000,3.000,3.000,3.000,2.601,2.599,2.603,2.608,2.615,2.617,2.620,2.624,2.623,2.617,2.625,3.000,3.000,3.000,3.000,3.000
3.000,3.000,3.000,2.197,2.197,2.190,2.190,2.181,2.179,2.177,2.175,2.171,2.166,2.159,2.156,2.151,2.144,2.133,2.127,2.122,2.115,2.108,2.102,2.094,2.085,2.077,2.068,2.058,2.053,2.047,2.042,2.037,2.034,2.029,2.025,2.021,2.017,2.013,2.009,2.003,1.999,1.993,1.988,1.983,1.978,1.972,1.967,1.961,1.953,1.947,1.941,1.935,1.930,1.925,1.920,1.916,1.911,1.906,1.900,1.896,1.893,1.890,1.885,1.881,1.874,1.868,1.862,1.857,1.851,1.841,1.834,1.827,1.819,1.805,1.794,1.780,1.761,1.779,1.761,3.000,3.000,3.000,3.000,0.811,0.811,0.811,0.803,0.799,0.794,0.790,0.807,0.807,0.804,0.802,0.800,0.798,0.798,0.799,0.800,0.800,0.799,0.798,0.798,0.799,0.800,0.801,0.803,0.805,0.810,0.817,0.823,0.829,0.835,0.839,0.841,0.843,0.843,0.844,0.844,0.843,0.843,0.841,0.839,0.836,0.833,0.831,0.829,0.828,0.827,0.826,0.827,0.827,0.828,0.830,0.832,0.834,0.836,0.838,0.839,0.841,0.842,0.843,0.844,0.845,0.845,0.846,0.846,0.846,0.847,0.848,0.848,0.849,0.849,0.850,0.850,0.852,0.853,0.855,0.856,0.858,0.859,0.860,0.861,0.863,0.864,0.865,0.865,0.867,0.867,0.868,0.868,0.870,0.873,0.875,0.877,0.878,0.879,0.880,0.882,0.884,0.886,0.888,0.891,0.893,0.897,0.901,0.906,0.911,0.915,0.919,0.923,0.928,0.935,0.943,0.951,0.958,0.966,0.975,0.985,0.997,1.012,1.034,1.038,3.000,1.782,1.779,1.800,1.814,1.828,1.838,1.846,1.854,1.861,1.867,1.873,1.879,1.885,1.890,1.894,1.899,1.904,1.908,1.912,1.917,1.922,1.926,1.930,1.933,1.937,1.941,1.946,1.950,1.953,1.957,1.961,1.967,1.972,1.977,1.982,1.986,1.991,1.994,1.996,1.999,2.003,2.007,2.012,2.016,2.022,2.026,2.031,2.034,2.038,2.043,2.052,2.057,2.065,2.075,2.087,2.100,2.112,2.122,2.130,2.137,2.144,2.153,2.163,2.171,2.179,2.187,2.196,2.205,2.216,2.225,2.235,2.244,2.255,2.266,2.278,2.288,2.298,2.306,2.316,2.324,2.332,2.340,2.349,2.358,2.368,2.378,2.387,2.395,2.402,2.405,2.410,2.412,2.410,2.412,3.000,3.000,3.000,3.000,3.000,3.000,2.599,2.599,2.603,2.609,2.615,2.617,2.620,2.624,2.622,2.615,2.620,3.000,3.000,3.000,3.000,3.000
3.000,3.000,3.000,2.197,2.194,2.187,2.186,2.179,2.176,2.173,2.172,2.167,2.161,2.156,2.152,2.148,2.140,2.131,2.125,2.120,2.114,2.107,2.101,2.093,2.085,2.077,2.068,2.059,2.053,2.048,2.043,2.038,2.034,2.029,2.026,2.021,2.018,2.014,2.011,2.004,1.999,1.994,1.990,1.984,1.979,1.973,1.968,1.962,1.954,1.948,1.942,1.937,1.931,1.927,1.922,1.918,1.913,1.907,1.901,1.897,1.894,1.891,1.886,1.881,1.876,1.870,1.864,1.859,1.853,1.844,1.837,1.831,1.824,1.814,1.805,1.793,1.779,1.761,1.782,1.765,3.000,3.000,3.000,3.000,3.000,3.000,3.000,3.000,3.000,3.000,0.807,0.807,0.807,0.804,0.836,0.836,0.831,0.828,0.823,0.821,0.816,0.814,0.812,0.812,0.812,0.813,0.815,0.817,0.822,0.827,0.832,0.838,0.843,0.845,0.845,0.845,0.845,0.845,0.844,0.844,0.843,0.841,0.838,0.835,0.832,0.829,0.828,0.826,0.825,0.825,0.825,0.825,0.825,0.827,0.829,0.831,0.833,0.835,0.836,0.838,0.839,0.840,0.841,0.843,0.843,0.844,0.844,0.845,0.846,0.846,0.847,0.848,0.848,0.849,0.850,0.851,0.852,0.854,0.855,0.856,0.857,0.859,0.860,0.861,0.862,0.863,0.864,0.865,0.865,0.866,0.866,0.868,0.870,0.872,0.874,0.875,0.876,0.877,0.879,0.880,0.883,0.885,0.887,0.890,0.893,0.899,0.903,0.908,0.913,0.917,0.921,0.926,0.932,0.941,0.948,0.957,0.964,0.973,0.983,0.994,1.008,1.029,1.034,3.000,1.779,1.777,1.798,1.813,1.826,1.836,1.844,1.853,1.860,1.865,1.872,1.878,1.884,1.889,1.894,1.898,1.903,1.907,1.912,1.916,1.921,1.925,1.929,1.932,1.936,1.941,1.945,1.948,1.951,1.956,1.960,1.965,1.970,1.975,1.979,1.983,1.986,1.990,1.992,1.995,1.999,2.002,2.007,2.011,2.016,2.019,2.023,2.025,2.026,2.027,2.031,2.036,2.047,2.064,2.079,2.093,2.108,2.118,2.127,2.135,2.142,2.153,2.163,2.170,2.178,2.187,2.196,2.205,2.216,2.226,2.236,2.245,2.256,2.266,2.277,2.288,2.298,2.307,2.316,2.324,2.331,2.339,2.347,2.357,2.368,2.377,2.386,2.396,2.402,2.406,2.410,2.413,2.411,2.411,2.397,3.000,3.000,3.000,3.000,3.000,2.599,2.599,2.605,2.612,2.618,2.620,2.624,2.627,2.627,2.620,2.621,3.000,3.000,3.000,3.000,3.000
3.000,3.000,3.000,2.198,2.193,2.187,2.186,2.178,2.175,2.172,2.169,2.162,2.155,2.151,2.149,2.145,2.137,2.129,2.123,2.119,2.114,2.107,2.101,2.093,2.085,2.077,2.068,2.061,2.055,2.049,2.045,2.040,2.036,2.031,2.027,2.023,2.019,2.016,2.012,2.005,2.000,1.995,1.991,1.986,1.981,1.974,1.969,1.964,1.956,1.949,1.944,1.938,1.933,1.929,1.924,1.919,1.914,1.908,1.903,1.898,1.895,1.892,1.888,1.883,1.878,1.872,1.866,1.861,1.856,1.847,1.841,1.835,1.829,1.821,1.814,1.807,1.797,1.782,1.765,1.788,1.780,1.765,3.000,3.000,3.000,3.000,3.000,3.000,3.000,3.000,3.000,3.000,3.000,3.000,0.836,0.836,0.836,0.831,0.828,0.837,0.837,0.834,0.829,0.828,0.826,0.827,0.830,0.832,0.836,0.840,0.844,0.848,0.849,0.849,0.848,0.848,0.847,0.846,0.845,0.844,0.842,0.840,0.837,0.834,0.830,0.828,0.826,0.824,0.823,0.822,0.822,0.822,0.822,0.823,0.825,0.826,0.829,0.831,0.833,0.835,0.836,0.838,0.839,0.840,0.841,0.842,0.843,0.843,0.844,0.845,0.846,0.846,0.847,0.848,0.849,0.850,0.851,0.853,0.854,0.855,0.856,0.857,0.858,0.860,0.860,0.861,0.862,0.863,0.863,0.863,0.864,0.865,0.867,0.869,0.870,0.872,0.872,0.873,0.875,0.877,0.879,0.882,0.884,0.887,0.891,0.896,0.901,0.905,0.911,0.915,0.919,0.923,0.930,0.940,0.947,0.956,0.963,0.972,0.982,0.993,1.006,1.026,1.029,3.000,1.777,1.775,1.797,1.811,1.824,1.834,1.842,1.851,1.858,1.864,1.871,1.877,1.883,1.888,1.892,1.896,1.902,1.906,1.910,1.915,1.920,1.924,1.927,1.931,1.935,1.939,1.943,1.946,1.949,1.953,1.956,1.960,1.966,1.970,1.974,1.977,1.980,1.982,1.985,1.987,1.992,1.994,1.998,2.002,2.009,2.012,2.013,2.015,2.017,2.017,2.020,2.025,2.032,2.048,2.071,2.087,2.103,2.114,2.124,2.132,2.140,2.151,2.161,2.169,2.177,2.186,2.196,2.205,2.216,2.226,2.236,2.245,2.256,2.266,2.276,2.287,2.298,2.307,2.315,2.323,2.330,2.338,2.346,2.355,2.367,2.375,2.384,2.393,2.401,2.405,2.409,2.412,2.409,2.397,2.397,3.000,3.000,3.000,3.000,3.000,2.599,2.599,2.606,2.613,2.619,2.620,2.625,2.629,2.628,2.621,2.623,3.000,3.000,3.000,3.000,3.000
3.000,3.000,3.000,2.201,2.198,2.192,2.190,2.184,2.180,2.175,2.171,2.165,2.157,2.153,2.149,2.146,2.139,2.130,2.124,2.119,2.115,2.109,2.102,2.094,2.086,2.077,2.069,2.062,2.057,2.051,2.046,2.041,2.037,2.033,2.029,2.024,2.020,2.015,2.011,2.005,2.000,1.996,1.992,1.986,1.982,1.976,1.971,1.965,1.959,1.951,1.946,1.940,1.935,1.930,1.926,1.920,1.915,1.910,1.905,1.901,1.898,1.895,1.890,1.885,1.880,1.875,1.870,1.865,1.860,1.853,1.845,1.840,1.834,1.828,1.822,1.815,1.808,1.799,1.788,1.780,1.765,1.789,1.781,1.768,1.755,1.746,3.000,3.000,3.000,3.000,3.000,3.000,3.000,3.000,3.000,3.000,3.000,3.000,3.000,0.837,0.837,0.862,0.862,0.857,0.853,0.851,0.850,0.849,0.850,0.852,0.854,0.856,0.856,0.854,0.852,0.850,0.849,0.848,0.846,0.844,0.842,0.839,0.836,0.833,0.829,0.827,0.825,0.823,0.821,0.820,0.820,0.819,0.819,0.820,0.822,0.823,0.825,0.828,0.830,0.832,0.834,0.836,0.837,0.839,0.839,0.840,0.841,0.842,0.843,0.844,0.844,0.845,0.846,0.847,0.848,0.849,0.850,0.852,0.853,0.854,0.855,0.856,0.857,0.858,0.859,0.860,0.860,0.861,0.861,0.861,0.861,0.862,0.864,0.866,0.867,0.868,0.869,0.870,0.872,0.874,0.877,0.879,0.882,0.885,0.889,0.894,0.899,0.903,0.909,0.913,0.917,0.922,0.929,0.939,0.946,0.955,0.962,0.971,0.981,0.992,1.004,1.023,1.026,3.000,1.775,1.797,1.795,1.809,1.822,1.832,1.841,1.848,1.856,1.863,1.869,1.876,1.881,1.886,1.891,1.894,1.900,1.904,1.908,1.913,1.918,1.921,1.925,1.928,1.931,1.936,1.940,1.943,1.945,1.949,1.951,1.955,1.960,1.965,1.968,1.971,1.974,1.975,1.978,1.979,1.983,1.982,1.988,1.992,1.997,2.001,2.006,2.008,2.011,2.011,2.013,2.018,2.024,2.039,2.060,2.080,2.098,2.111,2.121,2.130,2.139,2.150,2.160,2.168,2.177,2.186,2.196,2.204,2.214,2.225,2.236,2.245,2.255,2.266,2.276,2.287,2.298,2.308,2.316,2.324,2.331,2.339,2.347,2.357,2.368,2.376,2.386,2.394,2.401,2.405,2.411,2.414,2.411,2.397,2.397,3.000,3.000,3.000,3.000,3.000,2.602,2.597,2.608,2.615,2.618,2.620,2.625,2.630,2.630,2.623,2.624,3.000,3.000,3.000,3.000,3.000
3.000,3.000,3.000,2.203,2.201,2.195,2.194,2.187,2.182,2.177,2.172,2.166,2.158,2.154,2.151,2.147,2.139,2.130,2.124,2.120,2.115,2.109,2.102,2.093,2.086,2.078,2.070,2.063,2.058,2.051,2.046,2.042,2.038,2.034,2.029,2.024,2.021,2.016,2.012,2.005,2.001,1.996,1.993,1.987,1.983,1.977,1.972,1.966,1.959,1.953,1.948,1.942,1.937,1.932,1.927,1.922,1.917,1.912,1.907,1.903,1.900,1.898,1.893,1.888,1.884,1.879,1.873,1.868,1.863,1.857,1.850,1.845,1.840,1.834,1.829,1.824,1.817,1.811,1.802,1.796,1.789,1.781,1.768,1.755,1.746,1.769,1.763,1.757,3.000,3.000,3.000,3.000,3.000,3.000,3.000,3.000,3.000,3.000,3.000,3.000,3.000,0.862,0.862,0.875,0.875,0.871,0.868,0.867,0.866,0.868,0.868,0.866,0.863,0.858,0.855,0.853,0.850,0.849,0.847,0.844,0.842,0.838,0.835,0.832,0.828,0.826,0.824,0.822,0.820,0.819,0.818,0.817,0.817,0.818,0.819,0.820,0.822,0.824,0.827,0.830,0.831,0.833,0.834,0.836,0.837,0.838,0.839,0.840,0.841,0.842,0.843,0.843,0.844,0.845,0.846,0.848,0.849,0.850,0.851,0.852,0.853,0.854,0.855,0.856,0.857,0.858,0.859,0.859,0.859,0.859,0.859,0.860,0.862,0.864,0.865,0.866,0.867,0.868,0.870,0.872,0.874,0.877,0.880,0.883,0.888,0.893,0.897,0.902,0.908,0.912,0.916,0.921,0.928,0.938,0.945,0.954,0.961,0.971,0.981,0.991,1.003,1.020,1.023,3.000,3.000,1.795,1.793,1.808,1.821,1.831,1.840,1.847,1.855,1.861,1.867,1.874,1.879,1.883,1.888,1.891,1.896,1.901,1.905,1.910,1.915,1.918,1.921,1.924,1.927,1.931,1.935,1.939,1.941,1.944,1.945,1.949,1.952,1.956,1.961,1.964,1.966,1.968,1.970,1.973,1.974,1.977,1.982,1.987,1.993,1.997,2.002,2.005,2.007,2.007,2.009,2.013,2.018,2.031,2.048,2.074,2.094,2.109,2.120,2.130,2.139,2.150,2.160,2.168,2.177,2.186,2.196,2.205,2.215,2.225,2.236,2.246,2.256,2.266,2.276,2.287,2.296,2.306,2.315,2.323,2.330,2.339,2.349,2.358,2.368,2.377,2.387,2.393,2.400,2.404,2.411,2.415,2.411,2.394,2.397,3.000,3.000,3.000,3.000,3.000,2.604,2.602,2.611,2.617,2.619,2.620,2.625,2.634,2.633,2.624,2.624,3.000,3.000,3.000,3.000,3.000
3.000,3.000,3.000,2.203,2.203,2.199,2.197,2.190,2.185,2.179,2.174,2.167,2.162,2.157,2.153,2.148,2.139,2.130,2.125,2.120,2.116,2.110,2.102,2.094,2.087,2.080,2.072,2.065,2.059,2.052,2.047,2.042,2.038,2.035,2.030,2.025,2.021,2.016,2.013,2.007,2.002,1.998,1.995,1.989,1.985,1.978,1.973,1.967,1.960,1.955,1.950,1.943,1.939,1.934,1.929,1.924,1.919,1.913,1.909,1.905,1.902,1.899,1.895,1.890,1.886,1.881,1.876,1.871,1.866,1.859,1.853,1.848,1.843,1.838,1.833,1.829,1.824,1.818,1.811,1.806,1.800,1.794,1.785,1.777,1.769,1.763,1.757,1.778,1.770,1.764,1.759,1.751,1.743,1.735,1.727,1.716,1.708,3.000,3.000,3.000,3.000,3.000,3.000,0.875,0.875,0.895,0.895,0.890,0.885,0.882,0.880,0.874,0.869,0.862,0.858,0.855,0.852,0.850,0.847,0.845,0.842,0.838,0.834,0.831,0.828,0.825,0.823,0.821,0.819,0.818,0.816,0.815,0.815,0.815,0.816,0.817,0.819,0.821,0.824,0.826,0.828,0.830,0.832,0.833,0.834,0.836,0.837,0.838,0.839,0.840,0.841,0.842,0.843,0.844,0.845,0.846,0.847,0.849,0.850,0.851,0.852,0.853,0.854,0.855,0.855,0.856,0.857,0.857,0.858,0.858,0.857,0.858,0.859,0.861,0.863,0.864,0.865,0.866,0.868,0.870,0.873,0.876,0.879,0.883,0.887,0.892,0.896,0.901,0.907,0.912,0.916,0.921,0.928,0.938,0.946,0.954,0.962,0.970,0.980,0.990,1.002,1.018,1.020,3.000,3.000,1.793,1.790,1.806,1.820,1.830,1.839,1.847,1.854,1.860,1.866,1.872,1.877,1.881,1.885,1.889,1.893,1.897,1.902,1.907,1.912,1.915,1.918,1.920,1.923,1.926,1.931,1.934,1.937,1.940,1.940,1.944,1.946,1.950,1.952,1.956,1.960,1.963,1.966,1.969,1.972,1.975,1.980,1.986,1.992,1.996,2.000,2.003,2.005,2.005,2.005,2.008,2.012,2.021,2.033,2.063,2.090,2.107,2.120,2.129,2.139,2.151,2.160,2.168,2.177,2.186,2.197,2.206,2.216,2.225,2.236,2.246,2.257,2.268,2.277,2.287,2.296,2.305,2.314,2.322,2.329,2.338,2.349,2.359,2.368,2.376,2.386,2.393,2.399,2.404,2.410,2.412,2.402,2.390,2.394,3.000,3.000,3.000,3.000,3.000,2.604,2.604,2.613,2.621,2.624,2.624,2.633,2.636,2.635,2.623,2.624,3.000,3.000,3.000,3.000,3.000
3.000,3.000,3.000,2.203,2.201,2.198,2.196,2.191,2.185,2.180,2.175,2.168,2.163,2.159,2.155,2.150,2.142,2.132,2.127,2.122,2.117,2.111,2.103,2.095,2.088,2.081,2.074,2.066,2.061,2.054,2.048,2.043,2.039,2.036,2.031,2.026,2.022,2.018,2.014,2.008,2.004,1.999,1.996,1.990,1.986,1.979,1.974,1.966,1.961,1.955,1.950,1.944,1.940,1.935,1.930,1.925,1.920,1.914,1.910,1.905,1.902,1.899,1.895,1.891,1.887,1.883,1.878,1.873,1.868,1.861,1.855,1.850,1.846,1.841,1.836,1.832,1.828,1.823,1.817,1.812,1.808,1.803,1.796,1.790,1.785,1.782,1.778,1.770,1.764,1.759,1.751,1.743,1.735,1.727,1.716,1.708,1.730,1.723,1.710,3.000,3.000,3.000,3.000,3.000,3.000,0.895,0.895,0.908,0.908,0.900,0.890,0.882,0.874,0.865,0.860,0.857,0.854,0.851,0.848,0.845,0.841,0.837,0.833,0.830,0.827,0.824,0.822,0.820,0.818,0.817,0.815,0.814,0.813,0.813,0.814,0.815,0.816,0.818,0.821,0.823,0.825,0.827,0.829,0.830,0.832,0.833,0.834,0.836,0.837,0.838,0.839,0.840,0.841,0.842,0.843,0.844,0.845,0.847,0.848,0.849,0.850,0.851,0.852,0.852,0.853,0.854,0.854,0.855,0.855,0.855,0.854,0.855,0.857,0.859,0.860,0.862,0.863,0.865,0.866,0.869,0.871,0.875,0.878,0.882,0.886,0.891,0.895,0.900,0.906,0.911,0.915,0.920,0.927,0.938,0.946,0.954,0.961,0.970,0.979,0.989,1.000,1.016,1.018,3.000,3.000,1.790,1.788,1.804,1.819,1.829,1.838,1.846,1.853,1.859,1.865,1.870,1.874,1.878,1.882,1.885,1.888,1.892,1.896,1.903,1.908,1.911,1.914,1.916,1.918,1.921,1.925,1.929,1.931,1.934,1.936,1.938,1.940,1.943,1.947,1.952,1.956,1.960,1.965,1.969,1.972,1.976,1.981,1.987,1.993,1.998,2.001,2.003,2.004,2.004,2.004,2.006,2.007,2.014,2.026,2.052,2.084,2.104,2.119,2.129,2.140,2.151,2.161,2.169,2.178,2.187,2.198,2.206,2.216,2.225,2.236,2.247,2.258,2.269,2.278,2.287,2.296,2.305,2.315,2.323,2.330,2.339,2.350,2.360,2.369,2.377,2.387,2.394,2.400,2.406,2.411,2.411,2.400,2.385,2.391,3.000,3.000,3.000,3.000,3.000,2.604,2.604,2.612,2.620,2.624,2.624,2.632,2.636,2.634,2.623,2.625,3.000,3.000,3.000,3.000,3.000
3.000,3.000,3.000,2.201,2.195,2.192,2.191,2.188,2.183,2.178,2.173,2.167,2.163,2.160,2.156,2.151,2.143,2.133,2.128,2.123,2.118,2.112,2.104,2.097,2.089,2.083,2.075,2.068,2.062,2.055,2.050,2.045,2.041,2.037,2.033,2.028,2.024,2.020,2.016,2.009,2.004,1.998,1.996,1.989,1.985,1.977,1.972,1.966,1.961,1.955,1.951,1.945,1.941,1.936,1.931,1.926,1.921,1.916,1.911,1.906,1.903,1.899,1.896,1.892,1.888,1.884,1.879,1.875,1.870,1.863,1.857,1.852,1.848,1.843,1.839,1.835,1.831,1.827,1.822,1.817,1.813,1.809,1.803,1.799,1.794,1.792,1.789,1.782,1.777,1.772,1.765,1.760,1.751,1.745,1.737,1.730,1.723,1.710,1.731,1.721,1.708,1.695,3.000,3.000,3.000,3.000,3.000,0.908,0.928,0.916,0.903,0.889,0.878,0.868,0.863,0.858,0.854,0.851,0.848,0.844,0.840,0.836,0.832,0.828,0.826,0.823,0.821,0.819,0.817,0.816,0.814,0.813,0.812,0.812,0.812,0.813,0.814,0.815,0.818,0.820,0.822,0.823,0.825,0.827,0.828,0.830,0.831,0.833,0.834,0.836,0.837,0.838,0.839,0.840,0.841,0.842,0.843,0.844,0.845,0.846,0.846,0.847,0.849,0.849,0.850,0.851,0.851,0.852,0.853,0.853,0.852,0.853,0.855,0.857,0.859,0.860,0.862,0.863,0.865,0.867,0.870,0.873,0.877,0.881,0.885,0.890,0.895,0.899,0.905,0.909,0.914,0.920,0.927,0.937,0.945,0.953,0.961,0.970,0.979,0.988,0.999,1.015,1.016,3.000,3.000,1.788,1.785,1.802,1.816,1.827,1.836,1.844,1.851,1.857,1.862,1.867,1.870,1.874,1.878,1.879,1.882,1.882,1.888,1.895,1.902,1.905,1.908,1.911,1.914,1.917,1.921,1.923,1.927,1.931,1.933,1.936,1.938,1.942,1.946,1.951,1.956,1.961,1.966,1.969,1.973,1.977,1.983,1.988,1.995,1.998,2.002,2.003,2.004,2.004,2.003,2.004,2.004,2.008,2.018,2.042,2.075,2.100,2.117,2.129,2.139,2.150,2.160,2.169,2.178,2.186,2.197,2.206,2.215,2.225,2.237,2.248,2.259,2.269,2.278,2.288,2.297,2.308,2.318,2.325,2.333,2.343,2.354,2.363,2.373,2.382,2.391,2.398,2.405,2.410,2.414,2.414,2.407,2.391,2.394,3.000,3.000,3.000,3.000,3.000,2.604,2.600,2.605,2.611,2.617,2.620,2.626,2.632,2.631,2.625,2.625,3.000,3.000,3.000,3.000,3.000
3.000,3.000,3.000,2.195,2.194,2.192,2.190,2.187,2.182,2.176,2.171,2.166,2.164,2.161,2.157,2.152,2.146,2.136,2.130,2.124,2.120,2.114,2.106,2.099,2.092,2.085,2.078,2.070,2.065,2.057,2.052,2.047,2.043,2.039,2.036,2.031,2.027,2.022,2.018,2.011,2.007,2.000,1.997,1.993,1.988,1.981,1.976,1.969,1.964,1.958,1.953,1.947,1.943,1.938,1.934,1.929,1.925,1.918,1.913,1.908,1.905,1.900,1.896,1.893,1.890,1.886,1.881,1.877,1.872,1.866,1.859,1.854,1.849,1.845,1.841,1.838,1.834,1.830,1.825,1.820,1.816,1.813,1.808,1.804,1.802,1.800,1.796,1.792,1.786,1.782,1.777,1.772,1.765,1.760,1.754,1.748,1.742,1.731,1.721,1.708,1.695,1.715,1.700,1.681,3.000,3.000,3.000,3.000,0.928,0.928,0.911,0.893,0.881,0.870,0.864,0.859,0.855,0.851,0.847,0.842,0.838,0.834,0.830,0.827,0.824,0.822,0.820,0.818,0.816,0.815,0.813,0.812,0.811,0.811,0.811,0.811,0.812,0.813,0.815,0.818,0.819,0.820,0.822,0.823,0.825,0.827,0.829,0.830,0.832,0.833,0.834,0.835,0.836,0.837,0.838,0.839,0.840,0.842,0.843,0.843,0.844,0.845,0.846,0.847,0.848,0.848,0.848,0.849,0.850,0.850,0.849,0.851,0.853,0.855,0.856,0.858,0.860,0.861,0.863,0.866,0.868,0.872,0.877,0.881,0.885,0.890,0.895,0.900,0.905,0.910,0.914,0.920,0.928,0.938,0.946,0.953,0.961,0.970,0.978,0.987,0.999,1.014,1.015,3.000,3.000,1.785,1.780,1.797,1.812,1.824,1.834,1.841,1.848,1.854,1.858,1.862,1.865,1.867,1.869,1.868,1.869,1.869,1.874,1.882,1.889,1.893,1.899,1.903,1.908,1.911,1.914,1.919,1.923,1.928,1.932,1.936,1.938,1.942,1.948,1.952,1.958,1.962,1.967,1.970,1.974,1.978,1.984,1.989,1.995,1.998,2.001,2.003,2.003,2.003,2.002,2.002,2.001,2.004,2.013,2.035,2.068,2.094,2.115,2.127,2.139,2.149,2.160,2.168,2.177,2.186,2.197,2.205,2.216,2.225,2.238,2.249,2.260,2.270,2.279,2.289,2.299,2.310,2.321,2.329,2.338,2.346,2.357,2.365,2.376,2.383,2.392,2.399,2.407,2.412,2.415,2.415,2.409,2.394,2.398,3.000,3.000,3.000,3.000,3.000,2.600,2.598,2.603,2.609,2.616,2.619,2.626,2.629,2.629,2.631,2.625,3.000,3.000,3.000,3.000,3.000
3.000,3.000,3.000,2.199,2.195,2.192,2.190,2.187,2.182,2.175,2.170,2.165,2.162,2.160,2.156,2.151,2.143,2.133,2.128,2.123,2.120,2.114,2.109,2.101,2.095,2.088,2.081,2.073,2.067,2.059,2.054,2.048,2.044,2.040,2.037,2.033,2.028,2.023,2.019,2.013,2.007,2.001,1.999,1.995,1.990,1.983,1.978,1.972,1.967,1.961,1.956,1.950,1.946,1.940,1.936,1.932,1.927,1.921,1.916,1.910,1.907,1.902,1.897,1.894,1.891,1.887,1.882,1.878,1.873,1.868,1.860,1.854,1.850,1.846,1.843,1.841,1.837,1.833,1.828,1.823,1.819,1.816,1.812,1.809,1.807,1.805,1.802,1.797,1.793,1.789,1.785,1.780,1.775,1.771,1.764,1.758,1.753,1.744,1.737,1.724,1.715,1.700,1.681,1.704,1.685,3.000,3.000,3.000,0.928,0.928,0.918,0.895,0.881,0.872,0.865,0.859,0.855,0.850,0.846,0.841,0.837,0.833,0.829,0.827,0.824,0.822,0.819,0.817,0.816,0.814,0.812,0.811,0.810,0.810,0.810,0.810,0.810,0.811,0.813,0.815,0.817,0.818,0.819,0.821,0.822,0.824,0.826,0.828,0.829,0.830,0.831,0.832,0.833,0.834,0.835,0.836,0.837,0.839,0.840,0.841,0.841,0.842,0.843,0.845,0.845,0.845,0.846,0.846,0.847,0.846,0.847,0.848,0.850,0.852,0.853,0.855,0.857,0.859,0.862,0.864,0.867,0.872,0.876,0.881,0.885,0.891,0.895,0.901,0.906,0.911,0.916,0.921,0.929,0.939,0.947,0.954,0.962,0.970,0.978,0.987,0.998,1.013,1.014,3.000,3.000,1.780,1.774,1.793,1.807,1.820,1.830,1.838,1.844,1.850,1.854,1.857,1.859,1.860,1.862,1.857,1.857,1.853,1.863,1.872,1.881,1.886,1.891,1.899,1.904,1.909,1.912,1.918,1.923,1.929,1.933,1.938,1.942,1.947,1.951,1.955,1.960,1.963,1.968,1.971,1.975,1.978,1.983,1.987,1.993,1.997,1.999,2.000,2.000,1.999,1.999,1.999,1.997,1.999,2.006,2.021,2.053,2.089,2.110,2.125,2.138,2.149,2.160,2.169,2.178,2.187,2.197,2.207,2.216,2.227,2.239,2.250,2.261,2.270,2.279,2.290,2.301,2.312,2.322,2.330,2.339,2.347,2.357,2.365,2.376,2.383,2.391,2.398,2.407,2.413,2.416,2.417,2.411,2.398,2.398,3.000,3.000,3.000,3.000,3.000,2.598,2.598,2.603,2.610,2.616,2.620,2.628,2.628,2.627,2.629,3.000,3.000,3.000,3.000,3.000,3.000
3.000,3.000,3.000,2.207,2.199,2.196,2.193,2.189,2.183,2.176,2.170,2.165,2.162,2.160,2.156,2.150,2.142,2.132,2.127,2.123,2.120,2.117,2.111,2.104,2.098,2.091,2.085,2.077,2.070,2.060,2.055,2.049,2.045,2.040,2.037,2.033,2.028,2.024,2.020,2.014,2.008,2.003,2.000,1.996,1.992,1.986,1.980,1.974,1.970,1.964,1.961,1.954,1.949,1.943,1.939,1.934,1.930,1.924,1.918,1.913,1.909,1.904,1.900,1.896,1.893,1.889,1.884,1.880,1.875,1.870,1.863,1.858,1.854,1.849,1.846,1.843,1.840,1.836,1.831,1.826,1.822,1.820,1.816,1.813,1.811,1.809,1.807,1.802,1.798,1.795,1.791,1.786,1.782,1.778,1.771,1.765,1.760,1.753,1.747,1.737,1.729,1.718,1.704,1.685,1.700,1.683,3.000,3.000,3.000,0.924,0.922,0.897,0.882,0.873,0.865,0.860,0.855,0.850,0.845,0.840,0.836,0.832,0.828,0.826,0.823,0.821,0.819,0.817,0.815,0.814,0.812,0.811,0.810,0.809,0.809,0.809,0.809,0.809,0.811,0.813,0.814,0.815,0.816,0.818,0.819,0.821,0.823,0.824,0.826,0.827,0.828,0.829,0.829,0.830,0.831,0.833,0.834,0.836,0.837,0.838,0.838,0.839,0.840,0.842,0.842,0.842,0.843,0.844,0.844,0.843,0.844,0.845,0.847,0.849,0.851,0.853,0.855,0.857,0.860,0.863,0.867,0.871,0.876,0.881,0.886,0.892,0.897,0.903,0.908,0.913,0.918,0.923,0.931,0.941,0.948,0.955,0.963,0.971,0.979,0.987,0.998,1.012,1.013,3.000,3.000,1.774,1.769,1.789,1.805,1.817,1.827,1.835,1.841,1.846,1.850,1.853,1.854,1.852,1.851,1.862,1.857,1.835,1.845,1.862,1.871,1.879,1.886,1.894,1.901,1.907,1.912,1.919,1.924,1.931,1.935,1.941,1.945,1.950,1.953,1.957,1.961,1.965,1.968,1.971,1.975,1.979,1.983,1.987,1.993,1.996,1.998,1.999,1.999,1.998,1.997,1.997,1.994,1.994,2.001,2.015,2.045,2.084,2.108,2.124,2.137,2.149,2.160,2.169,2.178,2.187,2.197,2.207,2.216,2.227,2.239,2.250,2.261,2.270,2.279,2.290,2.302,2.312,2.322,2.330,2.340,2.347,2.357,2.366,2.375,2.383,2.392,2.398,2.406,2.413,2.416,2.416,2.410,2.397,2.398,3.000,3.000,3.000,3.000,3.000,2.598,2.598,2.603,2.610,2.617,2.622,2.630,2.631,2.628,2.632,3.000,3.000,3.000,3.000,3.000,3.000
3.000,3.000,3.000,2.207,2.207,2.203,2.198,2.195,2.186,2.179,2.174,2.169,2.166,2.162,2.157,2.150,2.141,2.132,2.127,2.124,2.123,2.119,2.114,2.108,2.102,2.094,2.088,2.078,2.072,2.061,2.056,2.049,2.045,2.040,2.037,2.033,2.028,2.024,2.020,2.015,2.009,2.004,2.001,1.997,1.992,1.986,1.980,1.975,1.971,1.965,1.962,1.956,1.952,1.945,1.940,1.935,1.931,1.925,1.921,1.915,1.911,1.906,1.902,1.899,1.895,1.891,1.886,1.882,1.877,1.872,1.864,1.861,1.856,1.853,1.849,1.846,1.843,1.839,1.835,1.831,1.826,1.824,1.821,1.818,1.816,1.814,1.811,1.807,1.804,1.799,1.795,1.791,1.787,1.783,1.777,1.771,1.766,1.759,1.754,1.746,1.738,1.728,1.717,1.700,1.683,1.695,3.000,3.000,3.000,0.924,0.924,0.897,0.882,0.873,0.866,0.860,0.855,0.849,0.844,0.839,0.835,0.831,0.827,0.825,0.823,0.820,0.818,0.816,0.814,0.813,0.811,0.810,0.809,0.808,0.808,0.808,0.808,0.808,0.809,0.810,0.812,0.812,0.813,0.815,0.816,0.817,0.819,0.821,0.822,0.823,0.824,0.825,0.825,0.827,0.828,0.829,0.830,0.832,0.833,0.834,0.835,0.836,0.837,0.838,0.839,0.840,0.840,0.841,0.841,0.841,0.842,0.843,0.846,0.848,0.849,0.852,0.854,0.856,0.859,0.862,0.866,0.871,0.876,0.881,0.887,0.893,0.899,0.905,0.910,0.915,0.921,0.927,0.935,0.943,0.950,0.957,0.964,0.972,0.979,0.987,0.997,1.011,1.012,3.000,3.000,1.769,1.765,1.787,1.803,1.816,1.826,1.833,1.839,1.843,1.847,1.849,1.849,1.845,1.852,1.851,1.835,1.845,1.831,1.852,1.865,1.874,1.882,1.891,1.898,1.906,1.913,1.920,1.927,1.934,1.938,1.943,1.947,1.951,1.954,1.957,1.961,1.964,1.967,1.970,1.975,1.978,1.983,1.987,1.991,1.995,1.998,1.999,1.998,1.998,1.996,1.994,1.988,1.988,1.995,2.006,2.030,2.108,2.105,2.122,2.136,2.147,2.158,2.167,2.178,2.187,2.197,2.206,2.215,2.226,2.239,2.249,2.260,2.269,2.279,2.291,2.302,2.312,2.321,2.329,2.339,2.348,2.358,2.367,2.376,2.382,2.392,2.398,2.405,2.411,2.414,2.414,2.406,2.395,2.397,3.000,3.000,3.000,3.000,3.000,2.598,2.598,2.604,2.610,2.619,2.627,2.633,2.634,2.632,2.632,3.000,3.000,3.000,3.000,3.000,3.000
3.000,3.000,3.000,2.207,2.216,2.209,2.205,2.201,2.191,2.185,2.178,2.172,2.169,2.165,2.158,2.151,2.143,2.134,2.129,2.126,2.126,2.122,2.117,2.111,2.105,2.098,2.090,2.079,2.074,2.062,2.058,2.049,2.045,2.041,2.037,2.033,2.029,2.024,2.021,2.016,2.010,2.005,2.002,1.998,1.993,1.987,1.981,1.976,1.972,1.967,1.964,1.958,1.953,1.945,1.940,1.935,1.931,1.926,1.922,1.916,1.912,1.908,1.904,1.900,1.896,1.892,1.887,1.883,1.878,1.873,1.866,1.862,1.858,1.854,1.851,1.848,1.845,1.842,1.838,1.834,1.830,1.828,1.826,1.822,1.819,1.817,1.814,1.810,1.807,1.803,1.799,1.794,1.790,1.786,1.781,1.775,1.770,1.765,1.759,1.752,1.745,1.736,1.726,1.712,1.695,1.702,3.000,3.000,3.000,0.924,0.924,0.897,0.882,0.873,0.866,0.860,0.854,0.848,0.843,0.838,0.834,0.830,0.826,0.824,0.822,0.820,0.817,0.815,0.814,0.813,0.811,0.810,0.809,0.808,0.808,0.807,0.807,0.807,0.808,0.808,0.810,0.810,0.811,0.812,0.813,0.815,0.816,0.818,0.819,0.820,0.820,0.821,0.822,0.823,0.824,0.825,0.826,0.827,0.829,0.830,0.831,0.832,0.834,0.835,0.836,0.837,0.837,0.839,0.839,0.839,0.840,0.842,0.844,0.847,0.848,0.851,0.853,0.855,0.859,0.862,0.866,0.871,0.876,0.882,0.888,0.895,0.901,0.907,0.912,0.918,0.923,0.929,0.937,0.945,0.951,0.958,0.965,0.972,0.979,0.986,0.996,1.010,1.011,3.000,3.000,1.765,1.787,1.783,1.801,1.814,1.824,1.831,1.837,1.840,1.844,1.845,1.843,1.838,1.845,1.748,1.729,1.831,1.852,1.844,1.858,1.870,1.879,1.889,1.897,1.906,1.914,1.922,1.929,1.935,1.940,1.944,1.948,1.951,1.955,1.957,1.961,1.964,1.967,1.970,1.975,1.979,1.983,1.986,1.991,1.995,1.997,1.998,1.998,1.997,1.995,1.993,1.985,1.985,1.991,2.001,2.023,2.105,2.101,2.119,2.134,2.146,2.157,2.166,2.176,2.186,2.196,2.205,2.214,2.225,2.238,2.249,2.260,2.269,2.279,2.291,2.302,2.311,2.320,2.328,2.338,2.348,2.359,2.368,2.377,2.383,2.394,2.400,2.408,2.414,2.416,2.416,2.407,2.395,2.400,3.000,3.000,3.000,3.000,3.000,2.601,2.598,2.604,2.610,2.619,2.628,2.634,2.636,2.632,2.632,3.000,3.000,3.000,3.000,3.000,3.000
3.000,3.000,3.000,3.000,2.218,2.216,2.213,2.208,2.194,2.188,2.183,2.177,2.173,2.167,2.161,2.153,2.147,2.139,2.133,2.131,2.130,2.125,2.120,2.114,2.107,2.100,2.092,2.082,2.077,2.065,2.060,2.052,2.049,2.042,2.039,2.034,2.031,2.026,2.022,2.017,2.012,2.007,2.003,1.999,1.994,1.989,1.984,1.978,1.974,1.969,1.965,1.959,1.954,1.946,1.941,1.936,1.932,1.927,1.923,1.919,1.914,1.910,1.906,1.902,1.898,1.894,1.889,1.886,1.879,1.874,1.867,1.863,1.858,1.855,1.853,1.850,1.847,1.844,1.840,1.837,1.833,1.831,1.828,1.824,1.822,1.819,1.817,1.812,1.809,1.805,1.801,1.797,1.792,1.788,1.783,1.778,1.773,1.769,1.764,1.757,1.750,1.741,1.731,1.718,1.702,1.705,3.000,3.000,3.000,0.924,0.919,0.896,0.881,0.872,0.865,0.859,0.853,0.847,0.841,0.837,0.832,0.829,0.825,0.823,0.821,0.819,0.817,0.815,0.814,0.813,0.811,0.810,0.809,0.808,0.808,0.807,0.807,0.806,0.807,0.807,0.808,0.808,0.809,0.810,0.811,0.812,0.814,0.815,0.816,0.817,0.818,0.819,0.819,0.820,0.821,0.822,0.823,0.824,0.826,0.827,0.828,0.830,0.831,0.833,0.833,0.834,0.835,0.836,0.837,0.838,0.839,0.840,0.842,0.845,0.847,0.850,0.852,0.855,0.858,0.862,0.866,0.871,0.877,0.883,0.890,0.897,0.903,0.909,0.915,0.921,0.926,0.933,0.940,0.947,0.953,0.959,0.965,0.972,0.978,0.985,0.995,1.009,1.010,3.000,3.000,3.000,1.783,1.778,1.796,1.811,1.821,1.829,1.834,1.838,1.841,1.842,1.841,1.833,1.838,1.747,1.725,1.729,1.844,1.839,1.852,1.867,1.878,1.888,1.896,1.906,1.915,1.923,1.930,1.937,1.940,1.945,1.948,1.951,1.954,1.957,1.961,1.964,1.967,1.969,1.974,1.978,1.983,1.986,1.991,1.994,1.997,1.997,1.997,1.996,1.994,1.989,1.983,1.982,1.986,1.995,2.010,2.101,2.095,2.115,2.131,2.144,2.155,2.165,2.175,2.185,2.196,2.205,2.214,2.225,2.239,2.248,2.258,2.267,2.278,2.289,2.301,2.310,2.318,2.327,2.336,2.347,2.359,2.369,2.380,2.386,2.399,2.405,2.413,2.418,2.421,2.421,2.415,2.400,2.405,3.000,3.000,3.000,3.000,3.000,2.601,2.601,2.605,2.611,2.624,2.630,2.636,2.637,2.631,2.632,3.000,3.000,3.000,3.000,3.000,3.000
3.000,3.000,3.000,3.000,2.218,2.218,2.215,2.209,2.195,2.189,2.184,2.179,2.174,2.168,2.163,2.154,2.148,2.141,2.137,2.134,2.132,2.127,2.122,2.116,2.109,2.102,2.094,2.086,2.079,2.068,2.062,2.054,2.050,2.044,2.041,2.036,2.033,2.028,2.025,2.019,2.015,2.009,2.005,2.000,1.996,1.991,1.986,1.981,1.977,1.971,1.967,1.961,1.956,1.948,1.943,1.938,1.934,1.930,1.926,1.921,1.917,1.913,1.908,1.905,1.901,1.896,1.892,1.888,1.883,1.876,1.869,1.865,1.860,1.857,1.855,1.852,1.849,1.846,1.843,1.840,1.835,1.833,1.830,1.826,1.824,1.821,1.819,1.814,1.811,1.807,1.803,1.799,1.795,1.790,1.785,1.781,1.776,1.772,1.767,1.761,1.754,1.745,1.735,1.722,1.705,1.706,3.000,3.000,3.000,0.919,0.914,0.895,0.880,0.872,0.864,0.858,0.852,0.845,0.840,0.836,0.832,0.828,0.825,0.823,0.821,0.819,0.817,0.815,0.814,0.812,0.811,0.810,0.809,0.808,0.808,0.807,0.806,0.806,0.806,0.806,0.806,0.806,0.807,0.808,0.809,0.810,0.811,0.812,0.813,0.814,0.815,0.816,0.816,0.817,0.818,0.819,0.820,0.821,0.823,0.824,0.826,0.827,0.829,0.830,0.830,0.832,0.832,0.834,0.835,0.836,0.837,0.839,0.841,0.844,0.846,0.849,0.851,0.854,0.858,0.862,0.866,0.872,0.878,0.885,0.892,0.899,0.906,0.912,0.918,0.923,0.929,0.935,0.942,0.949,0.954,0.959,0.965,0.971,0.976,0.983,0.993,1.008,1.009,3.000,3.000,3.000,1.778,1.773,1.794,1.809,1.820,1.828,1.833,1.837,1.840,1.842,1.840,1.832,1.835,1.753,1.726,1.728,1.839,1.834,1.849,1.866,1.877,1.888,1.896,1.906,1.915,1.924,1.930,1.937,1.940,1.945,1.948,1.951,1.954,1.957,1.961,1.964,1.966,1.969,1.974,1.977,1.983,1.985,1.991,1.993,1.996,1.997,1.997,1.995,1.993,1.989,1.982,1.980,1.983,1.992,2.005,2.095,2.090,2.112,2.130,2.143,2.155,2.165,2.175,2.185,2.197,2.206,2.215,2.226,2.240,2.249,2.259,2.268,2.279,2.290,2.302,2.311,2.319,2.327,2.337,2.348,2.360,2.371,2.382,2.389,2.401,2.408,2.416,2.422,2.427,2.429,2.420,2.405,2.405,3.000,3.000,3.000,3.000,3.000,2.602,2.601,2.606,2.612,2.625,2.631,2.636,2.636,2.631,2.631,3.000,3.000,3.000,3.000,3.000,3.000
3.000,3.000,3.000,3.000,2.218,2.216,2.213,2.208,2.196,2.190,2.186,2.179,2.175,2.173,2.168,2.156,2.150,2.143,2.139,2.135,2.133,2.128,2.123,2.117,2.110,2.103,2.095,2.087,2.081,2.072,2.064,2.056,2.051,2.046,2.043,2.038,2.035,2.030,2.027,2.022,2.018,2.012,2.008,2.002,1.999,1.993,1.988,1.982,1.979,1.974,1.969,1.963,1.959,1.950,1.945,1.941,1.937,1.932,1.929,1.925,1.921,1.917,1.911,1.907,1.903,1.899,1.895,1.891,1.885,1.879,1.871,1.866,1.862,1.859,1.856,1.854,1.851,1.848,1.845,1.842,1.838,1.836,1.833,1.829,1.827,1.824,1.821,1.817,1.814,1.809,1.806,1.801,1.797,1.792,1.787,1.783,1.779,1.775,1.770,1.763,1.757,1.748,1.739,1.724,1.706,1.706,3.000,3.000,3.000,0.914,0.909,0.891,0.879,0.870,0.863,0.856,0.850,0.844,0.839,0.835,0.831,0.828,0.825,0.822,0.820,0.818,0.816,0.815,0.813,0.812,0.811,0.810,0.809,0.808,0.808,0.807,0.806,0.806,0.805,0.805,0.805,0.805,0.806,0.807,0.807,0.808,0.809,0.810,0.811,0.812,0.812,0.813,0.814,0.815,0.815,0.817,0.818,0.819,0.820,0.822,0.823,0.824,0.826,0.827,0.828,0.829,0.830,0.832,0.833,0.834,0.836,0.838,0.840,0.843,0.845,0.848,0.851,0.854,0.858,0.862,0.867,0.873,0.879,0.886,0.894,0.901,0.909,0.915,0.920,0.926,0.931,0.938,0.944,0.950,0.955,0.960,0.965,0.970,0.975,0.982,0.991,1.007,1.008,3.000,3.000,3.000,1.773,1.768,1.792,1.808,1.819,1.828,1.833,1.837,1.841,1.842,1.841,1.835,1.810,1.818,1.728,1.744,1.834,1.830,1.848,1.866,1.877,1.887,1.895,1.905,1.914,1.922,1.930,1.936,1.940,1.944,1.948,1.951,1.955,1.957,1.961,1.964,1.967,1.970,1.974,1.978,1.983,1.986,1.990,1.992,1.995,1.995,1.995,1.993,1.992,1.988,1.983,1.979,1.981,1.988,2.000,2.090,2.112,2.110,2.129,2.144,2.156,2.166,2.176,2.187,2.199,2.208,2.218,2.230,2.242,2.251,2.262,2.271,2.282,2.292,2.304,2.313,2.321,2.328,2.339,2.351,2.366,2.375,2.389,2.396,2.405,2.411,2.419,2.425,2.431,2.434,2.431,2.440,2.405,3.000,3.000,3.000,3.000,3.000,2.602,2.602,2.606,2.614,2.625,2.631,2.635,2.633,2.629,2.631,3.000,3.000,3.000,3.000,3.000,3.000
3.000,3.000,3.000,3.000,2.216,2.216,2.213,2.208,2.196,2.191,2.187,2.181,2.175,2.172,2.167,2.157,2.152,2.146,2.141,2.137,2.134,2.129,2.124,2.118,2.111,2.104,2.096,2.089,2.082,2.073,2.064,2.057,2.052,2.047,2.044,2.039,2.036,2.031,2.029,2.023,2.019,2.014,2.010,2.003,1.999,1.994,1.989,1.983,1.980,1.976,1.971,1.965,1.962,1.954,1.949,1.945,1.940,1.936,1.932,1.929,1.924,1.921,1.912,1.909,1.904,1.900,1.896,1.892,1.886,1.881,1.874,1.869,1.864,1.861,1.858,1.855,1.852,1.849,1.846,1.843,1.840,1.837,1.834,1.831,1.828,1.826,1.823,1.819,1.816,1.811,1.808,1.803,1.799,1.794,1.789,1.785,1.781,1.777,1.772,1.764,1.758,1.749,1.739,1.724,1.706,1.706,3.000,3.000,3.000,0.909,0.905,0.889,0.877,0.869,0.862,0.855,0.848,0.842,0.838,0.834,0.830,0.827,0.824,0.822,0.820,0.818,0.816,0.815,0.813,0.812,0.811,0.810,0.809,0.808,0.808,0.807,0.806,0.805,0.805,0.805,0.805,0.805,0.805,0.805,0.806,0.807,0.808,0.809,0.809,0.810,0.810,0.811,0.811,0.812,0.813,0.814,0.816,0.817,0.819,0.820,0.821,0.822,0.824,0.826,0.827,0.828,0.829,0.831,0.832,0.833,0.835,0.837,0.840,0.843,0.845,0.848,0.851,0.854,0.858,0.863,0.867,0.873,0.880,0.888,0.896,0.903,0.911,0.917,0.923,0.928,0.934,0.940,0.945,0.951,0.956,0.960,0.965,0.970,0.975,0.981,0.990,1.006,1.007,3.000,3.000,3.000,1.768,1.762,1.789,1.807,1.818,1.827,1.832,1.837,1.841,1.843,1.842,1.836,1.818,1.826,1.740,1.744,1.830,1.828,1.846,1.865,1.875,1.886,1.894,1.903,1.913,1.921,1.929,1.934,1.939,1.943,1.947,1.951,1.955,1.958,1.961,1.964,1.967,1.970,1.974,1.978,1.983,1.986,1.989,1.990,1.993,1.992,1.993,1.991,1.990,1.986,1.981,1.976,1.976,1.982,1.993,2.000,2.110,2.107,2.128,2.144,2.157,2.167,2.178,2.188,2.200,2.209,2.219,2.232,2.243,2.253,2.264,2.274,2.285,2.294,2.308,2.316,2.322,2.330,2.340,2.353,2.368,2.377,2.391,2.397,2.407,2.413,2.420,2.427,2.435,2.439,2.440,2.440,3.000,3.000,3.000,3.000,3.000,3.000,2.602,2.601,2.605,2.614,2.623,2.627,2.631,2.631,2.627,2.629,3.000,3.000,3.000,3.000,3.000,3.000
3.000,3.000,3.000,3.000,2.216,2.216,2.212,2.207,2.194,2.189,2.186,2.182,2.178,2.174,2.167,2.159,2.154,2.148,2.144,2.140,2.137,2.130,2.125,2.119,2.112,2.106,2.098,2.090,2.083,2.074,2.066,2.058,2.053,2.048,2.044,2.039,2.036,2.033,2.030,2.025,2.021,2.014,2.010,2.004,2.001,1.996,1.992,1.986,1.983,1.978,1.973,1.967,1.964,1.956,1.951,1.946,1.942,1.938,1.934,1.930,1.926,1.922,1.913,1.910,1.905,1.902,1.898,1.894,1.888,1.883,1.876,1.872,1.867,1.863,1.860,1.857,1.854,1.851,1.847,1.844,1.839,1.837,1.834,1.831,1.829,1.826,1.823,1.819,1.816,1.811,1.808,1.804,1.800,1.795,1.790,1.785,1.781,1.777,1.772,1.764,1.757,1.748,1.738,1.722,1.703,1.706,3.000,3.000,3.000,0.905,0.902,0.887,0.876,0.867,0.860,0.853,0.845,0.841,0.836,0.833,0.829,0.826,0.824,0.822,0.820,0.818,0.816,0.815,0.813,0.812,0.811,0.810,0.809,0.808,0.807,0.806,0.806,0.805,0.805,0.804,0.804,0.804,0.804,0.805,0.805,0.806,0.807,0.807,0.808,0.809,0.809,0.809,0.810,0.811,0.812,0.813,0.815,0.816,0.818,0.819,0.820,0.821,0.823,0.825,0.826,0.827,0.828,0.830,0.832,0.833,0.834,0.837,0.840,0.843,0.845,0.848,0.851,0.855,0.859,0.863,0.868,0.875,0.882,0.890,0.898,0.905,0.913,0.919,0.925,0.931,0.936,0.942,0.947,0.952,0.957,0.961,0.965,0.969,0.974,0.980,0.989,1.003,1.018,1.018,3.000,3.000,1.762,1.789,1.787,1.804,1.816,1.825,1.831,1.836,1.840,1.843,1.843,1.838,1.826,1.809,1.767,1.768,1.807,1.827,1.846,1.863,1.874,1.883,1.891,1.902,1.911,1.918,1.925,1.931,1.936,1.941,1.946,1.950,1.954,1.957,1.961,1.964,1.966,1.969,1.973,1.977,1.983,1.985,1.989,1.990,1.991,1.990,1.990,1.989,1.988,1.983,1.977,1.973,1.972,1.977,1.987,1.998,2.107,2.104,2.125,2.142,2.157,2.168,2.179,2.189,2.201,2.211,2.222,2.234,2.245,2.256,2.267,2.278,2.287,2.296,2.309,2.317,2.324,2.331,2.343,2.354,2.368,2.381,2.391,2.398,2.407,2.413,2.421,2.427,2.436,2.441,2.444,2.440,3.000,3.000,3.000,3.000,3.000,3.000,2.601,2.598,2.602,2.610,2.620,2.624,2.627,2.626,2.622,2.627,3.000,3.000,3.000,3.000,3.000,3.000
3.000,3.000,3.000,3.000,2.216,2.216,2.212,2.206,2.193,2.189,2.186,2.182,2.179,2.175,2.169,2.161,2.157,2.152,2.148,2.142,2.139,2.132,2.127,2.120,2.114,2.107,2.100,2.091,2.084,2.075,2.066,2.057,2.053,2.048,2.044,2.039,2.037,2.033,2.031,2.027,2.023,2.017,2.012,2.006,2.002,1.998,1.993,1.989,1.985,1.980,1.976,1.969,1.965,1.958,1.953,1.948,1.943,1.939,1.935,1.931,1.927,1.923,1.914,1.910,1.906,1.902,1.898,1.894,1.889,1.883,1.877,1.872,1.867,1.864,1.861,1.859,1.855,1.852,1.848,1.846,1.841,1.839,1.835,1.833,1.831,1.828,1.825,1.821,1.817,1.812,1.809,1.805,1.800,1.796,1.791,1.787,1.783,1.778,1.772,1.764,1.757,1.748,1.737,1.720,1.700,1.703,3.000,3.000,3.000,0.902,0.899,0.885,0.874,0.866,0.859,0.851,0.844,0.839,0.835,0.832,0.828,0.826,0.823,0.821,0.820,0.818,0.816,0.815,0.813,0.812,0.811,0.810,0.809,0.808,0.807,0.806,0.805,0.805,0.804,0.804,0.803,0.803,0.804,0.804,0.804,0.805,0.805,0.806,0.807,0.807,0.808,0.809,0.809,0.810,0.811,0.813,0.814,0.816,0.817,0.818,0.820,0.821,0.822,0.824,0.825,0.827,0.828,0.830,0.832,0.833,0.835,0.837,0.840,0.843,0.846,0.849,0.852,0.855,0.859,0.864,0.869,0.876,0.883,0.891,0.899,0.906,0.914,0.921,0.927,0.933,0.938,0.944,0.948,0.953,0.957,0.962,0.965,0.969,0.973,0.979,0.987,1.002,1.018,1.018,3.000,3.000,3.000,1.787,1.782,1.801,1.814,1.824,1.830,1.836,1.841,1.844,1.845,1.843,1.836,1.820,1.777,1.777,1.809,1.827,1.845,1.861,1.871,1.881,1.889,1.900,1.909,1.916,1.923,1.929,1.935,1.940,1.945,1.949,1.954,1.956,1.960,1.963,1.966,1.969,1.973,1.978,1.983,1.985,1.988,1.989,1.989,1.989,1.989,1.987,1.986,1.980,1.975,1.968,1.968,1.973,1.981,1.998,2.104,2.125,2.124,2.142,2.158,2.169,2.180,2.190,2.202,2.213,2.224,2.236,2.247,2.258,2.269,2.280,2.291,2.300,2.311,2.319,2.326,2.334,2.346,2.358,2.372,2.383,2.392,2.399,2.408,2.414,2.423,2.428,2.437,2.444,2.449,3.000,3.000,3.000,3.000,3.000,3.000,3.000,2.598,2.596,2.602,2.611,2.621,2.625,2.628,2.626,2.621,2.624,3.000,3.000,3.000,3.000,3.000,3.000
3.000,3.000,3.000,3.000,3.000,2.212,2.210,2.203,2.193,2.189,2.186,2.183,2.181,2.175,2.171,2.163,2.159,2.154,2.151,2.145,2.141,2.134,2.129,2.121,2.115,2.108,2.100,2.091,2.084,2.076,2.064,2.056,2.051,2.046,2.043,2.039,2.037,2.033,2.031,2.027,2.024,2.019,2.015,2.007,2.004,2.000,1.996,1.991,1.987,1.982,1.978,1.971,1.967,1.960,1.956,1.951,1.946,1.941,1.936,1.933,1.928,1.924,1.915,1.911,1.907,1.903,1.899,1.895,1.889,1.883,1.877,1.872,1.868,1.864,1.862,1.860,1.856,1.853,1.849,1.846,1.843,1.840,1.837,1.835,1.832,1.830,1.827,1.823,1.819,1.814,1.810,1.806,1.802,1.797,1.792,1.788,1.784,1.779,1.774,1.766,1.758,1.749,1.738,1.722,1.700,1.700,3.000,3.000,3.000,0.899,0.895,0.882,0.871,0.864,0.856,0.849,0.842,0.838,0.834,0.831,0.827,0.825,0.823,0.821,0.819,0.818,0.816,0.815,0.813,0.812,0.811,0.810,0.809,0.808,0.807,0.806,0.805,0.804,0.804,0.803,0.803,0.803,0.803,0.803,0.804,0.804,0.805,0.806,0.806,0.807,0.807,0.808,0.809,0.810,0.811,0.812,0.814,0.816,0.817,0.818,0.820,0.821,0.823,0.824,0.826,0.827,0.828,0.830,0.832,0.833,0.835,0.837,0.841,0.844,0.846,0.849,0.853,0.856,0.860,0.865,0.870,0.876,0.883,0.891,0.899,0.906,0.916,0.923,0.929,0.935,0.940,0.945,0.950,0.955,0.958,0.962,0.965,0.968,0.973,0.978,0.987,1.000,1.015,1.046,1.046,3.000,3.000,1.782,1.776,1.798,1.811,1.823,1.830,1.837,1.842,1.846,1.848,1.847,1.842,1.834,1.801,1.800,1.816,1.829,1.844,1.860,1.869,1.878,1.886,1.896,1.906,1.913,1.920,1.927,1.933,1.939,1.944,1.948,1.953,1.955,1.959,1.962,1.966,1.969,1.972,1.977,1.981,1.983,1.986,1.987,1.987,1.986,1.986,1.984,1.982,1.978,1.970,1.965,1.965,1.969,1.977,1.993,1.998,2.124,2.120,2.141,2.158,2.169,2.180,2.191,2.202,2.213,2.225,2.237,2.249,2.260,2.272,2.283,2.295,2.304,2.314,2.322,2.329,2.337,2.351,2.363,2.376,2.385,2.395,2.402,2.411,2.419,2.428,2.434,2.443,2.449,2.451,3.000,3.000,3.000,3.000,3.000,3.000,3.000,2.600,2.598,2.606,2.617,2.625,2.628,2.632,2.630,2.624,2.632,3.000,3.000,3.000,3.000,3.000,3.000
3.000,3.000,3.000,3.000,3.000,2.214,2.211,2.203,2.194,2.190,2.187,2.184,2.182,2.177,2.174,2.165,2.162,2.157,2.153,2.148,2.143,2.137,2.132,2.126,2.120,2.110,2.102,2.094,2.086,2.078,2.066,2.058,2.052,2.047,2.044,2.040,2.038,2.034,2.031,2.028,2.025,2.021,2.017,2.010,2.007,2.002,1.998,1.993,1.989,1.984,1.979,1.974,1.969,1.963,1.958,1.953,1.947,1.942,1.937,1.933,1.929,1.925,1.917,1.913,1.908,1.904,1.900,1.897,1.891,1.885,1.878,1.874,1.869,1.866,1.863,1.861,1.858,1.854,1.850,1.847,1.844,1.841,1.838,1.836,1.833,1.831,1.828,1.824,1.820,1.815,1.811,1.807,1.802,1.798,1.793,1.789,1.784,1.779,1.773,1.765,1.758,1.749,1.738,1.721,1.697,1.700,3.000,3.000,0.905,0.905,0.892,0.880,0.870,0.862,0.854,0.847,0.841,0.837,0.833,0.830,0.827,0.824,0.822,0.821,0.819,0.818,0.816,0.814,0.813,0.812,0.811,0.810,0.809,0.808,0.807,0.806,0.805,0.804,0.803,0.803,0.803,0.803,0.803,0.803,0.804,0.804,0.805,0.806,0.807,0.807,0.808,0.809,0.809,0.811,0.812,0.813,0.814,0.816,0.817,0.819,0.820,0.821,0.823,0.825,0.826,0.827,0.829,0.831,0.832,0.833,0.835,0.837,0.841,0.844,0.847,0.850,0.853,0.856,0.860,0.865,0.870,0.876,0.883,0.891,0.900,0.907,0.917,0.924,0.931,0.937,0.942,0.947,0.951,0.955,0.959,0.962,0.965,0.968,0.972,0.977,0.985,0.998,1.013,1.046,1.046,3.000,3.000,1.776,1.798,1.795,1.809,1.822,1.830,1.837,1.842,1.847,1.849,1.848,1.845,1.838,1.809,1.806,1.818,1.827,1.839,1.854,1.863,1.874,1.883,1.892,1.903,1.910,1.917,1.924,1.930,1.937,1.942,1.947,1.951,1.954,1.958,1.962,1.965,1.967,1.970,1.975,1.978,1.980,1.982,1.984,1.985,1.984,1.983,1.982,1.980,1.976,1.968,1.962,1.961,1.965,1.973,1.988,1.993,2.120,2.117,2.140,2.158,2.169,2.181,2.192,2.203,2.214,2.227,2.238,2.251,2.263,2.274,2.287,2.298,2.307,2.317,2.326,2.333,2.344,2.355,2.366,2.378,2.387,2.396,2.403,2.413,2.421,2.430,2.436,2.446,2.451,2.454,3.000,3.000,3.000,3.000,3.000,3.000,3.000,2.607,2.600,2.609,2.620,2.628,2.633,2.636,2.636,2.632,2.636,3.000,3.000,3.000,3.000,3.000,3.000
3.000,3.000,3.000,3.000,2.218,2.218,2.214,2.205,2.197,2.192,2.189,2.186,2.184,2.180,2.177,2.168,2.164,2.158,2.155,2.149,2.145,2.140,2.135,2.129,2.123,2.114,2.106,2.098,2.091,2.082,2.072,2.061,2.054,2.049,2.046,2.042,2.040,2.036,2.033,2.029,2.026,2.022,2.018,2.011,2.009,2.004,2.000,1.995,1.991,1.985,1.981,1.975,1.971,1.964,1.960,1.955,1.949,1.943,1.939,1.935,1.931,1.928,1.920,1.915,1.910,1.907,1.902,1.899,1.893,1.887,1.881,1.876,1.870,1.868,1.865,1.862,1.858,1.855,1.852,1.849,1.845,1.843,1.840,1.837,1.835,1.833,1.829,1.825,1.822,1.817,1.813,1.808,1.804,1.799,1.794,1.789,1.784,1.779,1.773,1.765,1.757,1.748,1.737,1.720,1.691,1.697,3.000,3.000,0.905,0.905,0.889,0.877,0.867,0.859,0.852,0.846,0.840,0.836,0.833,0.830,0.826,0.824,0.822,0.821,0.819,0.817,0.816,0.814,0.813,0.812,0.811,0.809,0.808,0.807,0.806,0.806,0.805,0.804,0.803,0.803,0.803,0.803,0.803,0.804,0.804,0.805,0.806,0.806,0.807,0.808,0.808,0.810,0.810,0.811,0.812,0.814,0.815,0.817,0.818,0.819,0.820,0.821,0.823,0.825,0.826,0.827,0.828,0.830,0.832,0.833,0.835,0.837,0.841,0.844,0.847,0.850,0.853,0.856,0.860,0.865,0.870,0.876,0.883,0.892,0.900,0.908,0.918,0.925,0.932,0.939,0.944,0.948,0.952,0.957,0.960,0.962,0.964,0.967,0.971,0.976,0.984,0.996,1.009,1.038,1.046,3.000,3.000,3.000,1.795,1.791,1.807,1.819,1.828,1.836,1.842,1.847,1.849,1.850,1.848,1.843,1.831,1.818,1.822,1.828,1.837,1.850,1.860,1.869,1.879,1.889,1.900,1.908,1.915,1.922,1.929,1.936,1.941,1.946,1.950,1.953,1.957,1.961,1.964,1.965,1.968,1.973,1.976,1.977,1.980,1.981,1.982,1.981,1.981,1.979,1.977,1.974,1.968,1.959,1.958,1.962,1.969,1.983,1.988,2.117,2.113,2.139,2.157,2.170,2.182,2.193,2.204,2.215,2.229,2.240,2.254,2.266,2.277,2.290,2.300,2.309,2.319,2.328,2.337,2.347,2.357,2.367,2.379,2.387,2.395,2.402,2.414,2.422,2.432,2.439,2.448,2.454,2.458,3.000,3.000,3.000,3.000,3.000,3.000,3.000,2.609,2.607,2.615,2.624,2.633,2.636,2.639,2.639,2.636,2.639,3.000,3.000,3.000,3.000,3.000,3.000
3.000,3.000,3.000,3.000,2.219,2.218,2.216,2.207,2.199,2.194,2.190,2.188,2.185,2.180,2.177,2.167,2.164,2.158,2.155,2.150,2.147,2.142,2.137,2.132,2.126,2.118,2.111,2.102,2.095,2.087,2.076,2.068,2.058,2.051,2.048,2.044,2.041,2.038,2.035,2.030,2.028,2.023,2.020,2.013,2.011,2.005,2.002,1.998,1.994,1.988,1.983,1.978,1.973,1.968,1.964,1.958,1.951,1.945,1.940,1.936,1.932,1.929,1.921,1.917,1.912,1.909,1.905,1.901,1.895,1.890,1.883,1.879,1.872,1.870,1.867,1.864,1.861,1.857,1.854,1.851,1.847,1.844,1.841,1.838,1.836,1.834,1.830,1.826,1.823,1.819,1.814,1.809,1.805,1.800,1.794,1.788,1.783,1.778,1.771,1.763,1.756,1.747,1.736,1.717,1.686,1.691,3.000,3.000,0.905,0.901,0.886,0.874,0.864,0.857,0.850,0.844,0.839,0.835,0.832,0.829,0.826,0.823,0.821,0.820,0.818,0.817,0.815,0.814,0.812,0.811,0.810,0.809,0.808,0.807,0.806,0.805,0.805,0.804,0.803,0.803,0.803,0.803,0.804,0.804,0.805,0.806,0.806,0.807,0.808,0.808,0.809,0.810,0.811,0.812,0.813,0.814,0.816,0.817,0.818,0.819,0.820,0.821,0.823,0.824,0.825,0.826,0.828,0.830,0.831,0.833,0.834,0.837,0.841,0.844,0.847,0.850,0.853,0.856,0.860,0.865,0.870,0.876,0.883,0.891,0.900,0.908,0.918,0.925,0.933,0.939,0.945,0.949,0.953,0.957,0.959,0.962,0.964,0.967,0.970,0.975,0.983,0.994,1.006,1.032,1.049,1.049,3.000,3.000,1.791,1.787,1.804,1.818,1.827,1.835,1.842,1.847,1.850,1.851,1.850,1.846,1.835,1.825,1.825,1.828,1.834,1.844,1.855,1.864,1.874,1.884,1.895,1.904,1.912,1.919,1.927,1.933,1.938,1.943,1.948,1.951,1.956,1.959,1.962,1.963,1.965,1.970,1.973,1.974,1.977,1.978,1.978,1.978,1.977,1.975,1.974,1.971,1.965,1.956,1.955,1.958,1.966,1.980,1.983,2.113,2.111,2.138,2.158,2.170,2.183,2.195,2.205,2.217,2.231,2.242,2.256,2.269,2.279,2.292,2.303,2.312,2.322,2.331,2.339,2.348,2.358,2.368,2.379,2.387,2.395,2.402,2.415,2.423,2.433,2.442,2.452,2.458,2.463,3.000,3.000,3.000,3.000,3.000,3.000,3.000,2.612,2.609,2.617,2.625,2.635,2.637,2.640,2.640,2.639,2.643,3.000,3.000,3.000,3.000,3.000,3.000
3.000,3.000,3.000,3.000,2.219,2.219,2.218,2.209,2.200,2.195,2.191,2.189,2.185,2.180,2.176,2.166,2.163,2.158,2.155,2.150,2.147,2.142,2.138,2.133,2.127,2.119,2.113,2.104,2.097,2.090,2.079,2.071,2.063,2.054,2.050,2.046,2.043,2.039,2.035,2.031,2.028,2.023,2.021,2.014,2.012,2.007,2.004,2.000,1.995,1.989,1.985,1.980,1.976,1.971,1.968,1.963,1.955,1.947,1.942,1.937,1.933,1.929,1.922,1.918,1.913,1.910,1.906,1.902,1.896,1.891,1.885,1.881,1.876,1.873,1.869,1.866,1.863,1.859,1.856,1.853,1.849,1.846,1.842,1.838,1.835,1.833,1.831,1.827,1.824,1.819,1.814,1.809,1.805,1.800,1.793,1.788,1.783,1.777,1.769,1.762,1.755,1.746,1.734,1.714,1.717,1.686,3.000,0.918,0.918,0.896,0.882,0.871,0.861,0.854,0.848,0.843,0.838,0.834,0.831,0.828,0.825,0.823,0.821,0.819,0.818,0.816,0.815,0.813,0.812,0.811,0.810,0.809,0.808,0.807,0.806,0.805,0.804,0.804,0.803,0.803,0.803,0.804,0.804,0.805,0.805,0.806,0.807,0.807,0.808,0.809,0.810,0.811,0.812,0.813,0.813,0.815,0.816,0.818,0.819,0.820,0.820,0.821,0.823,0.824,0.825,0.826,0.828,0.829,0.831,0.832,0.834,0.836,0.841,0.845,0.847,0.850,0.853,0.857,0.861,0.865,0.870,0.876,0.882,0.891,0.899,0.908,0.917,0.926,0.933,0.940,0.945,0.950,0.953,0.956,0.959,0.961,0.963,0.966,0.970,0.974,0.982,0.992,1.004,1.025,1.049,1.049,3.000,3.000,1.787,1.782,1.801,1.817,1.826,1.835,1.842,1.848,1.851,1.853,1.853,1.849,1.841,1.832,1.828,1.829,1.834,1.841,1.850,1.860,1.870,1.878,1.890,1.899,1.907,1.915,1.922,1.928,1.933,1.939,1.943,1.946,1.949,1.954,1.957,1.958,1.960,1.964,1.967,1.969,1.972,1.974,1.974,1.973,1.973,1.971,1.970,1.967,1.962,1.954,1.953,1.956,1.964,1.977,1.997,2.111,2.139,2.139,2.157,2.170,2.185,2.196,2.207,2.217,2.232,2.243,2.258,2.270,2.280,2.294,2.306,2.314,2.324,2.331,2.340,2.348,2.358,2.368,2.377,2.386,2.394,2.403,2.416,2.424,2.434,2.444,2.455,2.463,2.472,2.472,3.000,3.000,3.000,3.000,3.000,3.000,2.615,2.612,2.617,2.625,2.636,2.637,2.641,2.641,2.643,2.643,3.000,3.000,3.000,3.000,3.000,3.000
3.000,3.000,3.000,3.000,2.219,2.222,2.220,2.211,2.202,2.197,2.194,2.191,2.187,2.179,2.174,2.166,2.163,2.157,2.154,2.150,2.146,2.142,2.137,2.133,2.127,2.120,2.114,2.106,2.099,2.092,2.084,2.074,2.065,2.057,2.052,2.047,2.044,2.041,2.036,2.032,2.030,2.025,2.023,2.017,2.015,2.010,2.007,2.002,1.999,1.992,1.987,1.983,1.978,1.974,1.970,1.965,1.957,1.949,1.943,1.938,1.934,1.931,1.924,1.920,1.914,1.912,1.908,1.904,1.898,1.892,1.886,1.882,1.878,1.874,1.871,1.867,1.864,1.860,1.858,1.855,1.851,1.848,1.843,1.839,1.836,1.834,1.832,1.828,1.825,1.821,1.815,1.810,1.806,1.800,1.794,1.788,1.783,1.778,1.769,1.762,1.754,1.745,1.732,1.710,1.714,3.000,3.000,0.918,0.918,0.893,0.879,0.868,0.860,0.852,0.846,0.842,0.837,0.834,0.830,0.827,0.825,0.822,0.820,0.819,0.817,0.816,0.815,0.813,0.812,0.811,0.810,0.809,0.808,0.806,0.805,0.805,0.804,0.804,0.804,0.803,0.803,0.804,0.804,0.805,0.805,0.806,0.807,0.808,0.809,0.809,0.810,0.811,0.812,0.813,0.814,0.815,0.817,0.818,0.819,0.820,0.821,0.822,0.823,0.824,0.825,0.826,0.828,0.829,0.831,0.832,0.834,0.836,0.842,0.845,0.848,0.851,0.854,0.858,0.862,0.866,0.871,0.876,0.882,0.890,0.899,0.908,0.918,0.926,0.934,0.940,0.946,0.951,0.954,0.957,0.959,0.961,0.963,0.966,0.970,0.974,0.981,0.991,1.002,1.022,1.044,1.049,3.000,3.000,1.782,1.776,1.798,1.815,1.825,1.834,1.842,1.849,1.853,1.854,1.854,1.850,1.843,1.834,1.830,1.828,1.831,1.836,1.844,1.853,1.864,1.872,1.882,1.892,1.900,1.908,1.914,1.921,1.926,1.931,1.936,1.939,1.942,1.945,1.948,1.946,1.949,1.954,1.959,1.961,1.965,1.968,1.966,1.966,1.965,1.964,1.964,1.961,1.958,1.951,1.950,1.953,1.961,1.974,1.997,1.997,2.139,2.139,2.157,2.170,2.186,2.197,2.208,2.218,2.233,2.245,2.259,2.271,2.281,2.297,2.308,2.316,2.324,2.332,2.339,2.347,2.356,2.368,2.377,2.386,2.395,2.405,2.418,2.426,2.436,2.447,2.459,2.467,2.472,2.474,3.000,3.000,3.000,3.000,3.000,3.000,2.619,2.615,2.620,2.624,2.635,2.635,2.641,2.643,2.646,2.643,3.000,3.000,3.000,3.000,3.000,3.000
3.000,3.000,3.000,3.000,3.000,2.222,2.222,2.217,2.207,2.201,2.199,2.194,2.188,2.180,2.176,2.166,2.164,2.156,2.152,2.148,2.145,2.140,2.136,2.132,2.128,2.120,2.115,2.107,2.100,2.094,2.086,2.079,2.068,2.059,2.054,2.050,2.046,2.042,2.039,2.034,2.031,2.027,2.024,2.020,2.017,2.012,2.009,2.005,2.001,1.995,1.990,1.985,1.981,1.976,1.972,1.967,1.959,1.952,1.945,1.941,1.937,1.933,1.927,1.923,1.916,1.914,1.909,1.906,1.900,1.895,1.888,1.884,1.880,1.876,1.873,1.869,1.866,1.862,1.859,1.856,1.853,1.850,1.845,1.840,1.838,1.835,1.833,1.829,1.826,1.822,1.818,1.812,1.807,1.802,1.796,1.790,1.785,1.779,1.771,1.763,1.755,1.745,1.731,1.705,1.710,3.000,3.000,0.918,0.910,0.890,0.877,0.867,0.858,0.851,0.845,0.841,0.837,0.834,0.830,0.828,0.825,0.822,0.820,0.819,0.818,0.816,0.815,0.814,0.812,0.811,0.810,0.809,0.808,0.806,0.806,0.805,0.805,0.804,0.804,0.804,0.804,0.804,0.804,0.805,0.805,0.806,0.807,0.808,0.809,0.810,0.811,0.812,0.813,0.814,0.814,0.816,0.817,0.818,0.819,0.820,0.821,0.822,0.823,0.824,0.825,0.826,0.828,0.829,0.831,0.832,0.834,0.837,0.841,0.845,0.848,0.851,0.855,0.858,0.863,0.867,0.871,0.876,0.882,0.889,0.898,0.907,0.918,0.927,0.935,0.942,0.948,0.952,0.954,0.957,0.959,0.961,0.963,0.966,0.969,0.974,0.980,0.989,1.000,1.018,1.037,1.060,1.060,3.000,1.776,1.798,1.793,1.812,1.823,1.833,1.840,1.847,1.852,1.854,1.854,1.851,1.843,1.836,1.830,1.826,1.827,1.832,1.838,1.847,1.857,1.864,1.875,1.885,1.894,1.900,1.907,1.912,1.918,1.923,1.928,1.931,1.933,1.936,1.936,1.937,1.940,1.943,1.948,1.953,1.956,1.959,1.958,1.958,1.956,1.957,1.957,1.956,1.952,1.948,1.946,1.949,1.956,1.968,1.989,1.997,2.139,2.136,2.157,2.171,2.186,2.197,2.208,2.218,2.234,2.246,2.258,2.271,2.280,2.296,2.308,2.316,2.325,2.332,2.340,2.348,2.357,2.368,2.378,2.388,2.397,2.405,2.420,2.428,2.438,2.447,2.460,2.469,2.474,2.476,3.000,3.000,3.000,3.000,3.000,2.617,2.620,2.619,2.623,2.629,2.637,2.638,2.643,2.646,2.654,3.000,3.000,3.000,3.000,3.000,3.000,3.000
3.000,3.000,3.000,3.000,3.000,2.222,2.227,2.223,2.214,2.208,2.203,2.198,2.191,2.184,2.180,2.173,2.170,2.163,2.158,2.153,2.148,2.142,2.138,2.134,2.130,2.123,2.117,2.109,2.102,2.097,2.090,2.082,2.073,2.063,2.057,2.053,2.049,2.045,2.041,2.038,2.035,2.029,2.026,2.022,2.020,2.015,2.012,2.008,2.004,1.999,1.994,1.989,1.985,1.979,1.974,1.969,1.961,1.954,1.947,1.942,1.938,1.934,1.929,1.925,1.919,1.915,1.911,1.907,1.902,1.897,1.890,1.886,1.882,1.878,1.875,1.872,1.868,1.864,1.861,1.858,1.855,1.852,1.847,1.842,1.839,1.837,1.834,1.831,1.827,1.824,1.819,1.814,1.809,1.804,1.798,1.792,1.787,1.781,1.773,1.764,1.755,1.745,1.730,1.731,1.705,3.000,3.000,0.910,0.906,0.888,0.875,0.865,0.857,0.851,0.845,0.841,0.837,0.833,0.830,0.828,0.825,0.823,0.821,0.819,0.818,0.817,0.815,0.814,0.813,0.812,0.810,0.809,0.808,0.807,0.806,0.806,0.805,0.805,0.805,0.804,0.804,0.804,0.805,0.805,0.805,0.807,0.807,0.808,0.809,0.810,0.811,0.812,0.813,0.814,0.815,0.816,0.817,0.818,0.819,0.820,0.821,0.822,0.823,0.824,0.825,0.826,0.828,0.829,0.831,0.832,0.834,0.836,0.841,0.844,0.848,0.851,0.855,0.858,0.863,0.867,0.872,0.876,0.882,0.890,0.898,0.907,0.919,0.928,0.937,0.944,0.949,0.953,0.955,0.958,0.959,0.961,0.963,0.965,0.969,0.973,0.979,0.987,0.998,1.016,1.034,1.060,1.060,3.000,3.000,1.793,1.789,1.809,1.821,1.831,1.839,1.846,1.851,1.852,1.852,1.849,1.841,1.833,1.826,1.821,1.820,1.824,1.828,1.837,1.846,1.854,1.864,1.874,1.882,1.888,1.894,1.899,1.903,1.908,1.916,1.919,1.920,1.922,1.923,1.925,1.928,1.932,1.936,1.940,1.943,1.948,1.949,1.950,1.949,1.950,1.952,1.951,1.948,1.945,1.942,1.945,1.951,1.963,1.984,1.989,2.136,2.135,2.157,2.170,2.186,2.197,2.209,2.219,2.236,2.247,2.258,2.269,2.279,2.295,2.307,2.315,2.325,2.332,2.341,2.348,2.357,2.368,2.379,2.389,2.398,2.407,2.421,2.429,2.439,2.448,2.461,2.471,2.476,2.480,3.000,3.000,3.000,3.000,3.000,2.617,2.617,2.620,2.625,2.632,2.639,2.641,2.646,2.654,2.655,3.000,3.000,3.000,3.000,3.000,3.000,3.000
3.000,3.000,3.000,3.000,3.000,3.000,2.231,2.227,2.220,2.213,2.207,2.201,2.197,2.190,2.187,2.180,2.175,2.169,2.161,2.155,2.151,2.144,2.140,2.136,2.132,2.124,2.118,2.112,2.104,2.099,2.093,2.087,2.078,2.067,2.061,2.056,2.053,2.048,2.044,2.040,2.037,2.033,2.029,2.025,2.023,2.017,2.014,2.009,2.006,2.000,1.996,1.992,1.987,1.982,1.977,1.971,1.964,1.956,1.949,1.944,1.939,1.935,1.930,1.926,1.921,1.918,1.913,1.909,1.904,1.899,1.892,1.888,1.883,1.879,1.876,1.873,1.870,1.865,1.862,1.859,1.856,1.853,1.847,1.842,1.840,1.837,1.835,1.832,1.828,1.824,1.820,1.814,1.809,1.805,1.798,1.793,1.787,1.781,1.773,1.764,1.753,1.742,1.725,1.730,3.000,3.000,3.000,0.906,0.901,0.885,0.872,0.863,0.856,0.850,0.844,0.840,0.836,0.833,0.830,0.828,0.825,0.824,0.821,0.820,0.819,0.818,0.816,0.815,0.813,0.812,0.811,0.810,0.809,0.808,0.807,0.807,0.806,0.806,0.805,0.805,0.805,0.805,0.805,0.805,0.806,0.807,0.808,0.809,0.810,0.810,0.811,0.812,0.813,0.814,0.814,0.816,0.817,0.818,0.819,0.820,0.821,0.822,0.823,0.824,0.825,0.826,0.828,0.829,0.830,0.832,0.833,0.836,0.841,0.844,0.847,0.851,0.854,0.858,0.863,0.867,0.872,0.877,0.883,0.890,0.898,0.909,0.920,0.931,0.939,0.946,0.951,0.954,0.956,0.958,0.960,0.961,0.963,0.965,0.968,0.972,0.978,0.985,0.996,1.013,1.031,1.055,1.060,3.000,3.000,1.789,1.782,1.803,1.817,1.828,1.837,1.843,1.848,1.849,1.849,1.846,1.837,1.828,1.818,1.815,1.813,1.816,1.820,1.827,1.836,1.844,1.854,1.863,1.871,1.876,1.881,1.885,1.888,1.893,1.896,1.899,1.900,1.903,1.905,1.907,1.908,1.910,1.916,1.919,1.923,1.928,1.931,1.938,1.939,1.941,1.944,1.944,1.943,1.940,1.938,1.941,1.946,1.957,1.974,1.984,2.136,2.136,2.157,2.170,2.186,2.197,2.213,2.222,2.238,2.250,2.261,2.274,2.283,2.295,2.307,2.315,2.325,2.333,2.341,2.349,2.358,2.370,2.381,2.391,2.400,2.409,2.423,2.431,2.440,2.449,2.460,2.474,2.480,2.483,3.000,3.000,3.000,3.000,3.000,2.617,2.617,2.621,2.627,2.635,2.642,2.644,2.649,2.655,2.655,3.000,3.000,3.000,3.000,3.000,3.000,3.000
3.000,3.000,3.000,3.000,3.000,3.000,2.235,2.231,2.225,2.218,2.210,2.204,2.200,2.195,2.190,2.184,2.177,2.171,2.163,2.156,2.151,2.144,2.141,2.136,2.133,2.125,2.120,2.114,2.106,2.102,2.096,2.091,2.082,2.074,2.065,2.061,2.056,2.051,2.048,2.044,2.040,2.035,2.031,2.027,2.024,2.019,2.015,2.011,2.007,2.001,1.997,1.993,1.989,1.984,1.979,1.973,1.965,1.957,1.951,1.945,1.941,1.937,1.932,1.928,1.923,1.919,1.914,1.910,1.905,1.900,1.894,1.889,1.885,1.881,1.878,1.875,1.872,1.867,1.864,1.861,1.857,1.853,1.848,1.844,1.841,1.839,1.837,1.833,1.830,1.826,1.821,1.815,1.810,1.805,1.799,1.794,1.787,1.781,1.773,1.763,1.752,1.740,1.723,1.725,3.000,3.000,3.000,0.901,0.897,0.882,0.870,0.862,0.855,0.849,0.844,0.840,0.837,0.834,0.832,0.829,0.827,0.825,0.823,0.821,0.820,0.819,0.817,0.816,0.814,0.813,0.812,0.811,0.810,0.809,0.808,0.808,0.807,0.807,0.806,0.805,0.805,0.805,0.806,0.806,0.806,0.807,0.808,0.809,0.809,0.810,0.810,0.811,0.812,0.813,0.814,0.816,0.817,0.818,0.819,0.820,0.821,0.822,0.823,0.824,0.825,0.826,0.827,0.829,0.830,0.831,0.833,0.835,0.840,0.844,0.847,0.851,0.854,0.858,0.862,0.867,0.872,0.877,0.884,0.891,0.899,0.910,0.922,0.933,0.942,0.949,0.952,0.955,0.957,0.959,0.960,0.961,0.963,0.965,0.968,0.971,0.976,0.983,0.993,1.008,1.026,1.048,1.055,3.000,3.000,1.782,1.774,1.799,1.814,1.826,1.835,1.841,1.846,1.847,1.846,1.842,1.832,1.819,1.812,1.807,1.806,1.809,1.812,1.818,1.827,1.833,1.842,1.851,1.858,1.865,1.870,1.872,1.874,1.878,1.879,1.883,1.888,1.892,1.895,1.898,1.899,1.901,1.904,1.907,1.910,1.914,1.921,1.924,1.926,1.931,1.935,1.938,1.938,1.936,1.934,1.936,1.941,1.950,1.966,1.974,2.136,2.136,2.158,2.171,2.186,2.198,2.214,2.224,2.240,2.250,2.262,2.275,2.284,2.296,2.306,2.315,2.325,2.334,2.343,2.351,2.360,2.371,2.383,2.393,2.403,2.412,2.427,2.435,2.445,2.453,2.467,2.477,2.483,2.488,3.000,3.000,3.000,3.000,3.000,2.617,2.617,2.622,2.628,2.637,2.644,2.646,2.650,2.654,2.655,3.000,3.000,3.000,3.000,3.000,3.000,3.000
3.000,3.000,3.000,3.000,3.000,3.000,2.238,2.235,2.230,2.225,2.212,2.205,2.201,2.197,2.192,2.186,2.176,2.169,2.161,2.153,2.149,2.143,2.141,2.136,2.133,2.127,2.122,2.115,2.108,2.104,2.098,2.093,2.085,2.078,2.071,2.064,2.061,2.057,2.049,2.046,2.040,2.034,2.030,2.027,2.024,2.019,2.015,2.011,2.007,2.002,1.998,1.993,1.989,1.984,1.979,1.973,1.965,1.957,1.951,1.947,1.943,1.939,1.934,1.930,1.924,1.920,1.915,1.911,1.906,1.901,1.895,1.891,1.886,1.882,1.879,1.876,1.873,1.869,1.865,1.862,1.858,1.854,1.851,1.846,1.844,1.842,1.839,1.835,1.832,1.828,1.822,1.816,1.811,1.805,1.800,1.794,1.788,1.781,1.772,1.762,1.750,1.737,1.718,1.723,3.000,3.000,0.908,0.908,0.892,0.879,0.868,0.860,0.854,0.849,0.844,0.841,0.838,0.835,0.833,0.830,0.828,0.826,0.825,0.823,0.822,0.821,0.819,0.817,0.816,0.815,0.813,0.813,0.811,0.810,0.809,0.809,0.808,0.808,0.807,0.806,0.805,0.806,0.806,0.806,0.806,0.807,0.807,0.808,0.809,0.809,0.809,0.810,0.811,0.812,0.813,0.815,0.817,0.818,0.819,0.820,0.821,0.822,0.823,0.824,0.825,0.826,0.827,0.829,0.830,0.831,0.833,0.835,0.840,0.843,0.847,0.851,0.855,0.858,0.863,0.868,0.873,0.878,0.885,0.893,0.901,0.913,0.924,0.936,0.945,0.951,0.954,0.956,0.958,0.960,0.961,0.962,0.964,0.965,0.967,0.970,0.975,0.981,0.990,1.005,1.020,1.042,1.048,3.000,3.000,1.774,1.799,1.793,1.809,1.822,1.832,1.838,1.843,1.844,1.843,1.838,1.827,1.811,1.804,1.801,1.800,1.802,1.804,1.810,1.818,1.824,1.831,1.839,1.844,1.848,1.852,1.856,1.860,1.864,1.868,1.872,1.878,1.885,1.889,1.892,1.894,1.896,1.899,1.903,1.906,1.911,1.916,1.919,1.921,1.925,1.931,1.934,1.936,1.934,1.931,1.933,1.936,1.945,1.958,1.966,2.136,2.161,2.161,2.174,2.189,2.200,2.215,2.226,2.240,2.250,2.261,2.275,2.285,2.296,2.307,2.315,2.325,2.335,2.344,2.354,2.362,2.373,2.385,2.396,2.408,2.417,2.435,2.443,2.456,2.463,2.473,2.481,2.488,2.488,3.000,3.000,3.000,3.000,3.000,2.617,2.612,2.622,2.630,2.640,2.646,2.648,2.649,2.652,2.654,3.000,3.000,3.000,3.000,3.000,3.000,3.000
3.000,3.000,3.000,3.000,3.000,3.000,2.240,2.238,2.233,2.228,2.216,2.207,2.203,2.200,2.193,2.187,2.177,2.170,2.162,2.154,2.150,2.144,2.142,2.137,2.134,2.128,2.123,2.117,2.111,2.106,2.100,2.095,2.086,2.078,2.072,2.066,2.062,2.058,2.050,2.046,2.041,2.036,2.032,2.028,2.026,2.021,2.018,2.012,2.008,2.004,1.999,1.995,1.990,1.986,1.981,1.975,1.967,1.960,1.954,1.949,1.945,1.940,1.935,1.931,1.926,1.921,1.917,1.912,1.907,1.902,1.897,1.892,1.887,1.883,1.880,1.878,1.875,1.870,1.866,1.863,1.859,1.855,1.852,1.848,1.845,1.843,1.840,1.836,1.833,1.829,1.823,1.817,1.811,1.806,1.800,1.795,1.788,1.781,1.773,1.761,1.749,1.734,1.714,1.718,3.000,3.000,0.908,0.908,0.889,0.877,0.867,0.859,0.854,0.849,0.844,0.841,0.838,0.836,0.833,0.832,0.830,0.828,0.826,0.825,0.824,0.822,0.821,0.819,0.817,0.816,0.816,0.815,0.814,0.812,0.811,0.810,0.809,0.809,0.808,0.807,0.807,0.807,0.807,0.807,0.806,0.807,0.807,0.808,0.808,0.808,0.808,0.809,0.810,0.811,0.812,0.814,0.816,0.818,0.819,0.820,0.821,0.822,0.823,0.824,0.825,0.826,0.827,0.829,0.830,0.831,0.833,0.835,0.839,0.843,0.847,0.851,0.854,0.858,0.863,0.868,0.873,0.879,0.886,0.894,0.903,0.915,0.927,0.941,0.948,0.953,0.956,0.958,0.960,0.962,0.963,0.964,0.965,0.966,0.968,0.970,0.974,0.980,0.988,1.002,1.017,1.036,1.042,3.000,3.000,3.000,1.793,1.786,1.804,1.818,1.828,1.835,1.839,1.840,1.839,1.833,1.817,1.805,1.799,1.796,1.795,1.796,1.798,1.802,1.809,1.815,1.822,1.829,1.835,1.841,1.845,1.850,1.854,1.858,1.863,1.867,1.874,1.881,1.886,1.889,1.891,1.894,1.896,1.900,1.904,1.909,1.913,1.915,1.917,1.921,1.928,1.931,1.932,1.929,1.928,1.929,1.932,1.938,1.950,1.958,3.000,2.161,2.174,2.189,2.200,2.215,2.226,2.240,2.251,2.251,2.262,2.275,2.285,2.296,2.305,2.313,2.325,2.336,2.346,2.355,2.364,2.375,2.391,2.402,2.417,2.427,2.441,2.453,2.463,2.469,2.477,2.484,2.488,2.488,3.000,3.000,3.000,3.000,3.000,2.622,2.616,2.625,2.632,2.642,2.647,2.649,2.649,2.650,2.653,3.000,3.000,3.000,3.000,3.000,3.000,3.000
3.000,3.000,3.000,3.000,3.000,3.000,2.240,2.240,2.235,2.229,2.216,2.210,2.206,2.202,2.194,2.187,2.180,2.173,2.165,2.158,2.153,2.148,2.144,2.141,2.137,2.130,2.126,2.120,2.115,2.111,2.104,2.098,2.088,2.080,2.073,2.068,2.063,2.059,2.051,2.047,2.043,2.038,2.034,2.030,2.028,2.024,2.020,2.016,2.011,2.006,2.001,1.997,1.993,1.988,1.984,1.978,1.971,1.963,1.957,1.952,1.947,1.942,1.937,1.933,1.928,1.923,1.918,1.914,1.909,1.904,1.898,1.894,1.889,1.885,1.882,1.880,1.877,1.871,1.867,1.864,1.860,1.857,1.853,1.850,1.847,1.844,1.840,1.836,1.833,1.829,1.823,1.816,1.810,1.806,1.800,1.794,1.787,1.781,1.772,1.761,1.748,1.732,1.734,1.714,3.000,3.000,0.908,0.903,0.885,0.874,0.865,0.858,0.853,0.849,0.844,0.841,0.839,0.836,0.834,0.832,0.831,0.829,0.828,0.826,0.825,0.824,0.823,0.821,0.819,0.818,0.818,0.817,0.816,0.814,0.812,0.812,0.811,0.810,0.809,0.808,0.808,0.808,0.808,0.808,0.807,0.807,0.807,0.807,0.807,0.807,0.807,0.808,0.809,0.810,0.812,0.813,0.815,0.817,0.818,0.819,0.820,0.821,0.822,0.823,0.824,0.825,0.827,0.828,0.830,0.831,0.832,0.834,0.839,0.842,0.846,0.850,0.854,0.858,0.862,0.868,0.874,0.880,0.887,0.896,0.906,0.920,0.933,0.945,0.951,0.956,0.958,0.960,0.962,0.964,0.964,0.965,0.966,0.967,0.969,0.971,0.975,0.980,0.988,1.000,1.013,1.030,1.044,1.044,3.000,3.000,1.786,1.804,1.796,1.813,1.824,1.830,1.835,1.835,1.833,1.827,1.811,1.797,1.792,1.790,1.789,1.790,1.790,1.794,1.800,1.807,1.812,1.822,1.830,1.836,1.841,1.847,1.851,1.856,1.861,1.866,1.873,1.881,1.886,1.889,1.892,1.894,1.896,1.900,1.904,1.909,1.913,1.913,1.915,1.918,1.925,1.928,1.928,1.924,1.923,1.922,1.923,1.923,1.933,1.950,3.000,3.000,3.000,3.000,3.000,3.000,3.000,3.000,2.251,2.262,2.277,2.277,2.287,2.297,2.307,2.314,2.325,2.338,2.349,2.358,2.367,2.380,2.396,2.411,2.424,2.433,2.447,2.456,2.465,2.471,2.478,2.483,2.484,3.000,3.000,3.000,3.000,3.000,3.000,2.625,2.622,2.629,2.635,2.645,2.648,2.652,2.651,2.653,2.653,3.000,3.000,3.000,3.000,3.000,3.000,3.000
3.000,3.000,3.000,3.000,3.000,3.000,2.240,2.242,2.238,2.232,2.219,2.214,2.211,2.207,2.201,2.192,2.183,2.176,2.169,2.163,2.159,2.152,2.148,2.144,2.140,2.134,2.129,2.123,2.118,2.114,2.107,2.100,2.090,2.082,2.074,2.070,2.065,2.060,2.054,2.049,2.044,2.040,2.036,2.032,2.030,2.026,2.022,2.018,2.014,2.007,2.003,1.998,1.994,1.990,1.985,1.980,1.973,1.965,1.959,1.954,1.949,1.944,1.938,1.934,1.929,1.924,1.919,1.915,1.910,1.905,1.899,1.895,1.891,1.887,1.884,1.882,1.878,1.872,1.868,1.865,1.862,1.858,1.855,1.851,1.847,1.845,1.841,1.836,1.832,1.828,1.822,1.816,1.811,1.806,1.800,1.793,1.787,1.780,1.772,1.761,1.746,1.728,1.732,3.000,3.000,0.924,0.924,0.899,0.883,0.872,0.864,0.858,0.852,0.849,0.845,0.842,0.839,0.837,0.835,0.833,0.832,0.830,0.829,0.827,0.826,0.825,0.824,0.822,0.820,0.820,0.819,0.818,0.817,0.816,0.814,0.814,0.813,0.812,0.811,0.810,0.809,0.809,0.809,0.809,0.808,0.808,0.807,0.807,0.807,0.807,0.807,0.807,0.808,0.809,0.810,0.811,0.813,0.815,0.816,0.817,0.818,0.819,0.821,0.823,0.824,0.825,0.826,0.828,0.829,0.830,0.831,0.834,0.838,0.841,0.845,0.849,0.853,0.857,0.862,0.867,0.874,0.881,0.888,0.898,0.909,0.925,0.939,0.949,0.954,0.958,0.960,0.962,0.964,0.966,0.966,0.967,0.967,0.968,0.970,0.972,0.975,0.980,0.987,0.999,1.010,1.025,1.044,1.044,3.000,3.000,3.000,1.796,1.785,1.806,1.818,1.824,1.829,1.830,1.826,1.820,1.802,1.788,1.784,1.783,1.782,1.783,1.783,1.787,1.793,1.799,1.806,1.815,1.826,1.833,1.838,1.843,1.848,1.853,1.858,1.864,1.870,1.879,1.884,1.888,1.890,1.893,1.895,1.899,1.904,1.910,1.913,1.912,1.913,1.917,1.923,1.925,1.924,1.921,1.919,1.918,1.918,1.915,1.923,1.933,3.000,3.000,3.000,3.000,3.000,3.000,3.000,3.000,3.000,3.000,2.277,2.287,2.297,2.307,2.315,2.315,2.328,2.341,2.353,2.362,2.371,2.386,2.399,2.414,2.427,2.436,2.449,2.458,2.467,2.473,2.479,2.484,2.486,3.000,3.000,3.000,3.000,3.000,3.000,2.626,2.625,2.631,2.636,2.645,2.647,2.649,2.650,2.652,2.653,3.000,3.000,3.000,3.000,3.000,3.000,3.000
3.000,3.000,3.000,3.000,3.000,3.000,3.000,2.242,2.242,2.235,2.227,2.220,2.216,2.212,2.207,2.199,2.188,2.180,2.174,2.167,2.163,2.158,2.154,2.149,2.144,2.139,2.133,2.128,2.123,2.118,2.110,2.103,2.094,2.084,2.077,2.072,2.067,2.062,2.056,2.051,2.046,2.042,2.037,2.034,2.031,2.028,2.024,2.019,2.015,2.008,2.004,1.999,1.995,1.991,1.987,1.981,1.974,1.967,1.961,1.956,1.951,1.945,1.939,1.935,1.929,1.925,1.920,1.915,1.910,1.905,1.900,1.896,1.892,1.889,1.886,1.884,1.881,1.874,1.869,1.866,1.863,1.859,1.855,1.852,1.848,1.845,1.841,1.837,1.833,1.830,1.825,1.818,1.811,1.807,1.800,1.792,1.785,1.778,1.770,1.758,1.742,1.724,1.728,3.000,3.000,0.924,0.924,0.895,0.880,0.871,0.863,0.857,0.852,0.848,0.845,0.842,0.840,0.837,0.835,0.834,0.832,0.831,0.829,0.827,0.826,0.825,0.824,0.823,0.821,0.820,0.820,0.819,0.818,0.817,0.816,0.815,0.814,0.814,0.812,0.811,0.810,0.810,0.810,0.810,0.809,0.809,0.808,0.808,0.808,0.807,0.807,0.807,0.808,0.809,0.810,0.810,0.812,0.814,0.815,0.816,0.817,0.818,0.820,0.822,0.823,0.824,0.825,0.827,0.829,0.829,0.831,0.833,0.837,0.841,0.845,0.849,0.853,0.857,0.862,0.868,0.875,0.882,0.891,0.902,0.915,0.931,0.944,0.953,0.958,0.962,0.963,0.965,0.966,0.968,0.968,0.969,0.969,0.970,0.971,0.973,0.976,0.980,0.986,0.996,1.007,1.020,1.037,1.050,1.050,3.000,3.000,1.785,1.806,1.792,1.810,1.816,1.820,1.820,1.816,1.808,1.783,1.774,1.772,1.771,1.772,1.774,1.775,1.780,1.785,1.793,1.801,1.812,1.822,1.829,1.834,1.839,1.844,1.850,1.855,1.860,1.866,1.873,1.878,1.882,1.884,1.886,1.889,1.895,1.900,1.905,1.908,1.908,1.910,1.913,1.918,1.920,1.919,1.917,1.915,1.912,1.913,1.904,1.909,1.923,3.000,3.000,3.000,3.000,3.000,3.000,3.000,3.000,3.000,3.000,3.000,3.000,3.000,3.000,2.315,2.328,2.355,2.347,2.360,2.367,2.376,2.389,2.403,2.415,2.429,2.437,2.451,2.459,2.467,2.474,2.481,2.486,2.488,3.000,3.000,3.000,3.000,3.000,3.000,2.629,2.626,2.631,2.638,2.644,2.644,2.646,2.648,2.649,2.652,3.000,3.000,3.000,3.000,3.000,3.000,3.000
3.000,3.000,3.000,3.000,3.000,3.000,3.000,2.242,2.242,2.238,2.232,2.227,2.224,2.218,2.213,2.206,2.192,2.183,2.177,2.170,2.167,2.161,2.158,2.153,2.149,2.144,2.137,2.131,2.126,2.121,2.113,2.106,2.098,2.088,2.081,2.077,2.073,2.066,2.059,2.055,2.049,2.044,2.040,2.037,2.035,2.031,2.026,2.020,2.015,2.010,2.005,2.001,1.997,1.993,1.989,1.984,1.978,1.972,1.964,1.959,1.953,1.947,1.940,1.936,1.930,1.926,1.921,1.916,1.911,1.907,1.902,1.897,1.893,1.890,1.889,1.886,1.883,1.875,1.871,1.868,1.864,1.860,1.856,1.853,1.849,1.846,1.842,1.838,1.834,1.831,1.826,1.819,1.813,1.808,1.800,1.793,1.785,1.778,1.769,1.756,1.740,1.719,1.724,3.000,3.000,0.924,0.916,0.892,0.878,0.869,0.862,0.856,0.852,0.848,0.845,0.842,0.840,0.838,0.836,0.834,0.833,0.831,0.830,0.828,0.827,0.826,0.825,0.824,0.822,0.821,0.821,0.820,0.820,0.818,0.817,0.817,0.816,0.816,0.814,0.812,0.812,0.811,0.811,0.811,0.810,0.810,0.809,0.809,0.808,0.808,0.808,0.808,0.809,0.809,0.809,0.810,0.811,0.813,0.813,0.814,0.815,0.817,0.818,0.821,0.822,0.823,0.824,0.826,0.827,0.828,0.830,0.832,0.837,0.841,0.845,0.849,0.853,0.858,0.863,0.869,0.877,0.884,0.895,0.906,0.920,0.934,0.948,0.956,0.961,0.964,0.966,0.967,0.968,0.970,0.970,0.970,0.970,0.971,0.972,0.974,0.977,0.980,0.986,0.995,1.004,1.015,1.030,1.050,1.060,1.060,3.000,3.000,1.792,1.774,1.798,1.804,1.807,1.803,1.820,1.816,1.761,1.749,1.749,1.751,1.755,1.761,1.764,1.772,1.778,1.786,1.796,1.808,1.819,1.826,1.830,1.836,1.841,1.848,1.854,1.860,1.867,1.873,1.878,1.881,1.884,1.886,1.888,1.894,1.899,1.905,1.907,1.907,1.909,1.912,1.917,1.918,1.918,1.916,1.914,1.910,1.912,1.899,1.909,1.909,3.000,3.000,3.000,3.000,3.000,3.000,3.000,3.000,3.000,3.000,3.000,3.000,3.000,3.000,3.000,3.000,2.355,2.355,2.368,2.373,2.381,2.393,2.408,2.421,2.432,2.439,2.452,2.460,2.468,2.474,2.483,2.488,2.488,3.000,3.000,3.000,3.000,3.000,3.000,2.632,2.629,2.633,2.640,2.645,2.645,2.646,2.648,2.649,2.649,3.000,3.000,3.000,3.000,3.000,3.000,3.000
3.000,3.000,3.000,3.000,3.000,3.000,3.000,3.000,2.238,2.234,2.229,2.226,2.224,2.219,2.215,2.209,2.197,2.185,2.179,2.172,2.168,2.163,2.160,2.155,2.151,2.147,2.142,2.134,2.129,2.124,2.116,2.109,2.101,2.092,2.086,2.081,2.077,2.072,2.063,2.059,2.054,2.047,2.043,2.039,2.036,2.032,2.026,2.020,2.016,2.011,2.006,2.002,1.998,1.994,1.991,1.987,1.982,1.975,1.969,1.962,1.956,1.950,1.943,1.938,1.933,1.928,1.924,1.919,1.915,1.909,1.904,1.900,1.895,1.893,1.891,1.888,1.884,1.878,1.872,1.869,1.865,1.861,1.857,1.854,1.850,1.848,1.844,1.839,1.835,1.832,1.827,1.821,1.815,1.810,1.803,1.794,1.786,1.778,1.769,1.756,1.738,1.715,1.719,3.000,3.000,0.916,0.910,0.890,0.877,0.868,0.861,0.856,0.852,0.849,0.845,0.843,0.841,0.839,0.837,0.835,0.834,0.832,0.831,0.829,0.827,0.827,0.825,0.824,0.823,0.822,0.821,0.821,0.820,0.819,0.818,0.817,0.816,0.816,0.814,0.813,0.812,0.812,0.812,0.811,0.811,0.810,0.810,0.810,0.809,0.809,0.809,0.809,0.809,0.809,0.809,0.810,0.811,0.812,0.812,0.813,0.814,0.815,0.817,0.819,0.820,0.821,0.822,0.824,0.825,0.827,0.828,0.831,0.836,0.840,0.844,0.849,0.853,0.858,0.864,0.871,0.879,0.887,0.898,0.910,0.923,0.939,0.951,0.959,0.963,0.966,0.968,0.969,0.970,0.971,0.971,0.971,0.971,0.972,0.973,0.975,0.978,0.981,0.986,0.993,1.000,1.010,1.023,1.040,1.060,1.060,3.000,3.000,1.774,1.798,1.781,1.788,1.791,1.807,1.803,1.761,1.761,1.761,1.729,1.732,1.737,1.748,1.754,1.763,1.770,1.778,1.789,1.801,1.813,1.822,1.827,1.833,1.840,1.849,1.856,1.865,1.873,1.880,1.885,1.888,1.891,1.893,1.894,1.900,1.905,1.910,1.911,1.909,1.911,1.914,1.918,1.919,1.920,1.918,1.916,1.913,1.916,1.902,1.902,3.000,3.000,3.000,3.000,3.000,3.000,3.000,3.000,3.000,3.000,3.000,3.000,3.000,3.000,3.000,3.000,3.000,2.355,2.373,2.373,2.378,2.387,2.399,2.413,2.425,2.435,2.442,2.451,2.459,2.466,2.472,2.478,2.481,2.488,3.000,3.000,3.000,3.000,3.000,3.000,2.632,2.632,2.637,2.641,2.646,2.647,2.648,2.648,2.649,2.649,3.000,3.000,3.000,3.000,3.000,3.000,3.000
3.000,3.000,3.000,3.000,3.000,3.000,3.000,3.000,2.234,2.232,2.228,2.225,2.224,2.220,2.216,2.210,2.199,2.186,2.180,2.173,2.169,2.164,2.162,2.156,2.154,2.149,2.145,2.136,2.131,2.125,2.118,2.112,2.103,2.094,2.088,2.084,2.080,2.075,2.067,2.062,2.058,2.052,2.047,2.042,2.039,2.034,2.029,2.023,2.018,2.012,2.009,2.004,2.001,1.997,1.995,1.990,1.985,1.978,1.971,1.965,1.958,1.953,1.947,1.942,1.935,1.930,1.925,1.921,1.917,1.912,1.906,1.902,1.896,1.894,1.892,1.889,1.884,1.878,1.872,1.869,1.865,1.861,1.857,1.855,1.851,1.848,1.845,1.840,1.836,1.832,1.827,1.821,1.815,1.810,1.803,1.794,1.786,1.777,1.767,1.751,1.734,1.738,1.715,3.000,3.000,0.910,0.906,0.888,0.876,0.868,0.861,0.856,0.852,0.849,0.846,0.843,0.841,0.839,0.838,0.836,0.834,0.833,0.831,0.830,0.829,0.828,0.826,0.825,0.824,0.823,0.823,0.822,0.821,0.820,0.819,0.818,0.817,0.816,0.815,0.814,0.813,0.812,0.812,0.812,0.811,0.811,0.810,0.810,0.810,0.810,0.809,0.809,0.809,0.810,0.810,0.810,0.810,0.811,0.811,0.812,0.812,0.813,0.815,0.817,0.818,0.820,0.821,0.823,0.824,0.826,0.828,0.830,0.835,0.840,0.844,0.850,0.854,0.860,0.866,0.874,0.883,0.892,0.902,0.913,0.926,0.942,0.953,0.961,0.965,0.968,0.969,0.971,0.971,0.972,0.971,0.972,0.972,0.973,0.974,0.975,0.977,0.980,0.984,0.990,0.996,1.003,1.013,1.029,1.046,1.060,1.053,3.000,3.000,1.781,1.765,1.772,1.764,1.791,3.000,3.000,3.000,1.729,1.732,1.737,1.716,1.728,1.742,1.754,1.762,1.772,1.784,1.797,1.809,1.818,1.824,1.831,1.838,1.849,1.860,1.868,1.877,1.883,1.891,1.893,1.896,1.897,1.900,1.903,1.907,1.911,1.912,1.910,1.911,1.914,1.917,1.919,1.920,1.920,1.918,1.915,1.919,1.924,1.902,3.000,3.000,3.000,3.000,3.000,3.000,3.000,3.000,3.000,3.000,3.000,3.000,3.000,3.000,3.000,3.000,3.000,3.000,2.373,2.386,2.382,2.391,2.402,2.416,2.428,2.438,2.443,2.452,2.457,2.465,2.469,2.473,2.473,2.481,3.000,3.000,3.000,3.000,3.000,3.000,2.632,2.630,2.634,2.638,2.643,2.643,2.645,2.645,2.649,2.649,3.000,3.000,3.000,3.000,3.000,3.000,3.000
3.000,3.000,3.000,3.000,3.000,3.000,3.000,3.000,2.232,2.228,2.225,2.224,2.224,2.220,2.217,2.211,2.200,2.187,2.181,2.173,2.169,2.164,2.161,2.157,2.154,2.150,2.146,2.137,2.132,2.127,2.121,2.114,2.105,2.095,2.091,2.086,2.082,2.078,2.071,2.067,2.061,2.056,2.051,2.046,2.042,2.038,2.032,2.026,2.020,2.015,2.011,2.008,2.005,2.001,1.997,1.993,1.988,1.980,1.973,1.966,1.959,1.954,1.949,1.944,1.936,1.931,1.926,1.921,1.917,1.913,1.907,1.901,1.896,1.894,1.892,1.889,1.884,1.877,1.872,1.869,1.865,1.862,1.858,1.855,1.852,1.849,1.845,1.841,1.835,1.831,1.827,1.821,1.816,1.811,1.804,1.796,1.786,1.776,1.766,1.748,1.730,1.734,3.000,3.000,3.000,0.906,0.902,0.885,0.875,0.867,0.861,0.856,0.852,0.849,0.846,0.844,0.842,0.840,0.838,0.836,0.835,0.833,0.832,0.830,0.829,0.828,0.827,0.826,0.825,0.824,0.823,0.823,0.822,0.820,0.819,0.819,0.818,0.817,0.815,0.814,0.813,0.813,0.813,0.812,0.812,0.811,0.811,0.811,0.811,0.810,0.810,0.810,0.810,0.810,0.810,0.810,0.810,0.811,0.811,0.812,0.812,0.813,0.814,0.816,0.818,0.819,0.820,0.822,0.824,0.825,0.827,0.830,0.836,0.840,0.845,0.851,0.856,0.862,0.869,0.877,0.886,0.895,0.905,0.915,0.927,0.943,0.956,0.963,0.966,0.969,0.970,0.971,0.971,0.972,0.972,0.972,0.972,0.973,0.973,0.974,0.976,0.979,0.982,0.987,0.992,0.998,1.007,1.019,1.035,1.053,1.053,3.000,3.000,1.765,1.746,1.753,1.741,1.764,3.000,3.000,3.000,3.000,3.000,1.716,1.728,1.742,1.729,1.745,1.755,1.767,1.781,1.794,1.806,1.816,1.823,1.830,1.838,1.851,1.861,1.870,1.879,1.886,1.894,1.897,1.898,1.899,1.901,1.904,1.907,1.910,1.909,1.908,1.910,1.912,1.915,1.917,1.920,1.921,1.920,1.918,1.924,1.924,3.000,3.000,3.000,3.000,3.000,3.000,3.000,2.228,2.233,2.234,2.234,2.234,2.231,3.000,3.000,3.000,3.000,3.000,3.000,3.000,2.389,2.386,2.392,2.402,2.417,2.427,2.437,2.443,2.451,2.455,2.461,2.465,2.466,2.462,2.473,3.000,3.000,3.000,3.000,3.000,3.000,2.630,2.630,2.632,2.636,2.640,2.641,2.644,2.643,2.645,3.000,3.000,3.000,3.000,3.000,3.000,3.000,3.000
3.000,3.000,3.000,3.000,3.000,3.000,3.000,3.000,2.248,2.230,2.227,2.224,2.224,2.220,2.217,2.212,2.201,2.191,2.183,2.175,2.171,2.165,2.163,2.158,2.156,2.152,2.148,2.140,2.135,2.130,2.124,2.118,2.109,2.098,2.093,2.089,2.085,2.081,2.074,2.070,2.064,2.058,2.052,2.048,2.044,2.040,2.034,2.029,2.023,2.018,2.015,2.012,2.009,2.004,2.000,1.995,1.990,1.981,1.973,1.967,1.961,1.956,1.951,1.946,1.939,1.933,1.928,1.922,1.919,1.915,1.908,1.902,1.897,1.894,1.893,1.890,1.885,1.878,1.873,1.870,1.866,1.863,1.860,1.857,1.853,1.850,1.846,1.842,1.836,1.832,1.827,1.822,1.816,1.812,1.804,1.796,1.786,1.775,1.764,1.745,1.726,1.730,3.000,3.000,3.000,0.902,0.899,0.884,0.874,0.867,0.861,0.856,0.852,0.849,0.846,0.844,0.842,0.840,0.838,0.836,0.835,0.833,0.831,0.830,0.829,0.828,0.827,0.826,0.825,0.824,0.823,0.822,0.821,0.820,0.819,0.818,0.817,0.817,0.815,0.814,0.813,0.813,0.813,0.812,0.812,0.811,0.811,0.811,0.811,0.811,0.810,0.810,0.810,0.810,0.810,0.810,0.811,0.811,0.812,0.812,0.812,0.813,0.815,0.816,0.818,0.819,0.820,0.822,0.824,0.826,0.828,0.831,0.836,0.842,0.847,0.853,0.858,0.865,0.872,0.880,0.888,0.898,0.907,0.917,0.928,0.944,0.957,0.963,0.967,0.970,0.970,0.971,0.971,0.972,0.972,0.972,0.972,0.972,0.973,0.974,0.975,0.977,0.980,0.984,0.988,0.994,1.002,1.013,1.026,1.042,1.055,1.055,3.000,1.746,1.738,1.747,1.738,1.747,3.000,1.511,1.512,1.512,1.512,1.607,1.607,1.729,1.745,1.735,1.746,1.761,1.775,1.791,1.802,1.813,1.821,1.829,1.837,1.851,1.861,1.871,1.881,1.890,1.896,1.899,1.900,1.901,1.903,1.906,1.909,1.911,1.911,1.909,1.911,1.912,1.915,1.916,1.920,1.923,1.923,1.921,1.930,1.924,3.000,3.000,3.000,3.000,3.000,2.228,2.228,2.240,2.228,2.233,2.234,2.231,2.248,2.248,3.000,3.000,3.000,3.000,3.000,3.000,2.392,2.389,2.395,2.405,2.420,2.430,2.439,2.445,2.453,2.458,2.464,2.467,2.468,2.470,2.462,3.000,3.000,3.000,3.000,3.000,3.000,2.633,2.630,2.632,2.635,2.639,2.640,2.643,2.642,2.643,3.000,3.000,3.000,3.000,3.000,3.000,3.000,3.000
3.000,3.000,3.000,3.000,3.000,3.000,3.000,3.000,2.254,2.248,2.239,2.231,2.229,2.224,2.220,2.215,2.204,2.195,2.188,2.178,2.173,2.166,2.165,2.160,2.159,2.155,2.151,2.144,2.138,2.133,2.127,2.121,2.112,2.102,2.097,2.091,2.087,2.082,2.076,2.071,2.065,2.059,2.053,2.048,2.045,2.041,2.036,2.031,2.026,2.020,2.017,2.014,2.010,2.006,2.001,1.997,1.992,1.982,1.975,1.969,1.963,1.958,1.953,1.949,1.942,1.935,1.930,1.926,1.922,1.917,1.911,1.904,1.900,1.897,1.895,1.893,1.889,1.883,1.876,1.873,1.869,1.867,1.863,1.860,1.856,1.853,1.849,1.843,1.839,1.835,1.829,1.824,1.819,1.815,1.808,1.799,1.790,1.778,1.766,1.747,1.725,1.726,3.000,3.000,0.912,0.912,0.897,0.883,0.873,0.867,0.861,0.857,0.852,0.850,0.846,0.844,0.842,0.840,0.838,0.836,0.834,0.833,0.831,0.830,0.828,0.828,0.826,0.826,0.824,0.823,0.822,0.821,0.820,0.819,0.818,0.817,0.816,0.816,0.814,0.813,0.813,0.812,0.812,0.812,0.812,0.811,0.811,0.811,0.811,0.811,0.810,0.811,0.810,0.811,0.811,0.811,0.811,0.812,0.812,0.813,0.813,0.814,0.816,0.817,0.818,0.819,0.821,0.822,0.824,0.826,0.828,0.831,0.837,0.843,0.850,0.855,0.861,0.868,0.875,0.882,0.891,0.900,0.908,0.918,0.929,0.944,0.957,0.963,0.967,0.969,0.970,0.971,0.971,0.972,0.971,0.971,0.971,0.972,0.972,0.973,0.974,0.976,0.978,0.981,0.985,0.991,0.998,1.008,1.020,1.034,1.055,1.055,3.000,1.738,1.752,1.750,1.747,1.752,3.000,1.511,1.511,1.512,1.512,1.607,1.607,1.607,1.735,1.726,1.741,1.757,1.772,1.789,1.801,1.811,1.821,1.829,1.836,1.848,1.861,1.871,1.883,1.891,1.897,1.900,1.901,1.903,1.906,1.908,1.910,1.912,1.911,1.910,1.912,1.913,1.915,1.915,1.921,1.926,1.927,1.930,1.938,3.000,3.000,3.000,3.000,2.222,2.226,2.229,2.228,2.228,2.240,2.244,2.246,2.243,2.248,2.252,2.252,3.000,3.000,3.000,3.000,3.000,2.396,2.392,2.400,2.412,2.424,2.433,2.442,2.447,2.458,2.461,2.468,2.469,2.470,2.474,3.000,3.000,3.000,3.000,3.000,3.000,3.000,2.641,2.633,2.636,2.640,2.640,2.643,2.646,2.652,2.642,3.000,3.000,3.000,3.000,3.000,3.000,3.000,3.000
3.000,3.000,3.000,3.000,3.000,3.000,3.000,3.000,2.254,2.254,2.244,2.235,2.230,2.225,2.222,2.216,2.206,2.197,2.190,2.180,2.176,2.169,2.167,2.162,2.161,2.157,2.153,2.146,2.140,2.135,2.129,2.123,2.114,2.104,2.099,2.093,2.088,2.083,2.077,2.072,2.065,2.058,2.052,2.048,2.044,2.041,2.037,2.033,2.028,2.023,2.019,2.016,2.012,2.008,2.003,1.999,1.994,1.985,1.978,1.973,1.967,1.962,1.957,1.952,1.945,1.938,1.933,1.930,1.926,1.920,1.914,1.906,1.903,1.900,1.898,1.896,1.892,1.887,1.881,1.878,1.872,1.870,1.865,1.862,1.859,1.856,1.852,1.845,1.841,1.836,1.831,1.826,1.822,1.818,1.810,1.802,1.792,1.779,1.768,1.747,1.723,1.725,3.000,3.000,0.912,0.912,0.895,0.882,0.873,0.866,0.861,0.857,0.853,0.850,0.846,0.844,0.842,0.840,0.837,0.836,0.833,0.832,0.830,0.829,0.827,0.826,0.825,0.824,0.822,0.821,0.820,0.819,0.818,0.817,0.816,0.815,0.815,0.814,0.813,0.812,0.811,0.811,0.811,0.811,0.810,0.810,0.810,0.811,0.810,0.810,0.810,0.810,0.810,0.811,0.811,0.811,0.811,0.812,0.812,0.813,0.814,0.815,0.816,0.818,0.819,0.820,0.821,0.823,0.825,0.827,0.829,0.832,0.838,0.844,0.851,0.857,0.863,0.869,0.877,0.884,0.893,0.901,0.909,0.919,0.931,0.944,0.957,0.963,0.966,0.969,0.970,0.971,0.971,0.971,0.970,0.969,0.969,0.969,0.970,0.971,0.972,0.973,0.975,0.978,0.982,0.987,0.995,1.004,1.014,1.027,1.047,1.055,3.000,3.000,1.754,1.752,1.752,1.758,3.000,1.511,1.500,1.490,1.512,1.607,1.607,1.607,1.726,1.710,1.735,1.753,1.770,1.785,1.798,1.810,1.820,1.828,1.835,1.846,1.858,1.868,1.879,1.888,1.895,1.897,1.898,1.901,1.904,1.907,1.909,1.911,1.911,1.910,1.912,1.913,1.915,1.915,1.923,1.930,1.933,1.938,1.938,3.000,3.000,2.193,2.207,2.222,2.222,2.226,2.229,2.232,2.242,2.246,2.249,2.250,2.252,2.252,2.257,3.000,3.000,3.000,3.000,3.000,2.398,2.396,2.403,2.416,2.426,2.435,2.444,2.449,2.461,2.464,2.471,2.472,2.474,2.474,3.000,3.000,3.000,3.000,3.000,3.000,3.000,2.650,2.641,2.648,2.651,2.646,2.650,2.652,2.652,3.000,3.000,3.000,3.000,3.000,3.000,3.000,3.000,3.000
3.000,3.000,3.000,3.000,3.000,3.000,3.000,3.000,2.254,2.254,2.241,2.231,2.228,2.223,2.221,2.216,2.209,2.198,2.191,2.182,2.178,2.172,2.170,2.166,2.164,2.160,2.156,2.148,2.142,2.137,2.131,2.124,2.115,2.106,2.101,2.095,2.089,2.084,2.078,2.074,2.065,2.060,2.053,2.049,2.045,2.043,2.039,2.036,2.031,2.026,2.022,2.019,2.015,2.010,2.006,2.001,1.997,1.989,1.981,1.976,1.971,1.965,1.960,1.955,1.947,1.941,1.935,1.931,1.927,1.922,1.914,1.908,1.905,1.903,1.901,1.899,1.895,1.889,1.884,1.881,1.876,1.872,1.867,1.864,1.861,1.858,1.853,1.846,1.841,1.836,1.831,1.827,1.822,1.818,1.811,1.802,1.793,1.780,1.769,1.751,1.721,1.723,3.000,3.000,0.912,0.908,0.892,0.880,0.871,0.865,0.860,0.856,0.852,0.849,0.846,0.844,0.841,0.839,0.837,0.835,0.832,0.830,0.828,0.827,0.825,0.824,0.822,0.821,0.820,0.819,0.818,0.817,0.816,0.814,0.813,0.813,0.812,0.812,0.811,0.810,0.810,0.810,0.810,0.810,0.809,0.809,0.809,0.809,0.809,0.809,0.809,0.810,0.810,0.810,0.810,0.810,0.811,0.812,0.812,0.813,0.814,0.815,0.816,0.818,0.819,0.820,0.822,0.823,0.826,0.827,0.830,0.833,0.838,0.844,0.851,0.857,0.863,0.870,0.877,0.885,0.892,0.901,0.909,0.919,0.931,0.942,0.954,0.961,0.965,0.968,0.969,0.970,0.970,0.969,0.968,0.967,0.967,0.967,0.967,0.967,0.968,0.969,0.972,0.974,0.978,0.983,0.989,0.998,1.006,1.020,1.038,1.047,3.000,3.000,1.761,1.754,1.758,1.773,1.763,1.500,1.500,1.500,1.490,3.000,3.000,3.000,1.719,1.719,1.732,1.756,1.773,1.787,1.799,1.811,1.821,1.828,1.835,1.845,1.855,1.865,1.877,1.885,1.892,1.894,1.896,1.900,1.903,1.907,1.908,1.911,1.911,1.911,1.914,1.915,1.919,1.922,1.934,1.943,1.948,1.961,1.938,2.154,2.176,2.193,2.193,2.207,2.217,2.224,2.230,2.236,2.245,2.250,2.254,2.256,2.258,2.257,2.258,3.000,3.000,3.000,3.000,3.000,2.399,2.398,2.405,2.417,2.427,2.436,2.445,2.450,2.463,2.467,2.472,2.473,2.474,2.474,3.000,3.000,3.000,3.000,3.000,3.000,3.000,2.650,2.650,2.654,2.656,2.654,2.651,2.652,2.652,3.000,3.000,3.000,3.000,3.000,3.000,3.000,3.000,3.000
3.000,3.000,3.000,3.000,3.000,3.000,3.000,3.000,3.000,2.241,2.241,2.234,2.231,2.224,2.222,2.217,2.210,2.200,2.194,2.184,2.182,2.175,2.173,2.169,2.167,2.163,2.159,2.150,2.145,2.141,2.134,2.125,2.117,2.109,2.103,2.098,2.091,2.085,2.079,2.075,2.066,2.062,2.056,2.051,2.047,2.045,2.042,2.038,2.034,2.029,2.024,2.020,2.016,2.012,2.007,2.003,1.998,1.991,1.984,1.979,1.974,1.968,1.963,1.958,1.950,1.944,1.937,1.933,1.929,1.924,1.917,1.911,1.908,1.905,1.903,1.901,1.898,1.892,1.886,1.883,1.878,1.874,1.868,1.866,1.862,1.859,1.854,1.848,1.843,1.838,1.832,1.828,1.824,1.819,1.811,1.803,1.793,1.781,1.768,1.750,1.751,1.721,3.000,3.000,0.908,0.906,0.890,0.879,0.871,0.864,0.860,0.855,0.851,0.848,0.845,0.843,0.840,0.838,0.835,0.832,0.829,0.828,0.826,0.824,0.822,0.820,0.819,0.818,0.817,0.816,0.815,0.814,0.813,0.812,0.811,0.811,0.810,0.809,0.809,0.808,0.808,0.807,0.807,0.808,0.807,0.808,0.808,0.808,0.808,0.808,0.808,0.809,0.809,0.809,0.810,0.810,0.810,0.811,0.812,0.813,0.814,0.815,0.816,0.818,0.819,0.820,0.822,0.824,0.826,0.828,0.830,0.833,0.838,0.845,0.851,0.857,0.863,0.870,0.877,0.884,0.892,0.900,0.908,0.919,0.929,0.941,0.952,0.959,0.963,0.966,0.967,0.968,0.967,0.967,0.965,0.964,0.963,0.963,0.963,0.963,0.964,0.965,0.968,0.970,0.973,0.978,0.984,0.992,1.001,1.013,1.032,1.038,3.000,3.000,1.774,1.761,1.773,1.763,1.782,3.000,3.000,3.000,3.000,3.000,3.000,3.000,1.719,1.732,1.756,1.756,1.774,1.788,1.799,1.809,1.821,1.828,1.835,1.844,1.852,1.861,1.873,1.880,1.889,1.891,1.893,1.896,1.901,1.906,1.906,1.909,1.910,1.910,1.915,1.915,1.922,1.925,1.945,1.953,1.961,1.961,3.000,2.157,2.154,2.176,2.191,2.205,2.216,2.224,2.231,2.237,2.245,2.251,2.255,2.258,2.260,2.258,2.258,3.000,3.000,3.000,3.000,3.000,2.401,2.399,2.407,2.419,2.428,2.437,2.446,2.452,2.464,2.468,2.474,2.476,2.479,2.474,3.000,3.000,3.000,3.000,3.000,3.000,3.000,2.650,2.645,2.650,2.652,2.652,2.652,2.652,3.000,3.000,3.000,3.000,3.000,3.000,3.000,3.000,3.000,3.000
3.000,3.000,3.000,3.000,3.000,3.000,3.000,3.000,3.000,3.000,2.239,2.235,2.233,2.228,2.222,2.218,2.213,2.206,2.199,2.187,2.186,2.177,2.176,2.171,2.169,2.165,2.162,2.154,2.149,2.142,2.136,2.129,2.121,2.113,2.107,2.102,2.096,2.090,2.084,2.078,2.070,2.066,2.060,2.055,2.051,2.049,2.046,2.041,2.037,2.030,2.025,2.021,2.017,2.013,2.007,2.003,1.999,1.992,1.986,1.981,1.977,1.972,1.966,1.962,1.955,1.947,1.940,1.936,1.931,1.926,1.919,1.914,1.910,1.907,1.904,1.903,1.900,1.895,1.888,1.884,1.879,1.875,1.870,1.867,1.863,1.860,1.856,1.851,1.845,1.840,1.835,1.830,1.826,1.821,1.812,1.803,1.793,1.781,1.768,1.750,1.750,3.000,3.000,0.931,0.931,0.904,0.889,0.879,0.870,0.864,0.859,0.855,0.851,0.847,0.844,0.841,0.838,0.836,0.832,0.830,0.827,0.825,0.823,0.822,0.820,0.818,0.817,0.816,0.815,0.814,0.813,0.813,0.812,0.811,0.810,0.810,0.809,0.808,0.808,0.807,0.807,0.807,0.807,0.807,0.807,0.807,0.807,0.807,0.807,0.807,0.808,0.808,0.809,0.809,0.809,0.810,0.810,0.811,0.812,0.813,0.814,0.815,0.816,0.818,0.819,0.821,0.823,0.824,0.826,0.828,0.830,0.832,0.838,0.845,0.851,0.857,0.862,0.869,0.876,0.883,0.890,0.898,0.906,0.916,0.927,0.938,0.950,0.957,0.961,0.964,0.964,0.965,0.964,0.963,0.961,0.960,0.959,0.958,0.958,0.959,0.959,0.961,0.963,0.966,0.970,0.974,0.980,0.988,0.997,1.010,1.030,1.032,3.000,3.000,1.781,1.774,1.784,1.782,1.795,1.788,3.000,3.000,3.000,3.000,3.000,3.000,3.000,3.000,1.756,1.751,1.776,1.790,1.802,1.812,1.824,1.830,1.837,1.846,1.854,1.862,1.873,1.881,1.890,1.892,1.895,1.899,1.906,1.909,1.909,1.909,1.906,1.907,1.915,1.918,1.924,1.929,1.956,1.968,1.989,1.961,2.137,2.160,2.157,2.176,2.190,2.203,2.214,2.223,2.230,2.236,2.243,2.248,2.254,2.257,2.258,2.254,2.258,3.000,3.000,3.000,3.000,3.000,2.402,2.401,2.411,2.420,2.428,2.437,2.447,2.452,2.465,2.469,2.475,2.479,2.480,3.000,3.000,3.000,3.000,3.000,3.000,3.000,2.642,2.645,2.641,2.644,2.649,2.650,2.650,2.652,3.000,3.000,3.000,3.000,3.000,3.000,3.000,3.000,3.000,3.000
3.000,3.000,3.000,3.000,3.000,3.000,3.000,3.000,3.000,3.000,2.244,2.239,2.236,2.231,2.224,2.220,2.215,2.209,2.202,2.190,2.189,2.180,2.178,2.173,2.171,2.168,2.164,2.158,2.152,2.147,2.139,2.132,2.124,2.117,2.111,2.105,2.100,2.093,2.087,2.080,2.072,2.068,2.063,2.058,2.055,2.052,2.048,2.044,2.039,2.033,2.027,2.022,2.018,2.013,2.008,2.003,1.999,1.993,1.988,1.983,1.979,1.975,1.970,1.967,1.960,1.952,1.945,1.939,1.934,1.929,1.921,1.917,1.912,1.909,1.906,1.904,1.901,1.896,1.890,1.886,1.880,1.876,1.871,1.868,1.865,1.862,1.858,1.853,1.848,1.843,1.837,1.833,1.827,1.822,1.813,1.804,1.793,1.781,1.768,1.749,1.750,3.000,3.000,0.931,0.931,0.902,0.888,0.878,0.870,0.864,0.859,0.854,0.850,0.846,0.842,0.839,0.836,0.833,0.830,0.827,0.824,0.822,0.820,0.819,0.817,0.816,0.815,0.814,0.813,0.813,0.812,0.811,0.810,0.810,0.809,0.809,0.808,0.807,0.807,0.807,0.806,0.806,0.806,0.807,0.807,0.807,0.807,0.808,0.807,0.808,0.808,0.809,0.809,0.810,0.810,0.811,0.811,0.812,0.813,0.814,0.815,0.816,0.817,0.819,0.820,0.822,0.823,0.825,0.826,0.828,0.829,0.832,0.837,0.844,0.850,0.856,0.861,0.868,0.874,0.881,0.888,0.895,0.903,0.913,0.923,0.935,0.947,0.954,0.958,0.961,0.961,0.961,0.960,0.959,0.958,0.957,0.955,0.955,0.955,0.955,0.956,0.958,0.960,0.963,0.967,0.971,0.977,0.984,0.993,1.005,1.027,1.030,3.000,3.000,1.786,1.781,1.793,1.795,1.788,1.795,3.000,3.000,3.000,3.000,1.310,1.310,1.310,3.000,1.751,1.776,1.770,1.788,1.802,1.812,1.825,1.832,1.840,1.850,1.858,1.867,1.879,1.888,1.901,1.905,1.913,1.921,1.924,1.924,1.921,1.917,1.913,1.915,1.918,1.924,1.929,1.956,2.021,1.989,2.084,2.111,2.141,2.137,2.160,2.177,2.190,2.201,2.212,2.222,2.230,2.237,2.244,2.248,2.254,2.258,2.260,2.255,2.266,3.000,3.000,3.000,3.000,3.000,2.406,2.402,2.414,2.422,2.429,2.438,2.449,2.454,2.466,2.470,2.475,2.480,2.480,3.000,3.000,3.000,3.000,3.000,3.000,3.000,2.642,2.642,2.639,2.642,2.648,2.650,2.650,2.650,3.000,3.000,3.000,3.000,3.000,3.000,3.000,3.000,3.000,3.000
3.000,3.000,3.000,3.000,3.000,3.000,3.000,3.000,3.000,3.000,2.248,2.244,2.241,2.234,2.227,2.223,2.220,2.215,2.210,2.198,2.195,2.189,2.185,2.178,2.175,2.171,2.167,2.161,2.154,2.149,2.142,2.134,2.128,2.121,2.113,2.107,2.102,2.094,2.088,2.080,2.072,2.068,2.063,2.059,2.055,2.052,2.049,2.045,2.040,2.035,2.028,2.023,2.018,2.013,2.008,2.003,1.999,1.994,1.988,1.985,1.982,1.979,1.974,1.971,1.964,1.956,1.950,1.945,1.938,1.931,1.924,1.919,1.915,1.912,1.909,1.906,1.903,1.897,1.891,1.886,1.880,1.876,1.873,1.870,1.866,1.864,1.860,1.856,1.850,1.845,1.839,1.834,1.828,1.823,1.813,1.804,1.793,1.781,1.768,1.747,1.749,3.000,3.000,0.931,0.928,0.902,0.888,0.878,0.870,0.864,0.858,0.853,0.849,0.845,0.841,0.838,0.834,0.831,0.827,0.825,0.822,0.820,0.819,0.817,0.816,0.815,0.814,0.813,0.812,0.812,0.811,0.810,0.809,0.808,0.808,0.807,0.807,0.807,0.807,0.806,0.806,0.806,0.806,0.807,0.807,0.808,0.808,0.808,0.809,0.809,0.809,0.810,0.811,0.811,0.812,0.813,0.814,0.814,0.815,0.816,0.817,0.818,0.819,0.820,0.821,0.823,0.824,0.825,0.827,0.828,0.830,0.832,0.837,0.844,0.850,0.855,0.860,0.866,0.872,0.879,0.886,0.893,0.901,0.910,0.920,0.931,0.945,0.951,0.956,0.958,0.958,0.957,0.956,0.956,0.955,0.954,0.953,0.952,0.952,0.953,0.954,0.956,0.958,0.961,0.966,0.970,0.976,0.982,0.991,1.001,1.024,1.027,3.000,3.000,1.789,1.786,1.797,1.800,1.795,1.802,3.000,3.000,3.000,3.000,1.310,1.310,1.310,3.000,3.000,1.770,1.770,1.792,1.810,1.822,1.834,1.842,1.853,1.862,1.870,1.879,1.891,1.905,1.917,1.921,1.927,1.938,1.943,1.942,1.941,1.930,1.930,1.913,3.000,3.000,3.000,3.000,2.055,2.021,2.098,2.084,2.111,2.141,2.166,2.179,2.192,2.202,2.214,2.223,2.231,2.238,2.245,2.251,2.256,2.266,2.269,2.266,2.266,3.000,3.000,3.000,3.000,3.000,2.408,2.406,2.415,2.424,2.431,2.440,2.451,2.458,2.467,2.472,2.476,2.479,2.480,3.000,3.000,3.000,3.000,3.000,3.000,3.000,2.642,2.641,2.638,2.640,2.650,2.652,2.653,2.650,3.000,3.000,3.000,3.000,3.000,3.000,3.000,3.000,3.000,3.000
3.000,3.000,3.000,3.000,3.000,3.000,3.000,3.000,3.000,3.000,2.254,2.248,2.244,2.237,2.230,2.226,2.224,2.219,2.214,2.206,2.202,2.193,2.188,2.181,2.177,2.172,2.168,2.162,2.156,2.151,2.143,2.136,2.130,2.124,2.116,2.110,2.104,2.098,2.090,2.082,2.074,2.069,2.064,2.060,2.056,2.053,2.050,2.046,2.041,2.036,2.029,2.023,2.018,2.013,2.007,2.002,1.999,1.994,1.988,1.985,1.983,1.980,1.976,1.973,1.967,1.960,1.954,1.948,1.941,1.934,1.926,1.922,1.917,1.914,1.911,1.908,1.904,1.898,1.891,1.887,1.881,1.878,1.874,1.871,1.868,1.865,1.862,1.857,1.852,1.847,1.840,1.836,1.829,1.824,1.814,1.804,1.793,1.782,1.768,1.768,1.747,3.000,3.000,0.928,0.926,0.901,0.887,0.878,0.869,0.863,0.857,0.852,0.848,0.843,0.839,0.836,0.832,0.828,0.825,0.823,0.820,0.818,0.817,0.816,0.814,0.814,0.813,0.812,0.811,0.811,0.810,0.810,0.809,0.808,0.808,0.807,0.807,0.807,0.807,0.806,0.806,0.806,0.807,0.808,0.808,0.808,0.809,0.809,0.810,0.810,0.811,0.812,0.812,0.813,0.814,0.815,0.816,0.817,0.817,0.818,0.818,0.819,0.820,0.822,0.823,0.824,0.825,0.826,0.827,0.828,0.830,0.832,0.837,0.844,0.850,0.855,0.860,0.866,0.871,0.878,0.884,0.891,0.899,0.907,0.917,0.927,0.942,0.948,0.952,0.954,0.954,0.953,0.952,0.952,0.951,0.951,0.950,0.950,0.950,0.950,0.951,0.953,0.955,0.959,0.963,0.967,0.973,0.980,0.987,0.998,1.017,1.024,3.000,3.000,1.793,1.789,1.801,1.805,1.802,1.809,3.000,3.000,3.000,1.326,1.326,1.309,1.311,3.000,3.000,1.770,1.792,1.874,1.841,1.853,1.863,1.871,1.878,1.886,1.952,1.962,1.933,1.939,1.945,1.948,1.960,1.964,1.966,1.963,1.963,1.969,1.930,3.000,3.000,3.000,3.000,3.000,2.055,2.055,2.076,2.098,2.119,2.144,2.167,2.179,2.191,2.201,2.213,2.222,2.231,2.239,2.247,2.253,2.259,2.271,2.276,2.278,2.266,3.000,3.000,3.000,3.000,3.000,2.412,2.408,2.418,2.426,2.432,2.440,2.450,2.457,2.467,2.472,2.475,2.479,2.479,3.000,3.000,3.000,3.000,3.000,3.000,3.000,2.641,2.637,2.635,2.637,2.652,2.653,2.653,3.000,3.000,3.000,3.000,3.000,3.000,3.000,3.000,3.000,3.000,3.000
3.000,3.000,3.000,3.000,3.000,3.000,3.000,3.000,3.000,3.000,2.259,2.254,2.249,2.242,2.237,2.232,2.228,2.222,2.219,2.213,2.205,2.195,2.190,2.183,2.179,2.174,2.169,2.163,2.157,2.151,2.142,2.136,2.131,2.125,2.117,2.112,2.107,2.101,2.094,2.085,2.077,2.072,2.065,2.060,2.057,2.054,2.051,2.047,2.042,2.036,2.028,2.023,2.019,2.014,2.009,2.004,2.001,1.996,1.989,1.985,1.983,1.981,1.977,1.974,1.969,1.963,1.956,1.950,1.944,1.936,1.929,1.924,1.920,1.915,1.912,1.909,1.905,1.898,1.892,1.888,1.884,1.881,1.877,1.874,1.870,1.867,1.864,1.859,1.853,1.848,1.842,1.837,1.831,1.825,1.816,1.805,1.794,1.782,1.768,1.769,3.000,3.000,3.000,0.926,0.924,0.900,0.886,0.877,0.869,0.862,0.857,0.851,0.846,0.842,0.838,0.835,0.830,0.827,0.824,0.821,0.819,0.817,0.816,0.815,0.814,0.813,0.812,0.811,0.811,0.811,0.810,0.810,0.809,0.809,0.808,0.808,0.808,0.808,0.807,0.807,0.807,0.807,0.808,0.808,0.808,0.809,0.809,0.810,0.810,0.811,0.811,0.812,0.813,0.813,0.814,0.815,0.816,0.817,0.818,0.818,0.819,0.820,0.821,0.822,0.823,0.825,0.825,0.826,0.827,0.828,0.830,0.832,0.837,0.844,0.850,0.855,0.860,0.866,0.871,0.878,0.884,0.890,0.897,0.905,0.914,0.924,0.938,0.944,0.948,0.950,0.950,0.949,0.948,0.948,0.948,0.947,0.946,0.946,0.946,0.947,0.948,0.950,0.952,0.955,0.959,0.964,0.970,0.976,0.984,0.995,1.016,1.017,3.000,3.000,1.796,1.793,1.806,1.811,1.809,1.817,3.000,3.000,3.000,1.326,1.326,1.311,1.311,3.000,3.000,3.000,3.000,1.899,1.874,1.890,1.900,1.915,1.927,1.935,1.943,1.952,1.962,1.966,1.969,1.971,1.974,1.975,1.977,1.972,1.969,1.969,3.000,3.000,3.000,3.000,3.000,3.000,2.055,2.053,2.075,2.094,2.117,2.138,2.162,2.174,2.187,2.197,2.211,2.220,2.229,2.239,2.247,2.253,2.258,2.273,2.278,2.278,3.000,3.000,3.000,3.000,3.000,2.404,2.414,2.412,2.422,2.427,2.433,2.439,2.450,2.458,2.468,2.475,2.478,2.479,3.000,3.000,3.000,3.000,3.000,3.000,3.000,3.000,2.637,2.639,2.633,2.635,2.655,2.659,2.653,3.000,3.000,3.000,3.000,3.000,3.000,3.000,3.000,3.000,3.000,3.000
3.000,3.000,3.000,3.000,3.000,3.000,3.000,3.000,3.000,3.000,2.259,2.259,2.255,2.247,2.242,2.235,2.230,2.224,2.221,2.215,2.208,2.200,2.194,2.186,2.181,2.174,2.170,2.162,2.155,2.150,2.144,2.138,2.132,2.127,2.121,2.116,2.110,2.104,2.097,2.089,2.079,2.074,2.067,2.062,2.058,2.056,2.052,2.048,2.043,2.037,2.030,2.025,2.021,2.016,2.012,2.008,2.005,2.000,1.992,1.988,1.987,1.984,1.980,1.977,1.971,1.965,1.958,1.953,1.947,1.939,1.932,1.927,1.923,1.919,1.915,1.912,1.907,1.900,1.894,1.889,1.886,1.883,1.879,1.876,1.872,1.869,1.865,1.860,1.854,1.850,1.843,1.839,1.832,1.827,1.817,1.808,1.796,1.783,1.769,1.770,3.000,3.000,3.000,0.924,0.922,0.899,0.886,0.876,0.868,0.861,0.855,0.850,0.845,0.841,0.837,0.833,0.828,0.825,0.822,0.820,0.818,0.816,0.815,0.814,0.813,0.812,0.811,0.811,0.810,0.810,0.809,0.809,0.809,0.809,0.808,0.808,0.808,0.807,0.807,0.807,0.807,0.807,0.807,0.808,0.808,0.809,0.809,0.810,0.810,0.811,0.811,0.812,0.813,0.813,0.814,0.815,0.816,0.817,0.817,0.818,0.819,0.820,0.821,0.822,0.823,0.824,0.825,0.826,0.827,0.828,0.830,0.832,0.837,0.844,0.850,0.855,0.860,0.866,0.871,0.877,0.883,0.889,0.896,0.904,0.912,0.922,0.935,0.941,0.944,0.946,0.946,0.945,0.944,0.944,0.943,0.943,0.942,0.942,0.942,0.942,0.943,0.945,0.947,0.949,0.953,0.957,0.964,0.971,0.980,0.992,1.013,1.016,3.000,3.000,1.801,1.796,1.810,1.816,1.817,1.823,1.814,3.000,3.000,1.326,1.318,1.310,1.311,3.000,3.000,3.000,1.891,1.907,1.899,1.911,1.921,1.930,1.939,1.947,1.955,1.963,1.970,1.973,1.975,1.975,1.977,1.978,1.979,1.973,1.969,1.969,3.000,3.000,3.000,3.000,1.933,1.933,2.053,2.075,2.094,2.079,2.105,2.124,2.142,2.160,2.172,2.186,2.198,2.209,2.222,2.234,2.242,2.248,2.254,2.273,2.278,2.278,3.000,3.000,3.000,3.000,3.000,2.404,2.404,2.414,2.425,2.430,2.434,2.440,2.452,2.461,2.472,2.477,2.479,2.479,3.000,3.000,3.000,3.000,3.000,3.000,3.000,3.000,3.000,2.639,2.639,2.641,2.659,2.659,3.000,3.000,3.000,3.000,3.000,3.000,3.000,3.000,3.000,3.000,3.000,3.000
3.000,3.000,3.000,3.000,3.000,3.000,3.000,3.000,3.000,3.000,2.259,2.260,2.260,2.252,2.245,2.238,2.232,2.225,2.221,2.216,2.211,2.202,2.197,2.189,2.183,2.176,2.170,2.162,2.155,2.151,2.145,2.139,2.134,2.129,2.123,2.118,2.112,2.106,2.099,2.090,2.081,2.076,2.069,2.063,2.060,2.059,2.055,2.050,2.044,2.039,2.033,2.027,2.023,2.019,2.015,2.011,2.008,2.004,2.000,1.995,1.993,1.990,1.984,1.981,1.974,1.968,1.962,1.956,1.950,1.942,1.935,1.930,1.927,1.923,1.920,1.916,1.911,1.904,1.896,1.891,1.888,1.885,1.881,1.877,1.873,1.870,1.866,1.860,1.855,1.850,1.844,1.840,1.834,1.828,1.820,1.810,1.797,1.785,1.770,1.771,3.000,3.000,3.000,0.922,0.921,0.899,0.885,0.876,0.867,0.860,0.854,0.848,0.844,0.839,0.835,0.831,0.827,0.824,0.821,0.819,0.817,0.815,0.814,0.812,0.812,0.811,0.810,0.810,0.809,0.809,0.808,0.808,0.808,0.808,0.807,0.807,0.807,0.807,0.807,0.806,0.806,0.806,0.807,0.807,0.808,0.808,0.809,0.809,0.810,0.810,0.811,0.811,0.812,0.812,0.813,0.814,0.815,0.816,0.816,0.817,0.817,0.818,0.819,0.821,0.822,0.824,0.825,0.826,0.827,0.828,0.829,0.832,0.837,0.844,0.850,0.855,0.859,0.865,0.870,0.876,0.882,0.887,0.894,0.902,0.909,0.919,0.931,0.937,0.940,0.942,0.942,0.940,0.939,0.939,0.937,0.936,0.935,0.935,0.934,0.934,0.935,0.937,0.940,0.943,0.947,0.952,0.959,0.967,0.976,0.988,1.009,1.013,3.000,3.000,1.805,1.801,1.815,1.821,1.823,1.814,1.823,3.000,3.000,1.318,1.318,1.318,1.310,3.000,3.000,3.000,1.897,1.891,1.907,1.918,1.927,1.934,1.942,1.949,1.957,1.963,1.969,1.970,1.972,1.971,1.972,1.971,1.970,1.961,1.952,1.969,1.901,1.873,1.880,1.904,1.933,1.933,1.961,1.961,2.079,2.105,2.124,2.142,2.160,2.132,2.151,2.169,2.183,2.196,2.206,2.224,2.233,2.240,2.245,2.270,2.273,3.000,3.000,3.000,3.000,3.000,2.401,2.409,2.403,2.415,2.426,2.430,2.436,2.441,2.452,2.463,2.472,2.476,2.477,2.479,3.000,3.000,3.000,3.000,3.000,3.000,3.000,3.000,3.000,2.639,2.656,2.653,2.659,2.659,3.000,3.000,3.000,3.000,3.000,3.000,3.000,3.000,3.000,3.000,3.000,3.000
3.000,3.000,3.000,3.000,3.000,3.000,3.000,3.000,3.000,3.000,3.000,2.260,2.260,2.253,2.246,2.240,2.233,2.226,2.222,2.217,2.213,2.204,2.198,2.191,2.185,2.177,2.171,2.163,2.156,2.151,2.146,2.140,2.135,2.130,2.125,2.120,2.113,2.108,2.101,2.095,2.084,2.079,2.072,2.067,2.064,2.063,2.058,2.053,2.048,2.043,2.036,2.030,2.027,2.022,2.019,2.015,2.013,2.008,2.005,2.002,1.999,1.995,1.990,1.986,1.978,1.972,1.966,1.960,1.954,1.946,1.940,1.936,1.932,1.928,1.924,1.921,1.916,1.907,1.900,1.895,1.891,1.888,1.884,1.879,1.875,1.871,1.867,1.861,1.856,1.851,1.846,1.841,1.835,1.829,1.821,1.812,1.799,1.786,1.771,1.771,3.000,3.000,3.000,0.921,0.919,0.899,0.885,0.875,0.867,0.859,0.853,0.848,0.842,0.838,0.833,0.830,0.825,0.822,0.819,0.818,0.815,0.814,0.812,0.811,0.810,0.810,0.809,0.808,0.808,0.808,0.807,0.807,0.807,0.807,0.806,0.806,0.806,0.806,0.806,0.806,0.806,0.806,0.806,0.807,0.807,0.808,0.808,0.809,0.809,0.810,0.810,0.810,0.811,0.811,0.812,0.812,0.813,0.813,0.814,0.815,0.816,0.817,0.818,0.819,0.821,0.822,0.824,0.825,0.826,0.827,0.829,0.831,0.836,0.843,0.849,0.853,0.858,0.863,0.868,0.874,0.880,0.886,0.892,0.899,0.907,0.916,0.927,0.932,0.935,0.937,0.936,0.935,0.934,0.933,0.930,0.930,0.929,0.929,0.929,0.929,0.931,0.933,0.936,0.940,0.944,0.949,0.956,0.964,0.973,0.986,1.008,1.009,3.000,3.000,1.807,1.805,1.820,1.827,1.829,1.823,1.827,3.000,3.000,3.000,3.000,3.000,3.000,3.000,3.000,3.000,1.897,1.897,1.911,1.920,1.927,1.933,1.939,1.944,1.950,1.955,1.961,1.961,1.961,1.958,1.956,1.954,1.948,1.933,1.917,1.901,1.872,1.869,1.873,1.880,1.904,1.916,1.937,1.961,1.961,1.938,3.000,3.000,2.132,2.151,2.169,2.183,2.157,2.175,2.189,2.210,2.221,2.226,2.233,2.270,2.270,3.000,3.000,3.000,3.000,2.394,2.401,2.401,2.409,2.421,2.430,2.434,2.439,2.443,2.456,2.467,2.474,2.478,2.479,2.481,3.000,3.000,3.000,3.000,3.000,3.000,3.000,3.000,3.000,3.000,2.656,2.656,2.656,3.000,3.000,3.000,3.000,3.000,3.000,3.000,3.000,3.000,3.000,3.000,3.000,3.000
3.000,3.000,3.000,3.000,3.000,3.000,3.000,3.000,3.000,3.000,3.000,3.000,2.253,2.251,2.245,2.240,2.234,2.226,2.222,2.217,2.213,2.205,2.200,2.192,2.185,2.178,2.173,2.166,2.158,2.154,2.147,2.141,2.135,2.130,2.126,2.121,2.115,2.110,2.104,2.098,2.088,2.083,2.075,2.071,2.069,2.067,2.061,2.057,2.052,2.048,2.040,2.035,2.031,2.027,2.023,2.020,2.017,2.014,2.010,2.007,2.003,2.000,1.995,1.991,1.985,1.979,1.972,1.966,1.961,1.952,1.945,1.942,1.938,1.932,1.928,1.924,1.919,1.909,1.902,1.897,1.893,1.890,1.886,1.880,1.876,1.873,1.869,1.863,1.858,1.853,1.847,1.842,1.836,1.830,1.822,1.812,1.800,1.786,1.771,1.771,3.000,3.000,3.000,0.919,0.919,0.898,0.884,0.875,0.867,0.859,0.853,0.847,0.841,0.836,0.832,0.828,0.823,0.821,0.818,0.816,0.814,0.813,0.811,0.810,0.809,0.808,0.808,0.807,0.807,0.807,0.807,0.807,0.806,0.806,0.806,0.806,0.806,0.806,0.805,0.805,0.805,0.806,0.806,0.807,0.807,0.808,0.808,0.809,0.809,0.809,0.809,0.810,0.810,0.810,0.810,0.810,0.811,0.812,0.813,0.813,0.814,0.815,0.816,0.818,0.819,0.821,0.822,0.824,0.825,0.826,0.827,0.829,0.833,0.841,0.846,0.851,0.855,0.860,0.866,0.871,0.877,0.883,0.889,0.897,0.904,0.913,0.922,0.927,0.929,0.930,0.930,0.929,0.928,0.926,0.925,0.925,0.924,0.924,0.925,0.925,0.927,0.929,0.933,0.938,0.942,0.948,0.955,0.962,0.971,0.985,1.009,1.009,3.000,3.000,1.807,1.807,1.822,1.829,1.832,1.827,1.829,1.809,3.000,3.000,3.000,3.000,3.000,3.000,3.000,3.000,1.897,1.893,1.905,1.913,1.920,1.924,1.929,1.931,1.937,1.939,1.942,1.939,1.938,1.920,1.919,1.916,1.912,1.905,1.895,1.886,1.868,1.865,1.868,1.872,1.889,1.900,1.916,1.932,1.938,1.938,1.924,1.924,3.000,3.000,3.000,2.157,2.175,2.189,2.161,2.221,2.201,2.200,2.214,2.233,3.000,3.000,3.000,3.000,3.000,2.394,2.394,2.400,2.413,2.423,2.432,2.436,2.441,2.444,2.457,2.469,2.476,2.479,2.481,2.482,3.000,3.000,3.000,3.000,3.000,3.000,3.000,3.000,3.000,3.000,2.656,2.656,2.656,3.000,3.000,3.000,3.000,3.000,3.000,3.000,3.000,3.000,3.000,3.000,3.000,3.000
3.000,3.000,3.000,3.000,3.000,3.000,3.000,3.000,3.000,3.000,3.000,3.000,2.251,2.251,2.248,2.241,2.236,2.227,2.223,2.218,2.212,2.204,2.200,2.192,2.185,2.178,2.173,2.167,2.159,2.154,2.148,2.142,2.136,2.131,2.127,2.123,2.117,2.113,2.107,2.102,2.093,2.087,2.080,2.078,2.074,2.071,2.064,2.060,2.055,2.051,2.044,2.039,2.036,2.031,2.028,2.025,2.022,2.017,2.013,2.010,2.006,2.003,1.998,1.994,1.988,1.982,1.975,1.969,1.964,1.956,1.948,1.945,1.941,1.936,1.931,1.927,1.922,1.911,1.904,1.899,1.895,1.892,1.888,1.882,1.878,1.874,1.870,1.864,1.859,1.854,1.848,1.843,1.837,1.831,1.824,1.813,1.800,1.786,1.771,1.772,3.000,3.000,3.000,0.919,0.917,0.898,0.884,0.875,0.867,0.859,0.852,0.847,0.841,0.836,0.831,0.826,0.822,0.820,0.817,0.815,0.813,0.811,0.810,0.809,0.808,0.807,0.807,0.806,0.806,0.806,0.806,0.806,0.806,0.806,0.806,0.806,0.805,0.805,0.805,0.805,0.805,0.806,0.806,0.807,0.807,0.807,0.807,0.808,0.808,0.808,0.808,0.808,0.808,0.808,0.808,0.808,0.809,0.810,0.811,0.812,0.812,0.813,0.815,0.816,0.818,0.819,0.821,0.822,0.823,0.824,0.825,0.827,0.831,0.838,0.844,0.848,0.852,0.857,0.862,0.867,0.873,0.880,0.886,0.893,0.900,0.909,0.917,0.921,0.924,0.925,0.925,0.923,0.922,0.921,0.920,0.920,0.920,0.920,0.920,0.922,0.924,0.926,0.930,0.935,0.940,0.946,0.953,0.961,0.970,0.985,1.009,1.009,3.000,3.000,1.807,1.807,1.824,1.830,1.833,1.829,1.809,1.812,3.000,3.000,3.000,3.000,3.000,3.000,3.000,3.000,1.893,1.905,1.913,1.920,1.924,1.929,1.931,1.937,1.911,1.942,1.942,1.942,1.939,1.889,1.887,1.885,1.885,1.881,1.878,1.872,1.858,1.855,1.857,1.861,1.873,1.881,1.892,1.902,1.906,1.919,1.924,1.924,1.909,3.000,3.000,3.000,3.000,2.161,2.161,2.201,2.201,2.214,2.214,2.214,3.000,3.000,3.000,3.000,2.365,2.394,2.391,2.398,2.411,2.423,2.432,2.437,2.443,2.444,2.458,2.470,2.476,2.480,2.482,2.483,3.000,3.000,3.000,3.000,3.000,3.000,3.000,3.000,3.000,3.000,3.000,3.000,3.000,3.000,3.000,3.000,3.000,3.000,3.000,3.000,3.000,3.000,3.000,3.000,3.000,3.000
3.000,3.000,3.000,3.000,3.000,3.000,3.000,3.000,3.000,3.000,3.000,3.000,3.000,2.248,2.248,2.241,2.234,2.225,2.221,2.216,2.211,2.203,2.199,2.193,2.186,2.179,2.174,2.168,2.161,2.155,2.151,2.145,2.138,2.133,2.129,2.125,2.121,2.117,2.112,2.107,2.097,2.091,2.085,2.082,2.077,2.074,2.067,2.063,2.059,2.055,2.047,2.042,2.040,2.036,2.032,2.028,2.024,2.020,2.015,2.012,2.008,2.005,2.000,1.996,1.990,1.983,1.976,1.972,1.966,1.957,1.949,1.946,1.941,1.936,1.932,1.928,1.923,1.915,1.906,1.901,1.897,1.894,1.890,1.886,1.880,1.877,1.873,1.865,1.860,1.856,1.849,1.843,1.838,1.832,1.824,1.815,1.802,1.786,1.772,1.772,3.000,3.000,3.000,0.917,0.917,0.898,0.885,0.876,0.867,0.859,0.853,0.847,0.841,0.835,0.830,0.825,0.821,0.819,0.816,0.814,0.812,0.811,0.809,0.808,0.807,0.806,0.806,0.805,0.805,0.805,0.805,0.806,0.806,0.806,0.805,0.805,0.805,0.805,0.805,0.805,0.805,0.805,0.806,0.806,0.806,0.806,0.806,0.807,0.807,0.807,0.807,0.807,0.806,0.807,0.806,0.807,0.807,0.808,0.809,0.810,0.811,0.812,0.814,0.815,0.817,0.818,0.820,0.821,0.822,0.823,0.824,0.826,0.829,0.836,0.841,0.845,0.849,0.853,0.858,0.863,0.869,0.876,0.881,0.889,0.896,0.905,0.912,0.916,0.918,0.920,0.920,0.918,0.917,0.916,0.916,0.916,0.916,0.916,0.917,0.918,0.920,0.922,0.926,0.932,0.936,0.942,0.949,0.959,0.968,0.984,0.985,3.000,3.000,3.000,1.807,1.807,1.826,1.833,1.834,1.829,1.812,1.812,3.000,3.000,3.000,3.000,3.000,3.000,1.731,1.753,1.767,1.783,1.790,1.791,1.798,1.805,1.817,1.911,1.911,1.911,1.827,1.853,1.853,1.854,1.854,1.854,1.853,1.860,1.859,1.854,1.844,1.841,1.842,1.845,1.856,1.864,1.873,1.882,1.886,1.893,1.894,1.909,1.909,1.899,1.899,1.899,3.000,3.000,3.000,3.000,3.000,3.000,3.000,3.000,3.000,3.000,3.000,3.000,2.365,2.365,2.382,2.391,2.403,2.419,2.429,2.434,2.441,2.442,2.457,2.471,2.477,2.480,2.483,2.483,3.000,3.000,3.000,3.000,3.000,3.000,3.000,3.000,3.000,3.000,3.000,3.000,3.000,3.000,3.000,3.000,3.000,3.000,3.000,3.000,3.000,3.000,3.000,3.000,3.000,3.000
3.000,3.000,3.000,3.000,3.000,3.000,3.000,3.000,3.000,3.000,3.000,3.000,3.000,2.248,2.248,2.242,2.234,2.225,2.221,2.216,2.211,2.204,2.200,2.195,2.190,2.181,2.176,2.170,2.164,2.158,2.154,2.149,2.141,2.136,2.132,2.129,2.125,2.121,2.117,2.112,2.102,2.096,2.090,2.087,2.083,2.078,2.070,2.066,2.062,2.058,2.051,2.046,2.043,2.039,2.035,2.030,2.027,2.023,2.018,2.015,2.010,2.007,2.002,1.999,1.992,1.987,1.980,1.975,1.970,1.961,1.951,1.947,1.942,1.938,1.934,1.930,1.925,1.918,1.909,1.904,1.900,1.898,1.894,1.889,1.885,1.881,1.876,1.869,1.864,1.859,1.852,1.846,1.840,1.833,1.825,1.816,1.802,1.786,1.771,1.772,3.000,3.000,3.000,0.919,0.917,0.899,0.886,0.876,0.867,0.860,0.853,0.847,0.841,0.835,0.830,0.824,0.820,0.818,0.816,0.814,0.812,0.810,0.809,0.807,0.807,0.806,0.805,0.805,0.805,0.805,0.805,0.806,0.805,0.806,0.805,0.805,0.805,0.805,0.805,0.805,0.805,0.805,0.805,0.806,0.805,0.805,0.805,0.806,0.806,0.806,0.805,0.805,0.805,0.805,0.805,0.805,0.806,0.807,0.808,0.809,0.810,0.812,0.813,0.814,0.816,0.817,0.819,0.820,0.821,0.822,0.823,0.824,0.827,0.833,0.838,0.842,0.846,0.850,0.854,0.858,0.863,0.868,0.873,0.882,0.888,0.896,0.905,0.909,0.912,0.914,0.914,0.912,0.911,0.911,0.911,0.911,0.911,0.911,0.912,0.913,0.914,0.915,0.919,0.924,0.929,0.934,0.942,0.953,0.963,0.980,0.984,3.000,3.000,3.000,1.807,1.806,1.825,1.832,1.832,1.826,1.829,1.812,3.000,3.000,3.000,3.000,3.000,3.000,1.731,1.731,1.753,1.767,1.783,1.790,1.791,1.798,1.805,1.817,1.819,1.824,1.825,1.827,1.827,1.824,1.826,1.828,1.828,1.829,1.828,1.824,1.824,1.823,1.826,1.827,1.840,1.845,1.853,1.856,1.861,1.864,1.868,1.872,1.883,1.895,1.899,1.899,1.876,1.876,3.000,3.000,3.000,3.000,3.000,3.000,3.000,3.000,3.000,3.000,2.365,2.354,2.374,2.384,2.398,2.414,2.428,2.433,2.439,2.439,2.452,2.469,2.476,2.479,2.483,2.483,3.000,3.000,3.000,3.000,3.000,3.000,3.000,3.000,3.000,3.000,3.000,3.000,3.000,3.000,3.000,3.000,3.000,3.000,3.000,3.000,3.000,3.000,3.000,3.000,3.000,3.000
3.000,3.000,3.000,3.000,3.000,3.000,3.000,3.000,3.000,3.000,3.000,3.000,3.000,3.000,2.242,2.242,2.233,2.224,2.220,2.215,2.209,2.204,2.201,2.198,2.193,2.183,2.179,2.172,2.166,2.161,2.158,2.154,2.148,2.140,2.136,2.134,2.130,2.126,2.122,2.117,2.109,2.101,2.096,2.092,2.087,2.081,2.074,2.070,2.066,2.062,2.055,2.049,2.045,2.041,2.037,2.033,2.029,2.025,2.021,2.018,2.013,2.010,2.005,2.002,1.996,1.991,1.984,1.979,1.973,1.966,1.954,1.950,1.944,1.940,1.936,1.933,1.929,1.921,1.914,1.909,1.905,1.904,1.899,1.893,1.888,1.884,1.879,1.871,1.866,1.861,1.854,1.847,1.841,1.833,1.825,1.816,1.803,1.785,1.770,1.771,3.000,3.000,3.000,0.922,0.919,0.900,0.887,0.877,0.868,0.860,0.853,0.847,0.841,0.834,0.828,0.824,0.820,0.817,0.815,0.813,0.811,0.809,0.808,0.807,0.806,0.805,0.805,0.805,0.804,0.805,0.805,0.805,0.805,0.805,0.805,0.805,0.804,0.804,0.804,0.804,0.804,0.805,0.805,0.805,0.804,0.804,0.804,0.804,0.804,0.804,0.803,0.803,0.803,0.803,0.803,0.804,0.804,0.806,0.807,0.808,0.809,0.811,0.812,0.813,0.815,0.816,0.817,0.819,0.819,0.820,0.821,0.822,0.825,0.831,0.835,0.839,0.842,0.846,0.850,0.854,0.858,0.862,0.867,0.874,0.880,0.889,0.895,0.900,0.904,0.906,0.905,0.905,0.905,0.905,0.905,0.905,0.905,0.905,0.904,0.904,0.905,0.905,0.907,0.911,0.915,0.922,0.931,0.942,0.956,0.974,0.980,3.000,3.000,3.000,1.806,1.802,1.820,1.826,1.824,1.816,1.826,3.000,3.000,3.000,3.000,3.000,3.000,3.000,1.731,1.708,1.730,1.745,1.755,1.761,1.765,1.771,1.781,1.789,1.792,1.796,1.799,1.802,1.803,1.804,1.805,1.808,1.809,1.810,1.809,1.804,1.801,1.802,1.808,1.809,1.817,1.827,1.834,1.833,1.841,1.842,1.846,1.843,1.858,1.870,1.871,1.875,1.876,1.876,1.858,1.859,1.863,1.865,1.865,1.865,1.835,3.000,3.000,3.000,2.354,2.374,2.360,2.374,2.391,2.410,2.425,2.431,2.433,2.432,2.446,2.466,2.473,2.477,2.479,3.000,3.000,3.000,3.000,3.000,3.000,3.000,3.000,3.000,3.000,3.000,3.000,3.000,3.000,3.000,3.000,3.000,3.000,3.000,3.000,3.000,3.000,3.000,3.000,3.000,3.000,3.000
3.000,3.000,3.000,3.000,3.000,3.000,3.000,3.000,3.000,3.000,3.000,3.000,3.000,3.000,3.000,2.233,2.230,2.221,2.217,2.212,2.208,2.204,2.201,2.198,2.194,2.186,2.183,2.175,2.169,2.163,2.161,2.156,2.151,2.144,2.139,2.137,2.134,2.131,2.127,2.123,2.116,2.108,2.103,2.098,2.092,2.085,2.078,2.074,2.069,2.065,2.058,2.051,2.048,2.044,2.040,2.035,2.031,2.027,2.024,2.021,2.017,2.013,2.008,2.005,1.999,1.994,1.987,1.983,1.977,1.969,1.957,1.953,1.947,1.943,1.939,1.936,1.931,1.923,1.916,1.912,1.908,1.907,1.902,1.895,1.890,1.886,1.880,1.871,1.866,1.861,1.854,1.846,1.839,1.831,1.823,1.814,1.801,1.783,1.767,1.770,3.000,3.000,3.000,0.925,0.922,0.903,0.888,0.878,0.868,0.860,0.854,0.847,0.841,0.834,0.827,0.823,0.819,0.817,0.814,0.812,0.810,0.808,0.807,0.806,0.805,0.805,0.804,0.804,0.804,0.804,0.804,0.804,0.804,0.804,0.804,0.804,0.804,0.803,0.803,0.803,0.803,0.803,0.803,0.803,0.802,0.802,0.801,0.802,0.801,0.801,0.801,0.801,0.801,0.802,0.802,0.802,0.803,0.805,0.806,0.807,0.808,0.809,0.810,0.812,0.813,0.815,0.816,0.817,0.817,0.818,0.819,0.820,0.822,0.828,0.831,0.834,0.837,0.841,0.844,0.849,0.852,0.856,0.860,0.865,0.871,0.879,0.886,0.890,0.894,0.897,0.898,0.898,0.898,0.898,0.898,0.898,0.898,0.897,0.897,0.896,0.896,0.897,0.899,0.903,0.907,0.912,0.921,0.932,0.946,0.967,0.974,3.000,3.000,3.000,1.802,1.798,1.816,1.821,1.819,1.809,1.816,3.000,3.000,3.000,3.000,3.000,3.000,3.000,1.708,1.687,1.705,1.717,1.723,1.729,1.735,1.744,1.755,1.761,1.769,1.773,1.778,1.782,1.783,1.779,1.777,1.778,1.785,1.785,1.786,1.782,1.780,1.783,1.785,1.789,1.795,1.798,1.800,1.800,1.816,1.814,1.817,1.818,1.822,1.837,1.842,1.838,1.848,1.845,1.858,1.855,1.859,1.863,1.865,1.835,1.835,1.829,3.000,3.000,3.000,2.360,2.349,2.366,2.385,2.408,2.421,2.427,2.421,2.425,2.439,2.464,2.472,2.476,2.477,3.000,3.000,3.000,3.000,3.000,3.000,3.000,3.000,3.000,3.000,3.000,3.000,3.000,3.000,3.000,3.000,3.000,3.000,3.000,3.000,3.000,3.000,3.000,3.000,3.000,3.000,3.000
3.000,3.000,3.000,3.000,3.000,3.000,3.000,3.000,3.000,3.000,3.000,3.000,3.000,3.000,3.000,2.230,2.230,2.217,2.213,2.210,2.206,2.203,2.200,2.198,2.194,2.187,2.185,2.180,2.175,2.166,2.162,2.157,2.152,2.144,2.140,2.137,2.135,2.132,2.129,2.125,2.119,2.111,2.107,2.102,2.095,2.089,2.082,2.076,2.071,2.066,2.059,2.053,2.050,2.046,2.042,2.038,2.034,2.029,2.026,2.023,2.020,2.016,2.011,2.007,2.001,1.996,1.989,1.985,1.979,1.970,1.959,1.955,1.949,1.946,1.943,1.939,1.934,1.925,1.918,1.914,1.911,1.908,1.902,1.895,1.889,1.886,1.880,1.870,1.864,1.858,1.852,1.844,1.836,1.826,1.818,1.808,1.795,1.779,1.764,1.767,3.000,3.000,3.000,0.928,0.925,0.904,0.889,0.879,0.869,0.861,0.854,0.847,0.840,0.832,0.826,0.822,0.818,0.816,0.813,0.811,0.809,0.808,0.806,0.805,0.804,0.804,0.803,0.803,0.802,0.803,0.803,0.803,0.803,0.803,0.803,0.803,0.803,0.802,0.802,0.802,0.801,0.801,0.800,0.800,0.799,0.799,0.799,0.799,0.799,0.799,0.798,0.799,0.799,0.800,0.800,0.801,0.802,0.803,0.804,0.805,0.806,0.808,0.809,0.810,0.811,0.813,0.813,0.815,0.815,0.816,0.817,0.818,0.820,0.823,0.828,0.831,0.833,0.836,0.840,0.844,0.848,0.851,0.854,0.859,0.863,0.872,0.878,0.883,0.887,0.890,0.891,0.891,0.891,0.890,0.890,0.889,0.889,0.889,0.887,0.887,0.888,0.889,0.892,0.896,0.900,0.905,0.913,0.925,0.939,0.960,0.967,3.000,3.000,3.000,1.798,1.792,1.811,1.816,1.814,1.819,1.809,3.000,3.000,3.000,3.000,3.000,1.595,1.631,1.687,1.672,1.682,1.698,1.705,1.711,1.716,1.723,1.732,1.736,1.746,1.747,1.750,1.762,1.758,1.754,1.755,1.757,1.766,1.764,1.765,1.759,1.756,1.760,1.763,1.772,1.776,1.778,1.780,1.781,1.793,1.795,1.796,1.799,1.802,1.809,1.819,1.813,1.820,1.822,1.833,1.832,1.837,1.839,1.832,1.820,1.829,1.829,3.000,3.000,3.000,2.349,2.366,2.353,2.373,2.396,2.410,2.406,2.390,2.401,2.464,2.472,2.476,2.476,2.476,3.000,3.000,3.000,3.000,3.000,3.000,3.000,3.000,3.000,3.000,3.000,3.000,3.000,3.000,3.000,3.000,3.000,3.000,3.000,3.000,3.000,3.000,3.000,3.000,3.000,3.000,3.000
3.000,3.000,3.000,3.000,3.000,3.000,3.000,3.000,3.000,3.000,3.000,3.000,3.000,3.000,3.000,3.000,2.217,2.215,2.211,2.210,2.206,2.203,2.200,2.199,2.194,2.189,2.187,2.183,2.178,2.168,2.165,2.160,2.155,2.148,2.143,2.140,2.137,2.134,2.132,2.128,2.121,2.114,2.110,2.104,2.097,2.091,2.085,2.079,2.073,2.069,2.062,2.056,2.052,2.049,2.045,2.041,2.037,2.032,2.028,2.025,2.022,2.018,2.014,2.010,2.003,1.998,1.991,1.987,1.981,1.972,1.961,1.957,1.952,1.949,1.945,1.942,1.936,1.928,1.920,1.917,1.913,1.909,1.902,1.895,1.890,1.885,1.878,1.868,1.860,1.855,1.847,1.840,1.829,1.817,1.810,1.802,1.788,1.773,1.758,1.764,3.000,3.000,3.000,0.931,0.928,0.905,0.891,0.880,0.870,0.862,0.854,0.846,0.840,0.832,0.825,0.821,0.818,0.815,0.813,0.810,0.808,0.807,0.806,0.804,0.803,0.802,0.802,0.802,0.801,0.801,0.801,0.802,0.801,0.802,0.801,0.801,0.801,0.800,0.800,0.799,0.798,0.798,0.797,0.797,0.796,0.796,0.796,0.796,0.796,0.796,0.796,0.796,0.797,0.797,0.798,0.798,0.799,0.801,0.802,0.803,0.803,0.805,0.806,0.808,0.809,0.810,0.811,0.812,0.813,0.813,0.814,0.815,0.816,0.820,0.824,0.827,0.829,0.832,0.835,0.839,0.842,0.846,0.849,0.853,0.857,0.862,0.870,0.876,0.880,0.883,0.884,0.884,0.884,0.884,0.882,0.882,0.881,0.880,0.880,0.880,0.880,0.882,0.885,0.889,0.893,0.897,0.904,0.913,0.929,0.943,0.960,3.000,3.000,3.000,1.792,1.811,1.799,1.806,1.801,1.814,3.000,3.000,3.000,3.000,3.000,3.000,1.595,1.595,1.631,1.650,1.661,1.670,1.677,1.689,1.694,1.699,1.703,1.708,1.718,1.721,1.724,1.727,1.730,1.731,1.734,1.738,1.742,1.741,1.741,1.742,1.740,1.744,1.745,1.753,1.755,1.757,1.758,1.757,1.764,1.767,1.774,1.777,1.780,1.788,1.789,1.791,1.792,1.798,1.803,1.804,1.814,1.808,1.810,1.803,1.811,1.829,1.792,3.000,3.000,3.000,2.353,2.373,2.358,2.379,2.392,2.369,2.366,2.374,2.401,3.000,3.000,3.000,3.000,3.000,3.000,3.000,3.000,3.000,3.000,3.000,3.000,3.000,3.000,3.000,3.000,3.000,3.000,3.000,3.000,3.000,3.000,3.000,3.000,3.000,3.000,3.000,3.000,3.000,3.000,3.000
3.000,3.000,3.000,3.000,3.000,3.000,3.000,3.000,3.000,3.000,3.000,3.000,3.000,3.000,3.000,3.000,2.215,2.215,2.211,2.211,2.207,2.205,2.199,2.200,2.195,2.192,2.190,2.186,2.182,2.173,2.171,2.164,2.161,2.152,2.148,2.144,2.141,2.138,2.134,2.130,2.123,2.116,2.112,2.106,2.098,2.093,2.088,2.082,2.076,2.071,2.065,2.060,2.058,2.055,2.049,2.045,2.041,2.035,2.031,2.028,2.025,2.021,2.016,2.014,2.007,2.002,1.994,1.990,1.984,1.977,1.965,1.961,1.954,1.951,1.948,1.944,1.937,1.930,1.923,1.919,1.915,1.910,1.903,1.895,1.888,1.882,1.875,1.864,1.856,1.850,1.841,1.834,1.821,1.808,1.801,1.794,1.780,1.765,1.748,1.758,3.000,3.000,3.000,0.932,0.931,0.907,0.892,0.882,0.871,0.863,0.855,0.846,0.839,0.831,0.825,0.821,0.817,0.815,0.813,0.810,0.808,0.807,0.805,0.804,0.803,0.802,0.801,0.800,0.800,0.800,0.800,0.800,0.800,0.800,0.800,0.800,0.799,0.799,0.798,0.797,0.796,0.796,0.795,0.795,0.794,0.794,0.795,0.795,0.794,0.794,0.794,0.795,0.795,0.796,0.796,0.796,0.797,0.798,0.799,0.800,0.801,0.802,0.803,0.804,0.806,0.807,0.808,0.809,0.810,0.811,0.811,0.812,0.814,0.818,0.821,0.824,0.826,0.829,0.832,0.835,0.838,0.841,0.844,0.848,0.852,0.857,0.863,0.869,0.874,0.877,0.878,0.879,0.878,0.877,0.875,0.875,0.874,0.873,0.873,0.873,0.873,0.875,0.877,0.880,0.883,0.887,0.893,0.900,0.911,0.925,0.943,0.930,3.000,3.000,3.000,1.799,1.782,1.789,1.784,1.801,3.000,3.000,3.000,3.000,1.518,1.564,1.595,1.593,1.620,1.633,1.647,1.656,1.662,1.668,1.673,1.681,1.687,1.691,1.701,1.704,1.707,1.704,1.709,1.711,1.716,1.717,1.722,1.719,1.720,1.726,1.725,1.728,1.728,1.734,1.736,1.738,1.738,1.734,1.737,1.748,1.752,1.754,1.755,1.767,1.768,1.770,1.768,1.775,1.778,1.779,1.784,1.786,1.789,1.783,1.784,1.792,1.792,1.776,3.000,3.000,3.000,2.358,2.346,2.366,2.381,2.365,2.361,2.369,2.374,2.372,3.000,3.000,3.000,3.000,3.000,3.000,3.000,3.000,3.000,3.000,3.000,3.000,3.000,3.000,3.000,3.000,3.000,3.000,3.000,3.000,3.000,3.000,3.000,3.000,3.000,3.000,3.000,3.000,3.000,3.000
3.000,3.000,3.000,3.000,3.000,3.000,3.000,3.000,3.000,3.000,3.000,3.000,3.000,3.000,3.000,3.000,3.000,2.214,2.214,2.214,2.210,2.207,2.200,2.202,2.198,2.197,2.194,2.191,2.187,2.178,2.175,2.169,2.165,2.157,2.153,2.149,2.146,2.142,2.138,2.133,2.128,2.120,2.115,2.108,2.101,2.095,2.091,2.084,2.078,2.073,2.067,2.063,2.060,2.057,2.052,2.048,2.044,2.039,2.034,2.030,2.027,2.024,2.018,2.016,2.009,2.005,1.997,1.992,1.986,1.981,1.968,1.964,1.956,1.953,1.950,1.945,1.938,1.931,1.924,1.919,1.914,1.908,1.900,1.891,1.883,1.877,1.868,1.856,1.844,1.836,1.828,1.820,1.796,1.787,1.778,1.775,1.754,1.744,1.730,1.748,3.000,3.000,3.000,0.932,0.932,0.909,0.893,0.882,0.871,0.863,0.855,0.846,0.839,0.831,0.824,0.821,0.817,0.815,0.812,0.810,0.808,0.806,0.804,0.803,0.802,0.800,0.799,0.799,0.799,0.798,0.798,0.798,0.798,0.798,0.798,0.797,0.797,0.797,0.796,0.795,0.794,0.794,0.794,0.793,0.793,0.793,0.793,0.793,0.793,0.793,0.793,0.793,0.794,0.794,0.794,0.794,0.795,0.796,0.797,0.798,0.799,0.800,0.801,0.802,0.803,0.804,0.805,0.806,0.807,0.808,0.809,0.810,0.811,0.815,0.818,0.821,0.822,0.825,0.827,0.831,0.834,0.837,0.840,0.843,0.847,0.851,0.856,0.863,0.867,0.871,0.872,0.873,0.872,0.871,0.870,0.870,0.869,0.869,0.868,0.868,0.869,0.870,0.872,0.875,0.878,0.881,0.886,0.892,0.902,0.913,0.930,0.930,3.000,3.000,3.000,1.782,1.789,1.766,1.755,1.784,3.000,3.000,3.000,3.000,1.518,1.518,1.564,1.585,1.607,1.617,1.628,1.638,1.645,1.653,1.658,1.664,1.669,1.674,1.678,1.681,1.683,1.684,1.686,1.686,1.692,1.694,1.695,1.695,1.697,1.704,1.708,1.709,1.709,1.712,1.709,1.711,1.711,1.713,1.715,1.718,1.729,1.731,1.730,1.729,1.733,1.737,1.739,1.742,1.746,1.752,1.756,1.758,1.765,1.749,1.754,1.762,1.776,1.776,1.767,3.000,3.000,2.346,2.366,2.360,2.381,2.381,2.369,2.372,2.372,2.372,3.000,3.000,3.000,3.000,3.000,3.000,3.000,3.000,3.000,3.000,3.000,3.000,3.000,3.000,3.000,3.000,3.000,3.000,3.000,3.000,3.000,3.000,3.000,3.000,3.000,3.000,3.000,3.000,3.000,3.000
3.000,3.000,3.000,3.000,3.000,3.000,3.000,3.000,3.000,3.000,3.000,3.000,3.000,3.000,3.000,3.000,3.000,2.214,2.223,2.218,2.214,2.211,2.204,2.205,2.204,2.202,2.200,2.195,2.191,2.184,2.179,2.172,2.168,2.160,2.156,2.152,2.149,2.145,2.141,2.137,2.131,2.125,2.120,2.114,2.106,2.100,2.097,2.088,2.081,2.076,2.070,2.066,2.062,2.059,2.054,2.051,2.047,2.041,2.036,2.033,2.029,2.026,2.020,2.019,2.011,2.007,1.999,1.995,1.990,1.985,1.975,1.970,1.960,1.957,1.953,1.948,1.941,1.932,1.924,1.919,1.913,1.905,1.895,1.885,1.875,1.868,1.857,1.842,1.829,1.819,1.804,1.828,1.820,1.766,1.756,1.749,1.730,1.721,1.744,1.730,3.000,3.000,3.000,0.932,0.932,0.911,0.894,0.882,0.872,0.863,0.855,0.846,0.837,0.830,0.824,0.820,0.817,0.814,0.812,0.810,0.807,0.805,0.804,0.803,0.801,0.800,0.799,0.798,0.797,0.797,0.797,0.797,0.796,0.796,0.796,0.796,0.796,0.795,0.794,0.794,0.793,0.793,0.792,0.792,0.792,0.792,0.792,0.792,0.792,0.792,0.792,0.793,0.793,0.793,0.793,0.794,0.794,0.795,0.796,0.797,0.798,0.799,0.799,0.801,0.802,0.803,0.804,0.805,0.806,0.807,0.808,0.808,0.810,0.813,0.816,0.818,0.820,0.822,0.825,0.828,0.831,0.834,0.837,0.840,0.844,0.848,0.852,0.858,0.863,0.866,0.868,0.868,0.868,0.867,0.867,0.866,0.866,0.865,0.865,0.865,0.866,0.867,0.869,0.872,0.875,0.878,0.883,0.889,0.898,0.907,0.922,0.932,0.932,3.000,3.000,3.000,1.766,1.766,1.766,1.755,3.000,3.000,3.000,3.000,1.518,1.517,1.550,1.574,1.592,1.601,1.611,1.619,1.629,1.635,1.640,1.648,1.651,1.656,1.660,1.663,1.657,1.664,1.665,1.665,1.667,1.670,1.675,1.674,1.675,1.683,1.684,1.687,1.682,1.689,1.691,1.693,1.695,1.696,1.698,1.701,1.708,1.710,1.710,1.709,1.713,1.714,1.715,1.717,1.715,1.719,1.724,1.726,1.729,1.723,1.733,1.741,1.754,1.767,1.767,3.000,3.000,3.000,2.360,2.360,2.360,3.000,3.000,2.372,2.372,2.372,2.351,3.000,3.000,3.000,3.000,3.000,3.000,3.000,3.000,3.000,3.000,3.000,3.000,3.000,3.000,3.000,3.000,3.000,3.000,3.000,3.000,3.000,3.000,3.000,3.000,3.000,3.000,3.000,3.000,3.000
3.000,3.000,3.000,3.000,3.000,3.000,3.000,3.000,3.000,3.000,3.000,3.000,3.000,3.000,3.000,3.000,3.000,3.000,2.223,2.223,2.220,2.216,2.209,2.209,2.209,2.208,2.206,2.202,2.198,2.191,2.186,2.176,2.171,2.163,2.159,2.155,2.152,2.148,2.145,2.140,2.135,2.128,2.123,2.119,2.112,2.106,2.101,2.092,2.085,2.079,2.073,2.069,2.065,2.063,2.058,2.054,2.049,2.043,2.038,2.034,2.030,2.028,2.022,2.021,2.014,2.010,2.003,2.001,1.994,1.990,1.980,1.975,1.964,1.960,1.955,1.950,1.942,1.931,1.923,1.916,1.908,1.897,1.887,1.875,1.861,1.852,1.868,1.857,1.842,1.829,1.819,1.804,1.766,1.766,1.766,1.756,1.749,1.730,1.721,3.000,3.000,3.000,3.000,0.932,0.931,0.911,0.895,0.883,0.872,0.863,0.855,0.845,0.836,0.830,0.824,0.820,0.816,0.814,0.812,0.809,0.807,0.805,0.803,0.802,0.801,0.799,0.798,0.797,0.797,0.796,0.796,0.796,0.795,0.795,0.795,0.795,0.794,0.794,0.793,0.793,0.792,0.792,0.791,0.791,0.791,0.791,0.791,0.791,0.791,0.791,0.791,0.792,0.792,0.793,0.793,0.793,0.794,0.794,0.795,0.796,0.797,0.798,0.798,0.799,0.800,0.801,0.802,0.803,0.804,0.805,0.806,0.807,0.808,0.810,0.813,0.815,0.818,0.820,0.822,0.825,0.829,0.832,0.835,0.838,0.841,0.845,0.849,0.854,0.858,0.862,0.863,0.864,0.864,0.863,0.863,0.863,0.862,0.862,0.862,0.862,0.863,0.865,0.867,0.870,0.873,0.876,0.881,0.886,0.894,0.903,0.916,0.932,0.932,3.000,3.000,3.000,3.000,3.000,3.000,3.000,3.000,3.000,3.000,3.000,1.517,1.510,1.538,1.553,1.568,1.577,1.585,1.594,1.605,1.612,1.617,1.625,1.627,1.630,1.633,1.635,1.634,1.636,1.637,1.639,1.641,1.643,1.650,1.652,1.654,1.656,1.660,1.662,1.663,1.664,1.672,1.676,1.678,1.677,1.681,1.684,1.686,1.687,1.678,1.681,1.688,1.689,1.690,1.685,1.687,1.689,1.700,1.700,1.704,1.698,1.709,1.717,1.728,1.741,1.767,3.000,3.000,3.000,3.000,3.000,3.000,3.000,3.000,3.000,2.351,2.351,2.351,3.000,3.000,3.000,3.000,3.000,3.000,3.000,3.000,3.000,3.000,3.000,3.000,3.000,3.000,3.000,3.000,3.000,3.000,3.000,3.000,3.000,3.000,3.000,3.000,3.000,3.000,3.000,3.000,3.000
3.000,3.000,3.000,3.000,3.000,3.000,3.000,3.000,3.000,3.000,3.000,3.000,3.000,3.000,3.000,3.000,3.000,3.000,2.223,2.238,2.229,2.223,2.216,2.214,2.214,2.214,2.210,2.207,2.202,2.197,2.190,2.181,2.174,2.169,2.164,2.160,2.156,2.151,2.148,2.143,2.136,2.129,2.124,2.120,2.114,2.109,2.104,2.095,2.088,2.082,2.076,2.071,2.068,2.066,2.061,2.056,2.050,2.044,2.039,2.035,2.031,2.029,2.024,2.023,2.016,2.014,2.008,2.004,1.999,1.994,1.983,1.978,1.969,1.963,1.957,1.950,1.941,1.930,1.920,1.910,1.901,1.887,1.873,1.855,1.875,1.861,1.852,3.000,3.000,3.000,3.000,3.000,3.000,3.000,3.000,3.000,3.000,3.000,3.000,3.000,3.000,3.000,3.000,0.931,0.931,0.912,0.896,0.884,0.873,0.864,0.855,0.844,0.836,0.830,0.824,0.820,0.816,0.814,0.812,0.809,0.807,0.806,0.804,0.802,0.801,0.800,0.799,0.798,0.797,0.796,0.796,0.795,0.795,0.795,0.794,0.794,0.794,0.793,0.793,0.792,0.791,0.791,0.791,0.791,0.790,0.790,0.790,0.791,0.791,0.791,0.791,0.791,0.791,0.792,0.792,0.793,0.793,0.794,0.794,0.795,0.796,0.797,0.798,0.799,0.799,0.800,0.801,0.802,0.803,0.804,0.805,0.805,0.806,0.808,0.811,0.813,0.815,0.818,0.820,0.823,0.827,0.829,0.832,0.835,0.839,0.842,0.845,0.850,0.854,0.857,0.859,0.859,0.859,0.859,0.859,0.859,0.859,0.859,0.859,0.859,0.860,0.862,0.865,0.867,0.871,0.874,0.879,0.884,0.892,0.901,0.914,0.930,0.932,3.000,3.000,3.000,3.000,3.000,3.000,3.000,3.000,3.000,3.000,3.000,1.510,1.497,1.520,1.538,1.551,1.559,1.569,1.578,1.585,1.595,1.599,1.605,1.603,1.606,1.609,1.611,1.613,1.616,1.618,1.620,1.624,1.627,1.630,1.634,1.635,1.638,1.643,1.646,1.646,1.648,1.651,1.660,1.662,1.659,1.663,1.667,1.669,1.661,1.661,1.663,1.672,1.673,1.673,1.670,1.672,1.672,1.683,1.680,1.684,1.684,1.690,1.701,1.713,1.726,1.741,3.000,3.000,3.000,3.000,3.000,3.000,3.000,3.000,3.000,2.351,2.351,2.351,3.000,3.000,3.000,3.000,3.000,3.000,3.000,3.000,3.000,3.000,3.000,3.000,3.000,3.000,3.000,3.000,3.000,3.000,3.000,3.000,3.000,3.000,3.000,3.000,3.000,3.000,3.000,3.000,3.000
3.000,3.000,3.000,3.000,3.000,3.000,3.000,3.000,3.000,3.000,3.000,3.000,3.000,3.000,3.000,3.000,3.000,3.000,3.000,2.238,2.238,2.234,2.224,2.218,2.217,2.217,2.213,2.210,2.204,2.199,2.191,2.184,2.176,2.171,2.166,2.162,2.158,2.154,2.150,2.145,2.137,2.130,2.126,2.122,2.116,2.111,2.107,2.101,2.093,2.086,2.079,2.074,2.072,2.068,2.063,2.057,2.052,2.046,2.041,2.037,2.033,2.031,2.027,2.027,2.023,2.017,2.011,2.008,2.002,1.997,1.986,1.980,1.972,1.964,1.957,1.950,1.939,1.927,1.915,1.904,1.889,1.874,1.853,1.873,1.855,3.000,3.000,3.000,3.000,3.000,3.000,3.000,3.000,3.000,3.000,3.000,3.000,1.099,1.099,1.099,1.084,1.059,1.041,0.954,0.931,0.912,0.896,0.885,0.874,0.864,0.855,0.844,0.836,0.830,0.824,0.820,0.817,0.814,0.812,0.810,0.808,0.806,0.805,0.803,0.802,0.801,0.800,0.799,0.798,0.797,0.796,0.796,0.795,0.795,0.794,0.794,0.794,0.793,0.792,0.792,0.791,0.791,0.791,0.790,0.790,0.790,0.790,0.790,0.790,0.790,0.790,0.791,0.791,0.791,0.792,0.793,0.793,0.793,0.794,0.795,0.795,0.796,0.797,0.798,0.799,0.800,0.800,0.801,0.802,0.803,0.803,0.804,0.805,0.807,0.809,0.811,0.814,0.816,0.818,0.822,0.825,0.828,0.830,0.833,0.837,0.840,0.843,0.847,0.850,0.853,0.855,0.855,0.855,0.854,0.854,0.854,0.854,0.854,0.854,0.855,0.856,0.859,0.861,0.865,0.868,0.872,0.877,0.882,0.890,0.899,0.912,0.929,0.930,3.000,3.000,3.000,3.000,3.000,3.000,3.000,1.255,1.255,1.255,3.000,1.497,1.484,1.506,1.520,1.531,1.540,1.553,1.563,1.569,1.575,1.578,1.582,1.583,1.587,1.589,1.592,1.594,1.596,1.598,1.603,1.605,1.610,1.613,1.615,1.613,1.615,1.619,1.623,1.627,1.628,1.631,1.636,1.638,1.640,1.640,1.644,1.638,1.638,1.639,1.645,1.649,1.649,1.650,1.651,1.655,1.656,1.663,1.665,1.671,1.673,1.679,1.691,1.702,1.716,1.726,3.000,3.000,3.000,3.000,3.000,3.000,3.000,3.000,3.000,3.000,3.000,3.000,3.000,3.000,3.000,3.000,3.000,3.000,3.000,3.000,3.000,3.000,3.000,3.000,3.000,3.000,3.000,3.000,3.000,3.000,3.000,3.000,3.000,3.000,3.000,3.000,3.000,3.000,3.000,3.000,3.000
3.000,3.000,3.000,3.000,3.000,3.000,3.000,3.000,3.000,3.000,3.000,3.000,3.000,3.000,3.000,3.000,3.000,3.000,3.000,2.238,2.238,2.238,2.217,2.214,2.214,2.214,2.208,2.208,2.204,2.197,2.190,2.182,2.176,2.171,2.167,2.163,2.158,2.155,2.150,2.144,2.136,2.130,2.126,2.122,2.118,2.113,2.110,2.104,2.098,2.091,2.083,2.077,2.074,2.070,2.065,2.058,2.053,2.049,2.043,2.039,2.035,2.034,2.031,2.030,2.027,2.022,2.015,2.011,2.005,2.000,1.989,1.983,1.974,1.967,1.959,1.950,1.940,1.925,1.910,1.897,1.879,1.889,1.874,1.853,3.000,3.000,3.000,3.000,3.000,3.000,3.000,3.000,3.000,3.000,1.129,1.129,1.129,1.117,1.099,1.084,1.059,1.041,1.041,0.954,0.933,0.913,0.898,0.886,0.875,0.865,0.856,0.844,0.836,0.831,0.825,0.821,0.818,0.815,0.813,0.811,0.809,0.807,0.805,0.804,0.803,0.801,0.800,0.799,0.798,0.798,0.797,0.796,0.796,0.795,0.794,0.794,0.794,0.793,0.792,0.792,0.791,0.791,0.791,0.791,0.790,0.790,0.790,0.790,0.790,0.790,0.790,0.790,0.791,0.791,0.792,0.792,0.793,0.793,0.794,0.794,0.795,0.796,0.797,0.798,0.799,0.800,0.800,0.801,0.802,0.803,0.803,0.803,0.804,0.806,0.809,0.810,0.813,0.816,0.818,0.821,0.824,0.827,0.829,0.832,0.835,0.838,0.841,0.844,0.846,0.849,0.850,0.851,0.850,0.850,0.849,0.849,0.849,0.849,0.849,0.851,0.852,0.854,0.857,0.861,0.865,0.869,0.875,0.880,0.888,0.897,0.910,0.929,0.929,3.000,3.000,3.000,3.000,3.000,1.224,1.225,1.255,1.255,1.255,3.000,1.484,1.468,1.490,1.504,1.515,1.525,1.533,1.549,1.556,1.561,1.564,1.568,1.568,1.571,1.573,1.578,1.580,1.583,1.584,1.587,1.591,1.594,1.597,1.600,1.596,1.597,1.602,1.607,1.610,1.611,1.616,1.618,1.623,1.624,1.622,1.623,1.623,1.620,1.625,1.631,1.635,1.636,1.637,1.639,1.643,1.645,1.652,1.654,1.662,1.666,1.672,1.681,1.695,1.716,1.716,3.000,3.000,3.000,3.000,3.000,3.000,3.000,3.000,3.000,3.000,3.000,3.000,3.000,3.000,3.000,3.000,3.000,3.000,3.000,3.000,3.000,3.000,3.000,3.000,3.000,3.000,3.000,3.000,3.000,3.000,3.000,3.000,3.000,3.000,3.000,3.000,3.000,3.000,3.000,3.000,3.000
3.000,3.000,3.000,3.000,3.000,3.000,3.000,3.000,3.000,3.000,3.000,3.000,3.000,3.000,3.000,3.000,3.000,3.000,3.000,3.000,3.000,2.217,2.213,2.211,2.212,2.210,2.205,2.204,2.201,2.195,2.190,2.182,2.177,2.172,2.168,2.164,2.159,2.156,2.151,2.146,2.137,2.132,2.129,2.126,2.121,2.116,2.113,2.109,2.103,2.096,2.089,2.082,2.078,2.074,2.068,2.062,2.057,2.053,2.047,2.043,2.040,2.038,2.036,2.034,2.030,2.025,2.018,2.013,2.008,2.001,1.990,1.983,1.974,1.965,1.955,1.946,1.934,1.917,1.897,1.881,1.897,1.879,3.000,3.000,3.000,3.000,3.000,3.000,3.000,3.000,3.000,3.000,1.113,1.117,1.129,1.129,1.117,1.102,1.080,1.069,1.050,1.034,1.041,0.954,0.933,0.915,0.900,0.887,0.877,0.866,0.856,0.845,0.837,0.832,0.826,0.823,0.819,0.816,0.814,0.812,0.810,0.808,0.807,0.805,0.804,0.802,0.801,0.800,0.799,0.798,0.798,0.797,0.796,0.795,0.795,0.794,0.794,0.794,0.793,0.792,0.791,0.791,0.791,0.791,0.791,0.790,0.790,0.790,0.790,0.790,0.790,0.790,0.791,0.791,0.792,0.792,0.792,0.793,0.794,0.794,0.795,0.796,0.797,0.798,0.799,0.800,0.800,0.801,0.801,0.802,0.803,0.803,0.804,0.806,0.808,0.810,0.813,0.815,0.817,0.821,0.824,0.826,0.828,0.831,0.833,0.836,0.839,0.841,0.843,0.844,0.845,0.845,0.845,0.844,0.844,0.844,0.843,0.842,0.843,0.844,0.846,0.848,0.851,0.856,0.860,0.865,0.871,0.876,0.884,0.893,0.907,0.928,0.929,3.000,3.000,3.000,1.173,1.186,1.224,1.224,1.225,1.235,1.255,3.000,1.468,1.450,1.468,1.484,1.496,1.507,1.514,1.525,1.532,1.538,1.539,1.541,1.545,1.551,1.553,1.556,1.560,1.565,1.567,1.569,1.574,1.578,1.576,1.578,1.579,1.580,1.582,1.583,1.589,1.590,1.593,1.594,1.600,1.597,1.599,1.601,1.602,1.604,1.607,1.614,1.619,1.622,1.626,1.629,1.634,1.637,1.644,1.648,1.658,1.663,1.671,1.695,1.695,1.695,3.000,3.000,3.000,3.000,3.000,3.000,3.000,3.000,3.000,3.000,3.000,3.000,3.000,3.000,3.000,3.000,3.000,3.000,3.000,3.000,3.000,3.000,3.000,3.000,3.000,3.000,3.000,3.000,3.000,3.000,3.000,3.000,3.000,3.000,3.000,3.000,3.000,3.000,3.000,3.000,3.000,3.000
3.000,3.000,3.000,3.000,3.000,3.000,3.000,3.000,3.000,3.000,3.000,3.000,3.000,3.000,3.000,3.000,3.000,3.000,3.000,3.000,3.000,2.213,2.213,2.213,2.217,2.215,2.206,2.203,2.200,2.194,2.190,2.184,2.181,2.175,2.170,2.166,2.161,2.157,2.153,2.147,2.142,2.135,2.133,2.130,2.125,2.120,2.116,2.112,2.106,2.099,2.094,2.086,2.080,2.076,2.070,2.064,2.059,2.055,2.049,2.045,2.042,2.040,2.038,2.036,2.032,2.028,2.020,2.016,2.010,2.003,1.990,1.982,1.972,1.961,1.950,1.939,1.924,1.905,1.917,1.897,1.881,3.000,3.000,3.000,3.000,3.000,3.000,3.000,1.085,1.093,1.101,1.109,1.113,1.113,1.117,1.111,1.104,1.092,1.075,1.066,1.048,1.033,1.054,0.957,0.935,0.917,0.901,0.889,0.878,0.867,0.858,0.845,0.838,0.833,0.828,0.824,0.821,0.818,0.816,0.813,0.811,0.809,0.807,0.806,0.805,0.803,0.802,0.801,0.799,0.799,0.798,0.797,0.796,0.796,0.795,0.795,0.794,0.794,0.793,0.793,0.792,0.792,0.791,0.791,0.791,0.791,0.790,0.790,0.790,0.790,0.790,0.790,0.790,0.791,0.792,0.792,0.792,0.793,0.794,0.794,0.795,0.796,0.797,0.798,0.799,0.799,0.800,0.801,0.801,0.802,0.802,0.802,0.803,0.805,0.807,0.809,0.812,0.814,0.817,0.820,0.823,0.825,0.828,0.830,0.832,0.835,0.837,0.838,0.839,0.839,0.839,0.839,0.838,0.837,0.835,0.835,0.835,0.835,0.836,0.838,0.840,0.842,0.845,0.849,0.853,0.857,0.864,0.871,0.879,0.888,0.902,0.925,0.946,0.946,3.000,3.000,1.173,1.173,1.186,1.197,1.203,1.215,1.235,3.000,1.450,1.468,1.484,1.466,1.478,1.491,1.500,1.512,1.519,1.524,1.526,1.528,1.531,1.536,1.538,1.539,1.547,1.549,1.550,1.551,1.554,1.556,1.557,1.557,1.560,1.564,1.566,1.568,1.572,1.574,1.579,1.577,1.580,1.583,1.587,1.590,1.592,1.594,1.597,1.603,1.609,1.612,1.618,1.622,1.630,1.633,1.642,1.646,1.658,1.671,1.671,1.671,3.000,3.000,3.000,3.000,3.000,3.000,3.000,3.000,3.000,3.000,3.000,3.000,3.000,3.000,3.000,3.000,3.000,3.000,3.000,3.000,3.000,3.000,3.000,3.000,3.000,3.000,3.000,3.000,3.000,3.000,3.000,3.000,3.000,3.000,3.000,3.000,3.000,3.000,3.000,3.000,3.000,3.000,3.000,3.000
3.000,3.000,3.000,3.000,3.000,3.000,3.000,3.000,3.000,3.000,3.000,3.000,3.000,3.000,3.000,3.000,3.000,3.000,3.000,3.000,3.000,3.000,2.213,2.217,2.217,2.216,2.206,2.202,2.198,2.194,2.190,2.184,2.182,2.179,2.175,2.169,2.163,2.160,2.156,2.150,2.146,2.142,2.140,2.135,2.129,2.124,2.119,2.114,2.109,2.102,2.096,2.090,2.082,2.078,2.072,2.066,2.061,2.056,2.051,2.046,2.043,2.041,2.039,2.037,2.033,2.029,2.021,2.017,2.010,2.002,1.988,1.979,1.968,1.955,1.941,1.928,1.907,1.880,1.905,3.000,3.000,3.000,1.068,1.068,1.068,1.060,1.057,1.061,1.085,1.085,1.093,1.101,1.109,1.108,1.118,1.119,1.114,1.107,1.088,1.084,1.068,1.054,1.054,0.967,0.942,0.921,0.904,0.891,0.881,0.870,0.859,0.847,0.839,0.834,0.830,0.826,0.822,0.820,0.817,0.815,0.812,0.810,0.808,0.807,0.806,0.804,0.802,0.801,0.800,0.799,0.798,0.797,0.796,0.796,0.795,0.795,0.794,0.794,0.793,0.793,0.792,0.791,0.791,0.791,0.791,0.790,0.790,0.790,0.789,0.789,0.789,0.790,0.790,0.790,0.791,0.792,0.792,0.793,0.794,0.795,0.796,0.797,0.797,0.799,0.799,0.800,0.800,0.801,0.801,0.802,0.802,0.802,0.803,0.805,0.807,0.809,0.812,0.814,0.817,0.820,0.823,0.825,0.827,0.829,0.832,0.834,0.835,0.836,0.836,0.835,0.835,0.834,0.833,0.832,0.830,0.830,0.830,0.830,0.830,0.832,0.834,0.836,0.839,0.842,0.846,0.852,0.858,0.866,0.874,0.883,0.898,0.923,0.946,1.001,1.001,1.001,1.173,1.186,1.197,1.166,1.172,1.215,1.215,3.000,3.000,3.000,1.466,1.478,1.456,1.472,1.482,1.498,1.507,1.511,1.514,1.515,1.518,1.521,1.525,1.526,1.529,1.530,1.529,1.530,1.537,1.537,1.539,1.542,1.546,1.549,1.552,1.556,1.559,1.559,1.561,1.562,1.566,1.568,1.575,1.580,1.583,1.585,1.588,1.595,1.602,1.606,1.612,1.616,1.629,1.634,1.646,1.649,1.658,1.658,3.000,3.000,3.000,3.000,3.000,3.000,3.000,3.000,3.000,3.000,3.000,3.000,3.000,3.000,3.000,3.000,3.000,3.000,3.000,3.000,3.000,3.000,3.000,3.000,3.000,3.000,3.000,3.000,3.000,3.000,3.000,3.000,3.000,3.000,3.000,3.000,3.000,3.000,3.000,3.000,3.000,3.000,3.000,3.000,3.000,3.000
3.000,3.000,3.000,3.000,3.000,3.000,3.000,3.000,3.000,3.000,3.000,3.000,3.000,3.000,3.000,3.000,3.000,3.000,3.000,3.000,3.000,3.000,3.000,2.217,2.217,2.215,2.209,2.203,2.199,2.194,2.190,2.185,2.183,2.181,2.178,2.174,2.167,2.164,2.159,2.155,2.151,2.147,2.144,2.138,2.133,2.126,2.121,2.115,2.110,2.103,2.097,2.091,2.084,2.079,2.073,2.067,2.062,2.057,2.052,2.047,2.044,2.041,2.038,2.036,2.033,2.028,2.022,2.017,2.010,2.000,1.985,1.974,1.961,1.949,1.929,1.913,1.928,1.907,1.880,3.000,3.000,3.000,1.068,1.068,1.060,1.054,1.056,1.057,1.061,1.066,1.083,1.099,1.116,1.118,1.132,1.132,1.128,1.121,1.113,1.103,1.087,1.087,1.054,0.967,0.951,0.927,0.909,0.895,0.884,0.873,0.863,0.849,0.842,0.837,0.831,0.828,0.824,0.821,0.818,0.816,0.813,0.811,0.810,0.808,0.806,0.805,0.803,0.802,0.800,0.799,0.798,0.797,0.796,0.796,0.795,0.794,0.794,0.793,0.792,0.792,0.791,0.791,0.791,0.790,0.790,0.790,0.789,0.789,0.788,0.788,0.788,0.789,0.789,0.789,0.790,0.791,0.792,0.793,0.794,0.795,0.796,0.797,0.798,0.799,0.799,0.800,0.801,0.801,0.802,0.802,0.802,0.803,0.804,0.805,0.807,0.810,0.813,0.815,0.817,0.821,0.824,0.826,0.828,0.829,0.832,0.833,0.834,0.834,0.833,0.832,0.831,0.831,0.830,0.829,0.828,0.827,0.827,0.827,0.827,0.829,0.830,0.833,0.835,0.838,0.842,0.848,0.855,0.863,0.871,0.881,0.895,0.923,0.944,0.975,1.001,1.001,0.997,3.000,1.166,1.172,1.172,1.172,3.000,3.000,3.000,3.000,3.000,1.456,1.472,1.453,1.466,1.488,1.498,1.503,1.506,1.508,1.511,1.514,1.517,1.519,1.521,1.521,1.520,1.520,1.524,1.525,1.527,1.530,1.535,1.539,1.542,1.542,1.544,1.547,1.552,1.554,1.557,1.560,1.567,1.574,1.577,1.580,1.582,1.590,1.600,1.605,1.612,1.619,1.633,1.641,1.649,1.649,1.649,3.000,3.000,3.000,3.000,3.000,3.000,3.000,3.000,3.000,3.000,3.000,3.000,3.000,3.000,3.000,3.000,3.000,3.000,3.000,3.000,3.000,3.000,3.000,3.000,3.000,3.000,3.000,3.000,3.000,3.000,3.000,3.000,3.000,3.000,3.000,3.000,3.000,3.000,3.000,3.000,3.000,3.000,3.000,3.000,3.000,3.000,3.000
3.000,3.000,3.000,3.000,3.000,3.000,3.000,3.000,3.000,3.000,3.000,3.000,3.000,3.000,3.000,3.000,3.000,3.000,3.000,3.000,3.000,3.000,3.000,3.000,2.215,2.215,2.215,2.209,2.201,2.196,2.190,2.186,2.185,2.183,2.180,2.176,2.171,2.166,2.162,2.158,2.154,2.149,2.145,2.138,2.132,2.126,2.121,2.115,2.110,2.103,2.098,2.091,2.084,2.079,2.073,2.067,2.062,2.057,2.053,2.048,2.045,2.040,2.038,2.035,2.031,2.026,2.020,2.015,2.007,1.996,1.980,1.967,1.955,1.942,1.918,1.895,1.913,3.000,3.000,3.000,3.000,1.030,1.068,1.041,1.032,1.032,1.037,1.038,1.048,1.060,1.092,1.116,1.116,1.116,1.132,1.132,1.132,1.128,1.121,1.113,1.103,1.087,3.000,0.951,0.951,0.935,0.914,0.900,0.888,0.876,0.866,0.853,0.845,0.840,0.835,0.831,0.826,0.823,0.820,0.817,0.815,0.813,0.811,0.809,0.807,0.805,0.803,0.802,0.800,0.799,0.798,0.797,0.796,0.795,0.794,0.794,0.793,0.793,0.792,0.791,0.790,0.790,0.790,0.790,0.789,0.788,0.787,0.787,0.787,0.786,0.786,0.787,0.787,0.787,0.788,0.789,0.790,0.792,0.793,0.794,0.795,0.796,0.797,0.798,0.799,0.800,0.800,0.801,0.801,0.802,0.803,0.803,0.804,0.805,0.807,0.810,0.813,0.816,0.818,0.821,0.824,0.826,0.828,0.830,0.832,0.833,0.833,0.833,0.832,0.831,0.830,0.829,0.828,0.828,0.827,0.826,0.826,0.826,0.826,0.827,0.828,0.830,0.833,0.836,0.840,0.845,0.852,0.860,0.869,0.879,0.894,0.925,0.945,0.968,0.984,0.997,1.011,1.011,1.011,3.000,3.000,3.000,3.000,3.000,3.000,3.000,3.000,3.000,1.453,1.466,1.443,1.476,1.491,1.497,1.501,1.503,1.506,1.510,1.513,1.514,1.515,1.514,1.513,1.512,1.514,1.514,1.518,1.522,1.528,1.531,1.534,1.535,1.538,1.542,1.545,1.547,1.550,1.553,1.559,1.570,1.573,1.575,1.579,1.600,1.605,1.612,1.619,1.633,1.641,1.641,1.641,3.000,3.000,3.000,3.000,3.000,3.000,3.000,3.000,3.000,3.000,3.000,3.000,3.000,3.000,3.000,3.000,3.000,3.000,3.000,3.000,3.000,3.000,3.000,3.000,3.000,3.000,3.000,3.000,3.000,3.000,3.000,3.000,3.000,3.000,3.000,3.000,3.000,3.000,3.000,3.000,3.000,3.000,3.000,3.000,3.000,3.000,3.000,3.000,3.000
3.000,3.000,3.000,3.000,3.000,3.000,3.000,3.000,3.000,3.000,3.000,3.000,3.000,3.000,3.000,3.000,3.000,3.000,3.000,3.000,3.000,3.000,3.000,3.000,3.000,3.000,3.000,2.201,2.201,2.201,2.188,2.183,2.183,2.180,2.178,2.171,2.168,2.165,2.161,2.157,2.153,2.149,2.142,2.134,2.130,2.124,2.120,2.115,2.110,2.103,2.097,2.089,2.083,2.079,2.073,2.067,2.061,2.056,2.051,2.046,2.043,2.039,2.035,2.031,2.027,2.023,2.017,2.012,2.005,1.995,1.976,1.962,1.948,1.929,1.942,1.918,1.895,3.000,3.000,3.000,1.021,1.030,1.030,1.020,1.017,1.020,1.025,1.034,1.049,1.092,1.092,1.092,3.000,3.000,3.000,3.000,3.000,3.000,3.000,3.000,3.000,3.000,3.000,3.000,0.943,0.943,0.919,0.904,0.890,0.879,0.868,0.857,0.848,0.843,0.837,0.833,0.829,0.825,0.822,0.819,0.816,0.814,0.811,0.810,0.807,0.805,0.803,0.801,0.799,0.798,0.797,0.796,0.795,0.794,0.793,0.793,0.792,0.792,0.791,0.790,0.789,0.789,0.789,0.788,0.787,0.786,0.785,0.785,0.785,0.784,0.784,0.784,0.784,0.785,0.786,0.787,0.788,0.790,0.791,0.792,0.793,0.794,0.795,0.796,0.797,0.798,0.799,0.800,0.801,0.802,0.802,0.803,0.804,0.805,0.808,0.811,0.814,0.816,0.819,0.822,0.825,0.827,0.829,0.831,0.832,0.833,0.834,0.833,0.832,0.831,0.830,0.829,0.829,0.828,0.827,0.826,0.826,0.825,0.825,0.826,0.828,0.830,0.832,0.834,0.838,0.844,0.851,0.859,0.869,0.880,0.899,0.951,0.951,0.969,0.979,0.985,0.992,1.011,1.011,0.994,0.994,3.000,3.000,3.000,3.000,3.000,3.000,3.000,3.000,1.443,1.476,1.471,1.491,1.497,1.502,1.505,1.507,1.512,1.514,1.515,1.515,1.514,1.511,1.509,1.511,1.511,1.514,1.519,1.525,1.528,1.532,1.533,1.536,1.540,1.544,1.545,1.548,1.549,1.555,1.566,1.570,1.579,1.579,1.579,3.000,3.000,3.000,3.000,3.000,3.000,3.000,3.000,3.000,3.000,3.000,3.000,3.000,3.000,3.000,3.000,3.000,3.000,3.000,3.000,3.000,3.000,3.000,3.000,3.000,3.000,3.000,3.000,3.000,3.000,3.000,3.000,3.000,3.000,3.000,3.000,3.000,3.000,3.000,3.000,3.000,3.000,3.000,3.000,3.000,3.000,3.000,3.000,3.000,3.000,3.000,3.000,3.000,3.000,3.000,3.000
3.000,3.000,3.000,3.000,3.000,3.000,3.000,3.000,3.000,3.000,3.000,3.000,3.000,3.000,3.000,3.000,3.000,3.000,3.000,3.000,3.000,3.000,3.000,3.000,3.000,3.000,3.000,3.000,3.000,2.188,2.188,2.188,2.183,2.183,2.180,2.172,2.169,2.166,2.162,2.158,2.155,2.150,2.144,2.134,2.128,2.122,2.119,2.114,2.109,2.103,2.097,2.090,2.084,2.080,2.075,2.069,2.062,2.057,2.052,2.047,2.043,2.038,2.035,2.030,2.026,2.021,2.015,2.010,2.003,1.992,1.971,1.954,1.938,1.919,1.929,3.000,3.000,3.000,3.000,1.016,1.021,1.021,1.008,1.003,1.002,1.009,1.021,1.034,1.064,1.064,3.000,3.000,3.000,1.778,1.780,1.780,1.780,1.780,1.780,3.000,3.000,3.000,3.000,3.000,0.943,0.943,0.923,0.906,0.892,0.881,0.870,0.860,0.851,0.845,0.840,0.836,0.832,0.828,0.825,0.821,0.818,0.816,0.813,0.811,0.808,0.805,0.803,0.801,0.799,0.798,0.796,0.795,0.794,0.793,0.792,0.792,0.791,0.790,0.789,0.788,0.787,0.787,0.787,0.786,0.785,0.784,0.783,0.782,0.782,0.782,0.782,0.782,0.782,0.783,0.784,0.785,0.787,0.789,0.790,0.791,0.792,0.794,0.795,0.796,0.797,0.798,0.799,0.800,0.801,0.802,0.803,0.804,0.805,0.806,0.808,0.812,0.815,0.817,0.820,0.823,0.826,0.828,0.830,0.831,0.833,0.833,0.833,0.833,0.831,0.830,0.829,0.829,0.828,0.827,0.826,0.826,0.825,0.825,0.825,0.826,0.827,0.829,0.831,0.834,0.837,0.843,0.851,0.860,0.870,0.883,0.899,0.951,0.969,0.988,0.988,0.984,0.980,0.981,0.990,0.994,0.994,0.941,3.000,3.000,3.000,3.000,3.000,3.000,3.000,3.000,1.471,1.495,1.495,1.503,1.508,1.512,1.514,1.519,1.521,1.521,1.520,1.517,1.513,1.508,1.508,1.509,1.512,1.518,1.525,1.528,1.532,1.535,1.539,1.544,1.547,1.548,1.549,1.555,1.566,1.570,1.570,1.570,3.000,3.000,3.000,3.000,3.000,3.000,3.000,3.000,3.000,3.000,3.000,3.000,3.000,3.000,3.000,3.000,3.000,3.000,3.000,3.000,3.000,3.000,3.000,3.000,3.000,3.000,3.000,3.000,3.000,3.000,3.000,3.000,3.000,3.000,3.000,3.000,3.000,3.000,3.000,3.000,3.000,3.000,3.000,3.000,3.000,3.000,3.000,3.000,3.000,3.000,3.000,3.000,3.000,3.000,3.000,3.000,3.000,3.000
3.000,3.000,3.000,3.000,3.000,3.000,3.000,3.000,3.000,3.000,3.000,3.000,3.000,3.000,3.000,3.000,3.000,3.000,3.000,3.000,3.000,3.000,3.000,3.000,3.000,3.000,3.000,3.000,3.000,3.000,3.000,3.000,3.000,3.000,2.172,2.172,2.172,2.166,2.162,2.159,2.156,2.151,2.145,2.134,2.126,2.120,2.116,2.112,2.107,2.101,2.095,2.088,2.083,2.079,2.075,2.070,2.064,2.059,2.054,2.049,2.046,2.040,2.037,2.029,2.025,2.019,2.014,2.007,2.000,1.988,1.964,1.946,1.930,1.938,1.919,3.000,3.000,3.000,1.007,1.016,1.016,1.003,0.987,0.989,0.988,1.003,1.019,1.039,1.064,1.064,3.000,3.000,1.811,1.812,1.778,1.780,1.780,1.780,1.804,1.795,1.774,3.000,3.000,3.000,3.000,0.933,0.929,0.909,0.894,0.883,0.872,0.862,0.854,0.848,0.843,0.839,0.834,0.830,0.827,0.823,0.820,0.817,0.815,0.813,0.809,0.807,0.804,0.802,0.799,0.798,0.796,0.795,0.794,0.793,0.792,0.791,0.789,0.788,0.787,0.786,0.785,0.785,0.784,0.783,0.781,0.780,0.780,0.779,0.779,0.780,0.780,0.780,0.781,0.782,0.783,0.785,0.786,0.788,0.790,0.791,0.793,0.794,0.795,0.797,0.797,0.799,0.800,0.801,0.802,0.803,0.804,0.804,0.805,0.806,0.808,0.812,0.815,0.817,0.820,0.823,0.826,0.828,0.829,0.830,0.832,0.832,0.832,0.832,0.830,0.829,0.828,0.828,0.827,0.826,0.825,0.825,0.825,0.825,0.825,0.825,0.827,0.829,0.831,0.834,0.838,0.844,0.853,0.863,0.875,0.894,0.902,3.000,3.000,0.988,0.988,0.988,0.974,0.966,0.959,0.951,0.941,0.941,0.918,0.905,0.909,0.917,0.917,0.917,3.000,3.000,3.000,1.495,1.503,1.535,1.535,1.538,1.540,1.538,1.538,1.536,1.532,1.525,1.519,1.510,1.509,1.510,1.513,1.520,1.528,1.532,1.536,1.540,1.545,1.559,1.559,1.548,1.548,3.000,3.000,3.000,3.000,3.000,3.000,3.000,3.000,3.000,3.000,3.000,3.000,3.000,3.000,3.000,3.000,3.000,3.000,3.000,3.000,3.000,3.000,3.000,3.000,3.000,3.000,3.000,3.000,3.000,3.000,3.000,3.000,3.000,3.000,3.000,3.000,3.000,3.000,3.000,3.000,3.000,3.000,3.000,3.000,3.000,3.000,3.000,3.000,3.000,3.000,3.000,3.000,3.000,3.000,3.000,3.000,3.000,3.000,3.000,3.000,3.000,3.000,3.000
3.000,3.000,3.000,3.000,3.000,3.000,3.000,3.000,3.000,3.000,3.000,3.000,3.000,3.000,3.000,3.000,3.000,3.000,3.000,3.000,3.000,3.000,3.000,3.000,3.000,3.000,3.000,3.000,3.000,3.000,3.000,3.000,3.000,3.000,3.000,3.000,2.166,2.166,2.166,2.162,2.159,2.156,2.146,2.132,2.125,2.118,2.113,2.108,2.104,2.096,2.092,2.085,2.080,2.076,2.072,2.068,2.062,2.057,2.053,2.048,2.045,2.037,2.033,2.027,2.023,2.017,2.011,2.005,1.997,1.984,1.959,1.938,1.946,1.930,3.000,3.000,3.000,1.000,1.007,1.007,0.994,0.985,0.974,0.978,0.981,1.001,1.023,1.039,1.039,3.000,3.000,1.813,1.828,1.811,1.812,1.809,1.808,1.804,1.795,1.774,1.794,1.778,3.000,3.000,3.000,0.936,0.933,0.911,0.895,0.885,0.874,0.865,0.858,0.852,0.847,0.843,0.839,0.834,0.830,0.826,0.823,0.820,0.817,0.815,0.812,0.808,0.805,0.803,0.801,0.799,0.797,0.795,0.794,0.793,0.791,0.790,0.789,0.788,0.786,0.785,0.784,0.783,0.782,0.781,0.779,0.779,0.778,0.778,0.778,0.778,0.779,0.780,0.780,0.782,0.783,0.784,0.786,0.788,0.790,0.791,0.792,0.794,0.796,0.797,0.798,0.799,0.801,0.802,0.803,0.804,0.805,0.805,0.806,0.807,0.809,0.812,0.815,0.817,0.820,0.823,0.826,0.828,0.829,0.830,0.831,0.831,0.831,0.831,0.829,0.828,0.827,0.826,0.825,0.825,0.824,0.824,0.824,0.824,0.824,0.825,0.826,0.829,0.831,0.835,0.839,0.846,0.856,0.867,0.882,0.902,0.902,3.000,3.000,3.000,3.000,0.974,0.974,0.966,0.949,0.935,0.923,0.918,0.905,0.903,0.904,0.909,0.917,0.917,0.911,3.000,3.000,3.000,3.000,1.535,1.538,1.540,1.540,1.540,1.538,1.538,1.536,1.532,1.525,1.519,1.510,1.513,1.520,1.528,1.532,1.536,1.540,1.545,1.559,1.559,1.559,3.000,3.000,3.000,3.000,3.000,3.000,3.000,3.000,3.000,3.000,3.000,3.000,3.000,3.000,3.000,3.000,3.000,3.000,3.000,3.000,3.000,3.000,3.000,3.000,3.000,3.000,3.000,3.000,3.000,3.000,3.000,3.000,3.000,3.000,3.000,3.000,3.000,3.000,3.000,3.000,3.000,3.000,3.000,3.000,3.000,3.000,3.000,3.000,3.000,3.000,3.000,3.000,3.000,3.000,3.000,3.000,3.000,3.000,3.000,3.000,3.000,3.000,3.000,3.000,3.000
3.000,3.000,3.000,3.000,3.000,3.000,3.000,3.000,3.000,3.000,3.000,3.000,3.000,3.000,3.000,3.000,3.000,3.000,3.000,3.000,3.000,3.000,3.000,3.000,3.000,3.000,3.000,3.000,3.000,3.000,3.000,3.000,3.000,3.000,3.000,3.000,3.000,3.000,3.000,3.000,3.000,2.146,2.146,2.146,2.121,2.113,2.108,2.102,2.097,2.089,2.085,2.079,2.073,2.070,2.066,2.062,2.057,2.052,2.049,2.044,2.039,2.032,2.028,2.023,2.019,2.013,2.007,2.001,1.992,1.978,1.952,1.924,1.938,3.000,3.000,3.000,3.000,1.000,1.000,0.984,0.977,0.966,0.963,0.969,0.975,0.999,1.023,1.023,3.000,3.000,1.818,1.830,1.813,1.828,1.829,1.829,1.824,1.819,1.811,1.794,1.778,1.785,3.000,3.000,3.000,0.939,0.936,0.913,0.897,0.886,0.876,0.867,0.860,0.855,0.850,0.845,0.841,0.837,0.832,0.829,0.825,0.822,0.819,0.816,0.813,0.809,0.807,0.804,0.802,0.800,0.798,0.796,0.794,0.793,0.792,0.791,0.789,0.788,0.786,0.785,0.784,0.783,0.782,0.780,0.779,0.778,0.778,0.778,0.778,0.778,0.778,0.779,0.780,0.781,0.782,0.783,0.785,0.787,0.789,0.791,0.792,0.794,0.795,0.796,0.798,0.799,0.801,0.802,0.803,0.804,0.804,0.805,0.806,0.807,0.809,0.812,0.815,0.817,0.820,0.823,0.826,0.827,0.829,0.830,0.830,0.830,0.830,0.829,0.828,0.826,0.825,0.825,0.824,0.824,0.823,0.823,0.823,0.823,0.823,0.824,0.826,0.829,0.832,0.835,0.840,0.848,0.859,0.872,0.892,0.904,0.902,3.000,3.000,3.000,3.000,3.000,0.973,0.973,0.948,0.927,0.912,0.904,0.885,0.883,0.887,0.891,0.898,0.911,0.924,0.924,3.000,3.000,3.000,1.779,1.786,1.786,1.786,1.785,1.747,1.739,1.733,3.000,3.000,3.000,3.000,3.000,3.000,3.000,3.000,3.000,3.000,3.000,3.000,3.000,3.000,3.000,3.000,3.000,3.000,3.000,3.000,3.000,3.000,3.000,3.000,3.000,3.000,3.000,3.000,3.000,3.000,3.000,3.000,3.000,3.000,3.000,3.000,3.000,3.000,3.000,3.000,3.000,3.000,3.000,3.000,3.000,3.000,3.000,3.000,3.000,3.000,3.000,3.000,3.000,3.000,3.000,3.000,3.000,3.000,3.000,3.000,3.000,3.000,3.000,3.000,3.000,3.000,3.000,3.000,3.000,3.000,3.000,3.000,3.000,3.000,3.000,3.000,3.000,3.000,3.000
3.000,3.000,3.000,3.000,3.000,3.000,3.000,3.000,3.000,3.000,3.000,3.000,3.000,3.000,3.000,3.000,3.000,3.000,3.000,3.000,3.000,3.000,3.000,3.000,3.000,3.000,3.000,3.000,3.000,3.000,3.000,3.000,3.000,3.000,3.000,3.000,3.000,3.000,3.000,3.000,3.000,3.000,3.000,2.121,2.114,2.103,2.097,2.082,2.074,2.069,2.065,2.064,2.052,2.051,2.051,2.048,2.045,2.042,2.041,2.037,2.032,2.026,2.022,2.017,2.013,2.008,2.002,1.995,1.986,1.972,1.943,1.952,1.924,3.000,3.000,3.000,3.000,1.000,1.000,1.000,0.949,0.948,0.948,0.957,0.968,0.999,0.999,3.000,3.000,1.810,1.831,1.818,1.830,1.838,1.838,1.838,1.834,1.829,1.820,1.803,1.785,1.785,3.000,3.000,3.000,0.943,0.939,0.918,0.898,0.887,0.877,0.868,0.862,0.856,0.851,0.847,0.842,0.838,0.835,0.830,0.826,0.823,0.820,0.818,0.814,0.811,0.808,0.806,0.803,0.801,0.799,0.797,0.795,0.794,0.792,0.791,0.790,0.789,0.787,0.786,0.784,0.783,0.781,0.780,0.779,0.778,0.777,0.777,0.777,0.777,0.777,0.778,0.779,0.780,0.781,0.782,0.784,0.786,0.787,0.789,0.790,0.792,0.794,0.795,0.796,0.798,0.799,0.801,0.802,0.803,0.803,0.804,0.805,0.806,0.808,0.811,0.814,0.816,0.818,0.822,0.824,0.826,0.828,0.828,0.829,0.829,0.828,0.827,0.825,0.824,0.823,0.822,0.822,0.822,0.821,0.821,0.822,0.822,0.822,0.824,0.826,0.829,0.832,0.836,0.842,0.851,0.863,0.881,0.904,0.904,3.000,3.000,1.639,1.639,1.639,3.000,0.973,0.973,0.951,0.921,0.899,0.883,0.873,0.870,0.871,0.877,0.886,0.898,0.924,0.924,3.000,3.000,1.744,1.779,1.779,1.786,1.785,1.747,1.739,1.733,1.733,3.000,3.000,3.000,3.000,3.000,3.000,3.000,3.000,3.000,3.000,3.000,3.000,3.000,3.000,3.000,3.000,3.000,3.000,3.000,3.000,3.000,3.000,3.000,3.000,3.000,3.000,3.000,3.000,3.000,3.000,3.000,3.000,3.000,3.000,3.000,3.000,3.000,3.000,3.000,3.000,3.000,3.000,3.000,3.000,3.000,3.000,3.000,3.000,3.000,3.000,3.000,3.000,3.000,3.000,3.000,3.000,3.000,3.000,3.000,3.000,3.000,3.000,3.000,3.000,3.000,3.000,3.000,3.000,3.000,3.000,3.000,3.000,3.000,3.000,3.000,3.000,3.000,3.000,3.000
3.000,3.000,3.000,3.000,3.000,3.000,3.000,3.000,3.000,3.000,3.000,3.000,3.000,3.000,3.000,3.000,3.000,3.000,3.000,3.000,3.000,3.000,3.000,3.000,3.000,3.000,3.000,3.000,3.000,3.000,3.000,3.000,3.000,3.000,3.000,3.000,3.000,3.000,3.000,3.000,3.000,3.000,3.000,2.114,2.114,2.114,2.067,2.060,2.044,2.040,2.036,2.039,2.037,2.035,2.034,2.035,2.033,2.030,2.031,2.027,2.023,2.018,2.014,2.008,2.004,2.000,1.995,1.988,1.979,1.965,1.938,1.943,3.000,3.000,0.915,0.915,0.915,0.896,0.910,0.910,0.912,0.915,0.928,0.943,0.960,0.968,3.000,3.000,3.000,1.817,1.810,1.831,1.839,1.844,1.843,1.843,1.838,1.833,1.823,1.804,1.785,1.785,3.000,3.000,3.000,0.943,0.943,0.919,0.898,0.887,0.877,0.869,0.862,0.857,0.851,0.847,0.842,0.838,0.834,0.831,0.826,0.823,0.820,0.817,0.814,0.811,0.809,0.806,0.803,0.801,0.799,0.797,0.795,0.794,0.792,0.792,0.790,0.789,0.787,0.786,0.784,0.782,0.781,0.780,0.778,0.777,0.777,0.777,0.777,0.777,0.777,0.777,0.778,0.779,0.780,0.782,0.783,0.785,0.786,0.788,0.789,0.791,0.792,0.793,0.794,0.796,0.797,0.799,0.800,0.802,0.802,0.804,0.805,0.806,0.808,0.811,0.813,0.815,0.817,0.821,0.823,0.824,0.826,0.826,0.827,0.826,0.825,0.824,0.821,0.821,0.820,0.819,0.819,0.819,0.818,0.818,0.818,0.819,0.820,0.822,0.825,0.828,0.832,0.836,0.842,0.852,0.867,0.904,0.904,0.904,3.000,1.662,1.665,1.639,1.665,1.647,3.000,0.951,0.951,0.921,0.895,0.878,0.868,0.864,0.864,0.871,0.880,0.892,0.912,0.924,3.000,3.000,1.744,1.744,1.761,1.774,1.777,1.751,1.746,1.746,1.733,3.000,3.000,3.000,3.000,3.000,3.000,3.000,3.000,3.000,3.000,3.000,3.000,3.000,3.000,3.000,3.000,3.000,3.000,3.000,3.000,3.000,3.000,3.000,3.000,3.000,3.000,3.000,3.000,3.000,3.000,3.000,3.000,3.000,3.000,3.000,3.000,3.000,3.000,3.000,3.000,3.000,3.000,3.000,3.000,3.000,3.000,3.000,3.000,3.000,3.000,3.000,3.000,3.000,3.000,3.000,3.000,3.000,3.000,3.000,3.000,3.000,3.000,3.000,3.000,3.000,3.000,3.000,3.000,3.000,3.000,3.000,3.000,3.000,3.000,3.000,3.000,3.000,3.000,3.000
3.000,3.000,3.000,3.000,3.000,3.000,3.000,3.000,3.000,3.000,3.000,3.000,3.000,3.000,3.000,3.000,3.000,3.000,3.000,3.000,3.000,3.000,3.000,3.000,3.000,3.000,3.000,3.000,3.000,3.000,3.000,3.000,3.000,3.000,3.000,3.000,3.000,3.000,3.000,3.000,3.000,3.000,3.000,3.000,3.000,2.067,2.067,2.036,2.018,2.016,2.014,2.015,2.018,2.016,2.011,2.017,2.013,2.011,2.009,2.009,2.006,2.005,2.001,1.993,1.990,1.988,1.984,1.977,1.967,1.954,1.965,1.938,3.000,3.000,0.915,0.915,0.896,0.890,0.886,0.887,0.893,0.900,0.911,0.933,0.954,0.960,3.000,3.000,1.797,1.821,1.817,1.835,1.841,1.846,1.844,1.843,1.839,1.833,1.824,1.802,1.782,1.785,3.000,3.000,3.000,0.943,0.937,0.916,0.895,0.884,0.874,0.866,0.860,0.854,0.848,0.844,0.839,0.836,0.832,0.828,0.824,0.821,0.818,0.815,0.812,0.810,0.807,0.805,0.802,0.800,0.798,0.796,0.794,0.793,0.792,0.791,0.789,0.788,0.787,0.785,0.783,0.782,0.781,0.780,0.778,0.777,0.777,0.777,0.776,0.776,0.776,0.777,0.778,0.779,0.780,0.781,0.782,0.784,0.785,0.787,0.788,0.789,0.791,0.792,0.793,0.794,0.796,0.798,0.799,0.801,0.801,0.803,0.804,0.805,0.807,0.810,0.812,0.814,0.816,0.819,0.821,0.823,0.823,0.824,0.824,0.823,0.822,0.820,0.819,0.818,0.817,0.817,0.817,0.817,0.816,0.816,0.817,0.817,0.819,0.821,0.825,0.828,0.832,0.837,0.844,0.856,0.874,0.874,3.000,3.000,3.000,1.664,1.662,1.665,1.647,1.647,3.000,3.000,0.921,0.921,0.895,0.877,0.866,0.861,0.861,0.869,0.878,0.892,0.913,0.913,3.000,3.000,1.744,1.761,1.774,1.777,1.777,1.777,1.751,1.746,3.000,3.000,3.000,3.000,3.000,3.000,3.000,3.000,3.000,3.000,3.000,3.000,3.000,3.000,3.000,3.000,3.000,3.000,3.000,3.000,3.000,3.000,3.000,3.000,3.000,3.000,3.000,3.000,3.000,3.000,3.000,3.000,3.000,3.000,3.000,3.000,3.000,3.000,3.000,3.000,3.000,3.000,3.000,3.000,3.000,3.000,3.000,3.000,3.000,3.000,3.000,3.000,3.000,3.000,3.000,3.000,3.000,3.000,3.000,3.000,3.000,3.000,3.000,3.000,3.000,3.000,3.000,3.000,3.000,3.000,3.000,3.000,3.000,3.000,3.000,3.000,3.000,3.000,3.000,3.000
3.000,3.000,3.000,3.000,3.000,3.000,3.000,3.000,3.000,3.000,3.000,3.000,3.000,3.000,3.000,3.000,3.000,3.000,3.000,3.000,3.000,3.000,3.000,3.000,3.000,3.000,3.000,3.000,3.000,3.000,3.000,3.000,3.000,3.000,3.000,3.000,3.000,3.000,3.000,3.000,3.000,3.000,3.000,3.000,3.000,3.000,2.036,2.036,2.036,2.007,2.004,2.003,2.001,1.999,1.978,1.984,1.981,1.979,1.970,1.968,1.964,1.977,1.973,1.969,1.963,1.970,1.967,1.961,1.951,1.938,1.954,3.000,3.000,3.000,0.915,0.905,0.887,0.879,0.874,0.875,0.880,0.888,0.905,0.928,0.954,0.954,3.000,3.000,1.798,1.797,1.821,1.836,1.840,1.845,1.843,1.843,1.838,1.832,1.822,1.799,1.802,1.782,3.000,3.000,3.000,0.937,0.928,0.909,0.888,0.878,0.867,0.859,0.853,0.848,0.842,0.838,0.832,0.829,0.825,0.821,0.817,0.814,0.811,0.809,0.806,0.804,0.802,0.800,0.798,0.797,0.795,0.793,0.792,0.791,0.790,0.789,0.788,0.787,0.785,0.784,0.782,0.781,0.780,0.779,0.778,0.777,0.777,0.777,0.776,0.776,0.776,0.777,0.777,0.779,0.780,0.781,0.782,0.783,0.784,0.786,0.787,0.788,0.790,0.791,0.792,0.793,0.795,0.797,0.798,0.800,0.801,0.802,0.803,0.805,0.807,0.809,0.812,0.814,0.815,0.818,0.821,0.822,0.823,0.822,0.822,0.822,0.821,0.819,0.817,0.817,0.816,0.816,0.816,0.816,0.815,0.815,0.816,0.817,0.818,0.821,0.825,0.829,0.833,0.838,0.846,0.859,0.874,0.874,3.000,3.000,3.000,1.664,1.664,1.664,1.647,1.647,3.000,3.000,3.000,0.902,0.902,0.880,0.868,0.860,0.859,0.868,0.878,0.892,0.913,0.913,3.000,3.000,3.000,3.000,3.000,3.000,3.000,3.000,3.000,3.000,3.000,3.000,3.000,3.000,3.000,3.000,3.000,3.000,3.000,3.000,3.000,3.000,3.000,3.000,3.000,3.000,3.000,3.000,3.000,3.000,3.000,3.000,3.000,3.000,3.000,3.000,3.000,3.000,3.000,3.000,3.000,3.000,3.000,3.000,3.000,3.000,3.000,3.000,3.000,3.000,3.000,3.000,3.000,3.000,3.000,3.000,3.000,3.000,3.000,3.000,3.000,3.000,3.000,3.000,3.000,3.000,3.000,3.000,3.000,3.000,3.000,3.000,3.000,3.000,3.000,3.000,3.000,3.000,3.000,3.000,3.000,3.000,3.000,3.000,3.000,3.000,3.000,3.000,3.000,3.000
3.000,3.000,3.000,3.000,3.000,3.000,3.000,3.000,3.000,3.000,3.000,3.000,3.000,3.000,3.000,3.000,3.000,3.000,3.000,3.000,3.000,3.000,3.000,3.000,3.000,3.000,3.000,3.000,3.000,3.000,3.000,3.000,3.000,3.000,3.000,3.000,3.000,3.000,3.000,3.000,3.000,3.000,3.000,3.000,3.000,3.000,3.000,3.000,2.007,2.007,2.007,2.004,1.989,1.972,1.959,1.957,1.953,1.954,1.950,1.947,1.943,1.939,1.938,1.935,1.932,1.932,1.929,1.931,1.961,1.951,1.938,1.835,3.000,3.000,0.905,0.902,0.883,0.874,0.869,0.869,0.873,0.883,0.899,0.926,0.931,3.000,3.000,3.000,1.798,1.798,1.821,1.831,1.835,1.839,1.837,1.836,1.831,1.824,1.812,1.783,1.799,3.000,3.000,3.000,0.935,0.935,0.916,0.898,0.882,0.872,0.863,0.856,0.849,0.844,0.839,0.834,0.829,0.826,0.821,0.818,0.814,0.812,0.809,0.807,0.804,0.802,0.800,0.799,0.797,0.795,0.794,0.792,0.791,0.789,0.788,0.788,0.787,0.786,0.784,0.783,0.782,0.781,0.780,0.779,0.778,0.778,0.777,0.777,0.776,0.776,0.776,0.776,0.777,0.778,0.779,0.780,0.781,0.783,0.784,0.785,0.786,0.788,0.789,0.790,0.791,0.792,0.794,0.796,0.797,0.798,0.799,0.801,0.802,0.804,0.805,0.808,0.810,0.812,0.814,0.816,0.819,0.820,0.820,0.820,0.820,0.819,0.818,0.817,0.815,0.815,0.814,0.814,0.814,0.814,0.813,0.814,0.814,0.815,0.817,0.820,0.824,0.829,0.833,0.839,0.847,0.861,0.861,3.000,3.000,3.000,3.000,1.664,1.650,1.650,1.639,1.647,3.000,3.000,3.000,0.902,0.902,0.888,0.873,0.863,0.860,0.878,0.892,0.892,0.892,3.000,3.000,3.000,3.000,3.000,3.000,3.000,3.000,3.000,3.000,3.000,3.000,3.000,3.000,3.000,3.000,3.000,3.000,3.000,3.000,3.000,3.000,3.000,3.000,3.000,3.000,3.000,3.000,3.000,3.000,3.000,3.000,3.000,3.000,3.000,3.000,3.000,3.000,3.000,3.000,3.000,3.000,3.000,3.000,3.000,3.000,3.000,3.000,3.000,3.000,3.000,3.000,3.000,3.000,3.000,3.000,3.000,3.000,3.000,3.000,3.000,3.000,3.000,3.000,3.000,3.000,3.000,3.000,3.000,3.000,3.000,3.000,3.000,3.000,3.000,3.000,3.000,3.000,3.000,3.000,3.000,3.000,3.000,3.000,3.000,3.000,3.000,3.000,3.000,3.000,3.000
3.000,3.000,3.000,3.000,3.000,3.000,3.000,3.000,3.000,3.000,3.000,3.000,3.000,3.000,3.000,3.000,3.000,3.000,3.000,3.000,3.000,3.000,3.000,3.000,3.000,3.000,3.000,3.000,3.000,3.000,3.000,3.000,3.000,3.000,3.000,3.000,3.000,3.000,3.000,3.000,3.000,3.000,3.000,3.000,3.000,3.000,3.000,3.000,3.000,3.000,3.000,1.989,1.989,1.989,1.947,1.943,1.939,1.939,1.936,1.933,1.923,1.909,1.912,1.908,1.904,1.898,1.892,1.885,1.878,1.858,1.835,1.835,3.000,3.000,0.902,0.902,0.884,0.874,0.868,0.868,0.873,0.885,0.905,0.931,0.937,3.000,3.000,3.000,1.798,1.794,1.816,1.823,1.826,1.827,1.824,1.824,1.818,1.809,1.824,1.812,1.783,3.000,3.000,3.000,0.935,0.935,0.909,0.894,0.878,0.869,0.861,0.854,0.848,0.843,0.838,0.832,0.828,0.824,0.820,0.817,0.813,0.811,0.808,0.806,0.804,0.802,0.800,0.798,0.796,0.795,0.793,0.792,0.790,0.789,0.788,0.787,0.786,0.786,0.784,0.783,0.782,0.781,0.780,0.779,0.778,0.778,0.777,0.777,0.776,0.776,0.776,0.776,0.776,0.778,0.779,0.780,0.781,0.782,0.783,0.785,0.786,0.787,0.787,0.789,0.789,0.791,0.792,0.795,0.796,0.797,0.798,0.800,0.802,0.803,0.805,0.807,0.809,0.811,0.812,0.814,0.816,0.817,0.817,0.817,0.817,0.816,0.814,0.812,0.811,0.811,0.810,0.810,0.810,0.810,0.810,0.810,0.811,0.813,0.815,0.818,0.822,0.827,0.832,0.838,0.846,0.859,0.861,3.000,3.000,3.000,3.000,1.650,1.650,1.629,1.613,1.639,3.000,3.000,3.000,3.000,0.888,0.909,0.880,0.909,0.863,0.860,3.000,3.000,3.000,3.000,3.000,3.000,3.000,3.000,3.000,3.000,3.000,3.000,3.000,3.000,3.000,3.000,3.000,3.000,3.000,3.000,3.000,3.000,3.000,3.000,3.000,3.000,3.000,3.000,3.000,3.000,3.000,3.000,3.000,3.000,3.000,3.000,3.000,3.000,3.000,3.000,3.000,3.000,3.000,3.000,3.000,3.000,3.000,3.000,3.000,3.000,3.000,3.000,3.000,3.000,3.000,3.000,3.000,3.000,3.000,3.000,3.000,3.000,3.000,3.000,3.000,3.000,3.000,3.000,3.000,3.000,3.000,3.000,3.000,3.000,3.000,3.000,3.000,3.000,3.000,3.000,3.000,3.000,3.000,3.000,3.000,3.000,3.000,3.000,3.000,3.000,3.000,3.000,3.000,3.000
3.000,3.000,3.000,3.000,3.000,3.000,3.000,3.000,3.000,3.000,3.000,3.000,3.000,3.000,3.000,3.000,3.000,3.000,3.000,3.000,3.000,3.000,3.000,3.000,3.000,3.000,3.000,3.000,3.000,3.000,3.000,3.000,3.000,3.000,3.000,3.000,3.000,3.000,3.000,3.000,3.000,3.000,3.000,3.000,3.000,3.000,3.000,3.000,3.000,3.000,3.000,3.000,3.000,1.947,1.947,1.930,1.926,1.927,1.925,1.921,1.900,1.892,1.888,1.890,1.881,1.876,1.870,1.864,1.857,1.845,1.825,1.835,1.797,3.000,3.000,0.892,0.892,0.880,0.872,0.872,0.877,0.892,0.911,0.937,0.937,3.000,3.000,3.000,1.794,1.773,1.801,1.801,1.806,1.807,1.802,1.824,1.824,1.818,1.809,3.000,3.000,3.000,3.000,0.949,0.949,0.925,0.903,0.889,0.875,0.867,0.859,0.852,0.846,0.841,0.836,0.831,0.827,0.824,0.820,0.816,0.813,0.810,0.808,0.806,0.803,0.801,0.799,0.798,0.796,0.795,0.793,0.791,0.790,0.789,0.788,0.787,0.786,0.785,0.784,0.783,0.782,0.781,0.781,0.780,0.779,0.779,0.778,0.777,0.776,0.776,0.776,0.776,0.776,0.777,0.778,0.779,0.780,0.782,0.783,0.784,0.785,0.786,0.786,0.787,0.788,0.789,0.791,0.793,0.794,0.796,0.797,0.799,0.801,0.802,0.804,0.806,0.807,0.808,0.810,0.811,0.813,0.813,0.813,0.814,0.813,0.812,0.809,0.808,0.807,0.806,0.805,0.804,0.805,0.805,0.805,0.806,0.807,0.808,0.811,0.814,0.819,0.824,0.830,0.837,0.846,0.859,0.859,3.000,3.000,3.000,3.000,1.582,1.582,1.600,1.599,1.613,1.584,3.000,3.000,3.000,3.000,0.909,0.909,0.909,3.000,3.000,3.000,3.000,3.000,3.000,3.000,3.000,3.000,3.000,3.000,3.000,3.000,3.000,3.000,3.000,3.000,3.000,3.000,3.000,3.000,3.000,3.000,3.000,3.000,3.000,3.000,3.000,3.000,3.000,3.000,3.000,3.000,3.000,3.000,3.000,3.000,3.000,3.000,3.000,3.000,3.000,3.000,3.000,3.000,3.000,3.000,3.000,3.000,3.000,3.000,3.000,3.000,3.000,3.000,3.000,3.000,3.000,3.000,3.000,3.000,3.000,3.000,3.000,3.000,3.000,3.000,3.000,3.000,3.000,3.000,3.000,3.000,3.000,3.000,3.000,3.000,3.000,3.000,3.000,3.000,3.000,3.000,3.000,3.000,3.000,3.000,3.000,3.000,3.000,3.000,3.000,3.000,3.000,3.000,3.000
3.000,3.000,3.000,3.000,3.000,3.000,3.000,3.000,3.000,3.000,3.000,3.000,3.000,3.000,3.000,3.000,3.000,3.000,3.000,3.000,3.000,3.000,3.000,3.000,3.000,3.000,3.000,3.000,3.000,3.000,3.000,3.000,3.000,3.000,3.000,3.000,3.000,3.000,3.000,3.000,3.000,3.000,3.000,3.000,3.000,3.000,3.000,3.000,3.000,3.000,3.000,3.000,3.000,3.000,1.930,1.930,1.930,1.918,1.914,1.907,1.891,1.884,1.878,1.877,1.871,1.866,1.860,1.853,1.848,1.838,1.822,1.797,1.797,3.000,3.000,0.892,0.892,0.886,0.877,0.873,0.879,0.900,0.921,0.938,0.937,3.000,3.000,3.000,1.773,1.745,1.755,1.767,1.770,1.807,1.807,1.802,1.704,1.690,1.672,3.000,3.000,3.000,3.000,0.949,0.949,0.919,0.899,0.885,0.873,0.864,0.857,0.850,0.845,0.840,0.835,0.831,0.827,0.823,0.820,0.816,0.813,0.810,0.807,0.805,0.803,0.801,0.799,0.798,0.796,0.795,0.792,0.791,0.789,0.788,0.787,0.786,0.785,0.785,0.784,0.783,0.782,0.782,0.781,0.780,0.780,0.779,0.778,0.778,0.777,0.776,0.775,0.775,0.775,0.776,0.777,0.778,0.779,0.780,0.782,0.783,0.784,0.785,0.786,0.786,0.787,0.788,0.790,0.792,0.793,0.795,0.795,0.798,0.799,0.801,0.803,0.804,0.806,0.807,0.807,0.808,0.810,0.810,0.810,0.810,0.807,0.807,0.805,0.804,0.803,0.802,0.801,0.800,0.800,0.800,0.800,0.801,0.802,0.804,0.806,0.809,0.814,0.820,0.826,0.833,0.841,0.854,0.865,0.865,3.000,3.000,3.000,1.582,1.574,1.593,1.595,1.584,1.584,1.497,1.497,3.000,3.000,0.909,0.909,0.909,3.000,3.000,3.000,3.000,3.000,3.000,3.000,3.000,3.000,3.000,3.000,3.000,3.000,3.000,3.000,3.000,3.000,3.000,3.000,3.000,3.000,3.000,3.000,3.000,3.000,3.000,3.000,3.000,3.000,3.000,3.000,3.000,3.000,3.000,3.000,3.000,3.000,3.000,3.000,3.000,3.000,3.000,3.000,3.000,3.000,3.000,3.000,3.000,3.000,3.000,3.000,3.000,3.000,3.000,3.000,3.000,3.000,3.000,3.000,3.000,3.000,3.000,3.000,3.000,3.000,3.000,3.000,3.000,3.000,3.000,3.000,3.000,3.000,3.000,3.000,3.000,3.000,3.000,3.000,3.000,3.000,3.000,3.000,3.000,3.000,3.000,3.000,3.000,3.000,3.000,3.000,3.000,3.000,3.000,3.000,3.000
3.000,3.000,3.000,3.000,3.000,3.000,3.000,3.000,3.000,3.000,3.000,3.000,3.000,3.000,3.000,3.000,3.000,3.000,3.000,3.000,3.000,3.000,3.000,3.000,3.000,3.000,3.000,3.000,3.000,3.000,3.000,3.000,3.000,3.000,3.000,3.000,3.000,3.000,3.000,3.000,3.000,3.000,3.000,3.000,3.000,3.000,3.000,3.000,3.000,3.000,3.000,3.000,3.000,3.000,3.000,3.000,1.918,1.918,1.918,1.914,1.907,1.891,1.884,1.875,1.868,1.862,1.854,1.847,1.841,1.833,1.819,1.796,1.801,1.779,3.000,3.000,0.886,0.886,0.886,0.879,0.919,0.919,0.938,0.938,3.000,3.000,3.000,1.702,1.745,1.726,1.732,1.733,1.733,1.724,1.714,1.704,1.690,1.672,1.672,3.000,3.000,3.000,3.000,0.949,0.940,0.914,0.896,0.882,0.869,0.861,0.854,0.849,0.844,0.839,0.835,0.831,0.827,0.823,0.820,0.817,0.813,0.810,0.807,0.805,0.803,0.801,0.799,0.798,0.796,0.794,0.792,0.790,0.789,0.787,0.786,0.785,0.784,0.783,0.783,0.782,0.781,0.780,0.780,0.779,0.778,0.778,0.777,0.776,0.776,0.775,0.774,0.773,0.773,0.774,0.775,0.776,0.777,0.778,0.780,0.782,0.783,0.783,0.784,0.785,0.786,0.787,0.789,0.790,0.791,0.793,0.794,0.795,0.798,0.800,0.801,0.802,0.804,0.804,0.805,0.805,0.806,0.806,0.805,0.805,0.802,0.801,0.800,0.799,0.799,0.798,0.796,0.795,0.795,0.794,0.794,0.794,0.795,0.797,0.798,0.801,0.806,0.811,0.819,0.825,0.833,0.847,0.865,0.865,3.000,3.000,3.000,1.574,1.593,1.580,1.583,1.575,1.584,1.497,1.497,3.000,0.979,0.979,0.979,3.000,3.000,3.000,3.000,3.000,3.000,3.000,3.000,3.000,3.000,3.000,3.000,3.000,3.000,3.000,3.000,3.000,3.000,3.000,3.000,3.000,3.000,3.000,3.000,3.000,3.000,3.000,3.000,3.000,3.000,3.000,3.000,3.000,3.000,3.000,3.000,3.000,3.000,3.000,3.000,3.000,3.000,3.000,3.000,3.000,3.000,3.000,3.000,3.000,3.000,3.000,3.000,3.000,3.000,3.000,3.000,3.000,3.000,3.000,3.000,3.000,3.000,3.000,3.000,3.000,3.000,3.000,3.000,3.000,3.000,3.000,3.000,3.000,3.000,3.000,3.000,3.000,3.000,3.000,3.000,3.000,3.000,3.000,3.000,3.000,3.000,3.000,3.000,3.000,3.000,3.000,3.000,3.000,3.000,3.000,3.000,3.000
3.000,3.000,3.000,3.000,3.000,3.000,3.000,3.000,3.000,3.000,3.000,3.000,3.000,3.000,3.000,3.000,3.000,3.000,3.000,3.000,3.000,3.000,3.000,3.000,3.000,3.000,3.000,3.000,3.000,3.000,3.000,3.000,3.000,3.000,3.000,3.000,3.000,3.000,3.000,3.000,3.000,3.000,3.000,3.000,3.000,3.000,3.000,3.000,3.000,3.000,3.000,3.000,3.000,3.000,3.000,3.000,3.000,3.000,3.000,3.000,3.000,3.000,1.875,1.875,1.864,1.857,1.848,1.842,1.838,1.832,1.820,1.801,1.779,1.789,3.000,3.000,3.000,3.000,3.000,3.000,0.919,0.938,0.938,0.938,3.000,3.000,3.000,1.702,1.702,1.714,1.720,1.720,1.716,1.707,1.698,1.686,1.669,1.653,1.672,3.000,3.000,3.000,3.000,0.940,0.932,0.909,0.890,0.878,0.865,0.858,0.852,0.847,0.842,0.838,0.834,0.831,0.827,0.823,0.820,0.817,0.813,0.810,0.808,0.806,0.803,0.801,0.799,0.797,0.795,0.794,0.791,0.789,0.787,0.786,0.784,0.782,0.781,0.780,0.780,0.779,0.778,0.776,0.776,0.775,0.775,0.775,0.774,0.774,0.772,0.772,0.771,0.771,0.771,0.772,0.773,0.774,0.774,0.776,0.777,0.779,0.780,0.781,0.782,0.782,0.783,0.785,0.786,0.788,0.789,0.791,0.792,0.793,0.795,0.797,0.799,0.799,0.801,0.802,0.803,0.803,0.803,0.803,0.801,0.800,0.798,0.797,0.796,0.796,0.795,0.794,0.793,0.792,0.791,0.790,0.789,0.790,0.790,0.791,0.793,0.795,0.799,0.805,0.810,0.816,0.825,0.840,0.856,0.865,3.000,3.000,3.000,3.000,1.580,1.583,1.559,1.583,1.575,1.485,1.497,3.000,0.979,0.979,0.979,3.000,3.000,3.000,3.000,3.000,3.000,3.000,3.000,3.000,3.000,3.000,3.000,3.000,3.000,3.000,3.000,3.000,3.000,3.000,3.000,3.000,3.000,3.000,3.000,3.000,3.000,3.000,3.000,3.000,3.000,3.000,3.000,3.000,3.000,3.000,3.000,3.000,3.000,3.000,3.000,3.000,3.000,3.000,3.000,3.000,3.000,3.000,3.000,3.000,3.000,3.000,3.000,3.000,3.000,3.000,3.000,3.000,3.000,3.000,3.000,3.000,3.000,3.000,3.000,3.000,3.000,3.000,3.000,3.000,3.000,3.000,3.000,3.000,3.000,3.000,3.000,3.000,3.000,3.000,3.000,3.000,3.000,3.000,3.000,3.000,3.000,3.000,3.000,3.000,3.000,3.000,3.000,3.000,3.000,3.000,3.000,3.000
3.000,3.000,3.000,3.000,3.000,3.000,3.000,3.000,3.000,3.000,3.000,3.000,3.000,3.000,3.000,3.000,3.000,3.000,3.000,3.000,3.000,3.000,3.000,3.000,3.000,3.000,3.000,3.000,3.000,3.000,3.000,3.000,3.000,3.000,3.000,3.000,3.000,3.000,3.000,3.000,3.000,3.000,3.000,3.000,3.000,3.000,3.000,3.000,3.000,3.000,3.000,3.000,3.000,3.000,3.000,3.000,3.000,3.000,3.000,3.000,3.000,3.000,3.000,1.871,1.871,1.871,1.857,1.848,1.842,1.847,1.832,1.820,1.789,1.789,3.000,3.000,3.000,3.000,3.000,3.000,3.000,3.000,3.000,3.000,3.000,3.000,3.000,1.702,1.694,1.704,1.709,1.707,1.703,1.693,1.681,1.667,1.652,1.636,1.653,3.000,3.000,3.000,0.938,0.938,0.922,0.902,0.886,0.873,0.862,0.856,0.850,0.845,0.841,0.837,0.833,0.829,0.826,0.822,0.819,0.816,0.812,0.809,0.806,0.804,0.802,0.799,0.797,0.795,0.793,0.792,0.789,0.787,0.785,0.783,0.781,0.779,0.778,0.777,0.777,0.776,0.775,0.773,0.773,0.773,0.772,0.773,0.772,0.771,0.771,0.770,0.770,0.770,0.770,0.771,0.771,0.772,0.773,0.774,0.775,0.776,0.777,0.779,0.780,0.781,0.782,0.783,0.785,0.786,0.787,0.789,0.790,0.792,0.794,0.796,0.798,0.798,0.799,0.800,0.801,0.801,0.800,0.800,0.797,0.797,0.795,0.794,0.793,0.793,0.793,0.791,0.791,0.790,0.789,0.788,0.787,0.787,0.787,0.787,0.789,0.791,0.794,0.799,0.804,0.809,0.817,0.828,0.845,0.856,0.851,3.000,3.000,3.000,3.000,1.559,1.559,1.559,1.485,1.485,1.485,3.000,0.979,0.979,0.979,3.000,3.000,3.000,3.000,3.000,3.000,3.000,3.000,3.000,3.000,3.000,3.000,3.000,3.000,3.000,3.000,3.000,3.000,3.000,3.000,3.000,3.000,3.000,3.000,3.000,3.000,3.000,3.000,3.000,3.000,3.000,3.000,3.000,3.000,3.000,3.000,3.000,3.000,3.000,3.000,3.000,3.000,3.000,3.000,3.000,3.000,3.000,3.000,3.000,3.000,3.000,3.000,3.000,3.000,3.000,3.000,3.000,3.000,3.000,3.000,3.000,3.000,3.000,3.000,3.000,3.000,3.000,3.000,3.000,3.000,3.000,3.000,3.000,3.000,3.000,3.000,3.000,3.000,3.000,3.000,3.000,3.000,3.000,3.000,3.000,3.000,3.000,3.000,3.000,3.000,3.000,3.000,3.000,3.000,3.000,3.000,3.000
3.000,3.000,3.000,3.000,3.000,3.000,3.000,3.000,3.000,3.000,3.000,3.000,3.000,3.000,3.000,3.000,3.000,3.000,3.000,3.000,3.000,3.000,3.000,3.000,3.000,3.000,3.000,3.000,3.000,3.000,3.000,3.000,3.000,3.000,3.000,3.000,3.000,3.000,3.000,3.000,3.000,3.000,3.000,3.000,3.000,3.000,3.000,3.000,3.000,3.000,3.000,3.000,3.000,3.000,3.000,3.000,3.000,3.000,3.000,3.000,3.000,3.000,3.000,1.871,1.871,1.871,3.000,1.847,1.847,1.847,3.000,1.789,1.789,1.789,3.000,3.000,3.000,3.000,3.000,3.000,3.000,3.000,3.000,3.000,3.000,3.000,3.000,1.694,1.684,1.693,1.699,1.694,1.688,1.675,1.665,1.651,1.636,1.652,1.636,3.000,3.000,3.000,0.938,0.938,0.915,0.896,0.883,0.871,0.860,0.853,0.848,0.843,0.838,0.834,0.830,0.827,0.823,0.819,0.816,0.812,0.808,0.805,0.802,0.801,0.798,0.796,0.794,0.793,0.791,0.790,0.787,0.785,0.784,0.781,0.779,0.778,0.776,0.776,0.775,0.774,0.773,0.772,0.772,0.772,0.772,0.773,0.772,0.771,0.770,0.770,0.770,0.770,0.770,0.770,0.771,0.771,0.772,0.773,0.774,0.774,0.776,0.777,0.778,0.779,0.781,0.782,0.783,0.785,0.786,0.788,0.789,0.791,0.793,0.795,0.797,0.797,0.798,0.799,0.799,0.798,0.798,0.797,0.795,0.794,0.793,0.792,0.791,0.791,0.791,0.790,0.789,0.789,0.788,0.786,0.785,0.785,0.784,0.784,0.785,0.787,0.790,0.794,0.798,0.803,0.809,0.819,0.836,0.851,0.851,3.000,3.000,3.000,3.000,3.000,3.000,3.000,1.410,1.410,1.410,3.000,3.000,3.000,3.000,3.000,3.000,3.000,3.000,3.000,3.000,3.000,3.000,3.000,3.000,3.000,3.000,3.000,3.000,3.000,3.000,3.000,3.000,3.000,3.000,3.000,3.000,3.000,3.000,3.000,3.000,3.000,3.000,3.000,3.000,3.000,3.000,3.000,3.000,3.000,3.000,3.000,3.000,3.000,3.000,3.000,3.000,3.000,3.000,3.000,3.000,3.000,3.000,3.000,3.000,3.000,3.000,3.000,3.000,3.000,3.000,3.000,3.000,3.000,3.000,3.000,3.000,3.000,3.000,3.000,3.000,3.000,3.000,3.000,3.000,3.000,3.000,3.000,3.000,3.000,3.000,3.000,3.000,3.000,3.000,3.000,3.000,3.000,3.000,3.000,3.000,3.000,3.000,3.000,3.000,3.000,3.000,3.000,3.000,3.000,3.000,3.000
3.000,3.000,3.000,3.000,3.000,3.000,3.000,3.000,3.000,3.000,3.000,3.000,3.000,3.000,3.000,3.000,3.000,3.000,3.000,3.000,3.000,3.000,3.000,3.000,3.000,3.000,3.000,3.000,3.000,3.000,3.000,3.000,3.000,3.000,3.000,3.000,3.000,3.000,3.000,3.000,3.000,3.000,3.000,3.000,3.000,3.000,3.000,3.000,3.000,3.000,3.000,3.000,3.000,3.000,3.000,3.000,3.000,3.000,3.000,3.000,3.000,3.000,3.000,3.000,3.000,3.000,3.000,1.847,1.842,1.847,3.000,3.000,3.000,3.000,3.000,3.000,3.000,3.000,3.000,3.000,3.000,3.000,3.000,3.000,3.000,1.591,1.591,1.684,1.674,1.682,1.686,1.675,1.662,1.653,1.645,1.632,1.619,1.636,3.000,3.000,3.000,3.000,0.938,0.926,0.904,0.890,0.877,0.867,0.857,0.851,0.846,0.841,0.836,0.832,0.828,0.825,0.821,0.817,0.813,0.809,0.805,0.802,0.799,0.798,0.795,0.793,0.790,0.789,0.788,0.787,0.785,0.784,0.782,0.780,0.778,0.777,0.776,0.775,0.774,0.774,0.773,0.772,0.772,0.772,0.772,0.773,0.772,0.771,0.771,0.770,0.770,0.770,0.770,0.770,0.770,0.771,0.771,0.772,0.773,0.774,0.774,0.775,0.777,0.778,0.779,0.780,0.781,0.782,0.784,0.785,0.787,0.789,0.791,0.793,0.794,0.795,0.795,0.795,0.796,0.796,0.795,0.794,0.792,0.792,0.790,0.790,0.789,0.789,0.789,0.788,0.788,0.788,0.787,0.786,0.784,0.783,0.781,0.781,0.780,0.782,0.785,0.788,0.791,0.795,0.800,0.807,0.818,0.828,0.851,0.831,3.000,3.000,3.000,3.000,3.000,3.000,1.410,1.410,1.410,3.000,3.000,3.000,3.000,3.000,3.000,3.000,3.000,3.000,3.000,3.000,3.000,3.000,3.000,3.000,3.000,3.000,3.000,3.000,3.000,3.000,3.000,3.000,3.000,3.000,3.000,3.000,3.000,3.000,3.000,3.000,3.000,3.000,3.000,3.000,3.000,3.000,3.000,3.000,3.000,3.000,3.000,3.000,3.000,3.000,3.000,3.000,3.000,3.000,3.000,3.000,3.000,3.000,3.000,3.000,3.000,3.000,3.000,3.000,3.000,3.000,3.000,3.000,3.000,3.000,3.000,3.000,3.000,3.000,3.000,3.000,3.000,3.000,3.000,3.000,3.000,3.000,3.000,3.000,3.000,3.000,3.000,3.000,3.000,3.000,3.000,3.000,3.000,3.000,3.000,3.000,3.000,3.000,3.000,3.000,3.000,3.000,3.000,3.000,3.000,3.000
3.000,3.000,3.000,3.000,3.000,3.000,3.000,3.000,3.000,3.000,3.000,3.000,3.000,3.000,3.000,3.000,3.000,3.000,3.000,3.000,3.000,3.000,3.000,3.000,3.000,3.000,3.000,3.000,3.000,3.000,3.000,3.000,3.000,3.000,3.000,3.000,3.000,3.000,3.000,3.000,3.000,3.000,3.000,3.000,3.000,3.000,3.000,3.000,3.000,3.000,3.000,3.000,3.000,3.000,3.000,3.000,3.000,3.000,3.000,3.000,3.000,3.000,3.000,3.000,3.000,3.000,3.000,1.842,1.820,1.842,3.000,1.756,1.756,1.756,3.000,3.000,3.000,3.000,3.000,3.000,3.000,3.000,3.000,3.000,3.000,1.591,1.591,1.674,1.653,1.665,1.665,1.641,1.639,1.633,1.624,1.611,1.600,1.619,3.000,3.000,3.000,0.936,0.936,0.915,0.896,0.884,0.871,0.860,0.853,0.847,0.843,0.837,0.832,0.829,0.827,0.823,0.819,0.815,0.812,0.808,0.804,0.801,0.798,0.797,0.794,0.791,0.788,0.788,0.786,0.786,0.784,0.783,0.782,0.780,0.778,0.777,0.776,0.775,0.774,0.773,0.773,0.772,0.772,0.772,0.772,0.773,0.772,0.771,0.771,0.770,0.770,0.770,0.771,0.770,0.771,0.771,0.771,0.772,0.773,0.773,0.774,0.774,0.776,0.776,0.777,0.778,0.779,0.779,0.780,0.781,0.783,0.784,0.786,0.789,0.791,0.791,0.791,0.792,0.792,0.792,0.791,0.791,0.789,0.789,0.788,0.787,0.787,0.787,0.788,0.788,0.788,0.788,0.787,0.786,0.783,0.782,0.780,0.779,0.778,0.779,0.781,0.784,0.786,0.790,0.793,0.799,0.809,0.817,0.831,0.831,0.823,3.000,3.000,3.000,3.000,3.000,1.410,1.410,1.410,3.000,3.000,3.000,3.000,3.000,3.000,3.000,3.000,3.000,3.000,3.000,3.000,3.000,3.000,3.000,3.000,3.000,3.000,3.000,3.000,3.000,3.000,3.000,3.000,3.000,3.000,3.000,3.000,3.000,3.000,3.000,3.000,3.000,3.000,3.000,3.000,3.000,3.000,3.000,3.000,3.000,3.000,3.000,3.000,3.000,3.000,3.000,3.000,3.000,3.000,3.000,3.000,3.000,3.000,3.000,3.000,3.000,3.000,3.000,3.000,3.000,3.000,3.000,3.000,3.000,3.000,3.000,3.000,3.000,3.000,3.000,3.000,3.000,3.000,3.000,3.000,3.000,3.000,3.000,3.000,3.000,3.000,3.000,3.000,3.000,3.000,3.000,3.000,3.000,3.000,3.000,3.000,3.000,3.000,3.000,3.000,3.000,3.000,3.000,3.000,3.000
3.000,3.000,3.000,3.000,3.000,3.000,3.000,3.000,3.000,3.000,3.000,3.000,3.000,3.000,3.000,3.000,3.000,3.000,3.000,3.000,3.000,3.000,3.000,3.000,3.000,3.000,3.000,3.000,3.000,3.000,3.000,3.000,3.000,3.000,3.000,3.000,3.000,3.000,3.000,3.000,3.000,3.000,3.000,3.000,3.000,3.000,3.000,3.000,3.000,3.000,3.000,3.000,3.000,3.000,3.000,3.000,3.000,3.000,3.000,1.830,1.830,1.830,3.000,3.000,3.000,1.795,1.803,1.820,1.802,1.820,1.798,1.773,1.756,1.760,3.000,3.000,3.000,3.000,3.000,3.000,3.000,3.000,3.000,3.000,3.000,1.591,1.571,1.591,1.614,1.624,1.621,1.619,1.616,1.610,1.587,1.584,1.572,1.600,3.000,3.000,3.000,0.936,0.936,0.908,0.890,0.878,0.865,0.856,0.849,0.843,0.839,0.834,0.830,0.827,0.825,0.822,0.818,0.814,0.811,0.807,0.803,0.800,0.797,0.796,0.793,0.790,0.788,0.787,0.785,0.785,0.783,0.783,0.782,0.780,0.778,0.777,0.776,0.775,0.775,0.773,0.773,0.772,0.772,0.772,0.772,0.773,0.772,0.771,0.771,0.770,0.770,0.770,0.771,0.771,0.771,0.771,0.771,0.772,0.773,0.772,0.773,0.773,0.774,0.775,0.775,0.776,0.776,0.777,0.777,0.779,0.780,0.781,0.783,0.784,0.788,0.788,0.788,0.788,0.788,0.788,0.788,0.788,0.786,0.786,0.785,0.785,0.784,0.785,0.786,0.786,0.787,0.787,0.787,0.785,0.784,0.783,0.780,0.778,0.777,0.776,0.777,0.779,0.781,0.784,0.787,0.791,0.798,0.804,0.814,0.823,0.823,0.820,3.000,3.000,3.000,3.000,3.000,3.000,3.000,3.000,3.000,3.000,3.000,3.000,3.000,3.000,3.000,3.000,3.000,3.000,3.000,3.000,3.000,3.000,3.000,3.000,3.000,3.000,3.000,3.000,3.000,3.000,3.000,3.000,3.000,3.000,3.000,3.000,3.000,3.000,3.000,3.000,3.000,3.000,3.000,3.000,3.000,3.000,3.000,3.000,3.000,3.000,3.000,3.000,3.000,3.000,3.000,3.000,3.000,3.000,3.000,3.000,3.000,3.000,3.000,3.000,3.000,3.000,3.000,3.000,3.000,3.000,3.000,3.000,3.000,3.000,3.000,3.000,3.000,3.000,3.000,3.000,3.000,3.000,3.000,3.000,3.000,3.000,3.000,3.000,3.000,3.000,3.000,3.000,3.000,3.000,3.000,3.000,3.000,3.000,3.000,3.000,3.000,3.000,3.000,3.000,3.000,3.000,3.000,3.000
3.000,3.000,3.000,3.000,3.000,3.000,3.000,3.000,3.000,3.000,3.000,3.000,3.000,3.000,3.000,3.000,3.000,3.000,3.000,3.000,3.000,3.000,3.000,3.000,3.000,3.000,3.000,3.000,3.000,3.000,3.000,3.000,3.000,3.000,3.000,3.000,3.000,3.000,3.000,3.000,3.000,3.000,3.000,3.000,3.000,3.000,3.000,3.000,3.000,3.000,3.000,3.000,3.000,3.000,3.000,3.000,3.000,1.853,1.853,1.853,1.830,1.830,3.000,1.812,1.812,1.812,1.795,1.803,1.801,1.798,1.773,1.767,1.760,1.777,3.000,3.000,3.000,3.000,3.000,3.000,3.000,3.000,3.000,3.000,3.000,1.571,1.559,1.577,1.598,1.608,1.606,1.604,1.598,1.583,1.565,1.554,1.541,1.572,3.000,3.000,3.000,0.936,0.927,0.901,0.884,0.872,0.861,0.853,0.847,0.841,0.837,0.832,0.827,0.825,0.823,0.820,0.816,0.812,0.809,0.805,0.801,0.798,0.796,0.795,0.792,0.789,0.787,0.786,0.784,0.784,0.782,0.782,0.781,0.779,0.778,0.777,0.776,0.776,0.775,0.774,0.774,0.773,0.773,0.773,0.774,0.774,0.772,0.771,0.771,0.770,0.770,0.770,0.771,0.771,0.771,0.771,0.771,0.772,0.772,0.772,0.772,0.772,0.772,0.773,0.774,0.774,0.774,0.775,0.775,0.777,0.778,0.779,0.780,0.781,0.784,0.784,0.785,0.784,0.785,0.785,0.784,0.784,0.783,0.783,0.782,0.782,0.782,0.782,0.783,0.784,0.785,0.785,0.785,0.784,0.783,0.782,0.779,0.777,0.775,0.774,0.774,0.776,0.777,0.780,0.782,0.785,0.790,0.795,0.803,0.809,0.820,0.822,0.822,0.822,3.000,3.000,3.000,3.000,3.000,3.000,3.000,3.000,3.000,3.000,3.000,3.000,3.000,3.000,3.000,3.000,3.000,3.000,3.000,3.000,3.000,3.000,3.000,3.000,3.000,3.000,3.000,3.000,3.000,3.000,3.000,3.000,3.000,3.000,3.000,3.000,3.000,3.000,3.000,3.000,3.000,3.000,3.000,3.000,3.000,3.000,3.000,3.000,3.000,3.000,3.000,3.000,3.000,3.000,3.000,3.000,3.000,3.000,3.000,3.000,3.000,3.000,3.000,3.000,3.000,3.000,3.000,3.000,3.000,3.000,3.000,3.000,3.000,3.000,3.000,3.000,3.000,3.000,3.000,3.000,3.000,3.000,3.000,3.000,3.000,3.000,3.000,3.000,3.000,3.000,3.000,3.000,3.000,3.000,3.000,3.000,3.000,3.000,3.000,3.000,3.000,3.000,3.000,3.000,3.000,3.000
3.000,3.000,3.000,3.000,3.000,3.000,3.000,3.000,3.000,3.000,3.000,3.000,3.000,3.000,3.000,3.000,3.000,3.000,3.000,3.000,3.000,3.000,3.000,3.000,3.000,3.000,3.000,3.000,3.000,3.000,3.000,3.000,3.000,3.000,3.000,3.000,3.000,3.000,3.000,3.000,3.000,3.000,3.000,3.000,3.000,3.000,3.000,3.000,3.000,3.000,3.000,3.000,3.000,3.000,3.000,3.000,3.000,1.853,1.853,1.839,1.830,1.836,1.812,1.816,1.812,1.809,1.800,1.804,1.803,1.800,1.784,1.780,1.777,1.783,3.000,3.000,3.000,3.000,3.000,3.000,3.000,3.000,3.000,3.000,3.000,1.559,1.577,1.564,1.586,1.597,1.594,1.588,1.576,1.556,1.546,1.535,1.520,1.541,3.000,3.000,3.000,0.927,0.918,0.893,0.874,0.863,0.855,0.848,0.843,0.838,0.835,0.829,0.825,0.822,0.821,0.818,0.815,0.811,0.807,0.804,0.800,0.797,0.796,0.794,0.792,0.789,0.787,0.786,0.784,0.784,0.783,0.782,0.781,0.780,0.779,0.778,0.778,0.778,0.777,0.776,0.775,0.775,0.776,0.775,0.776,0.775,0.773,0.772,0.772,0.771,0.771,0.771,0.772,0.772,0.772,0.772,0.772,0.773,0.773,0.771,0.772,0.771,0.771,0.771,0.771,0.771,0.772,0.772,0.773,0.774,0.774,0.775,0.776,0.777,0.779,0.779,0.780,0.779,0.780,0.780,0.780,0.780,0.780,0.780,0.779,0.778,0.778,0.779,0.780,0.782,0.782,0.783,0.783,0.783,0.782,0.781,0.779,0.777,0.774,0.772,0.772,0.773,0.773,0.775,0.777,0.779,0.783,0.786,0.792,0.796,0.804,0.810,0.822,0.854,0.854,0.854,3.000,3.000,3.000,3.000,3.000,3.000,3.000,3.000,3.000,3.000,3.000,3.000,3.000,3.000,3.000,1.549,1.555,1.555,1.555,3.000,3.000,3.000,3.000,3.000,3.000,3.000,3.000,3.000,3.000,3.000,3.000,3.000,3.000,3.000,3.000,3.000,3.000,3.000,3.000,3.000,3.000,3.000,3.000,3.000,3.000,3.000,3.000,3.000,3.000,3.000,3.000,3.000,3.000,3.000,3.000,3.000,3.000,3.000,3.000,3.000,3.000,3.000,3.000,3.000,3.000,3.000,3.000,3.000,3.000,3.000,3.000,3.000,3.000,3.000,3.000,3.000,3.000,3.000,3.000,3.000,3.000,3.000,3.000,3.000,3.000,3.000,3.000,3.000,3.000,3.000,3.000,3.000,3.000,3.000,3.000,3.000,3.000,3.000,3.000,3.000,3.000,3.000,3.000,3.000
3.000,3.000,3.000,3.000,3.000,3.000,3.000,3.000,3.000,3.000,3.000,3.000,3.000,3.000,3.000,3.000,3.000,3.000,3.000,3.000,3.000,3.000,3.000,3.000,3.000,3.000,3.000,3.000,3.000,3.000,3.000,3.000,3.000,3.000,3.000,3.000,3.000,3.000,3.000,3.000,3.000,3.000,3.000,3.000,3.000,3.000,3.000,3.000,3.000,3.000,3.000,3.000,3.000,3.000,3.000,3.000,3.000,1.853,1.853,1.853,1.836,1.812,1.807,1.811,1.816,1.810,1.802,1.804,1.800,1.798,1.788,1.784,1.783,1.786,1.784,3.000,3.000,3.000,3.000,3.000,3.000,3.000,3.000,3.000,3.000,1.541,1.564,1.560,1.583,1.591,1.584,1.576,1.553,1.539,1.529,1.519,1.535,1.520,3.000,3.000,3.000,0.918,0.913,0.887,0.868,0.858,0.850,0.844,0.841,0.837,0.833,0.827,0.824,0.821,0.820,0.816,0.814,0.810,0.807,0.802,0.799,0.797,0.795,0.793,0.791,0.788,0.786,0.787,0.786,0.786,0.784,0.784,0.782,0.781,0.781,0.781,0.781,0.781,0.780,0.779,0.779,0.778,0.778,0.778,0.779,0.778,0.774,0.773,0.773,0.773,0.773,0.773,0.774,0.773,0.773,0.773,0.773,0.774,0.774,0.772,0.772,0.771,0.770,0.769,0.769,0.768,0.768,0.768,0.768,0.770,0.770,0.772,0.773,0.773,0.775,0.775,0.776,0.776,0.776,0.777,0.777,0.777,0.777,0.777,0.776,0.775,0.776,0.776,0.778,0.780,0.781,0.781,0.781,0.781,0.781,0.781,0.777,0.776,0.773,0.771,0.770,0.770,0.770,0.771,0.773,0.775,0.777,0.780,0.784,0.787,0.792,0.797,0.807,0.816,0.854,0.854,0.828,3.000,3.000,3.000,3.000,3.000,3.000,3.000,3.000,3.000,3.000,3.000,3.000,3.000,1.531,1.550,1.549,1.555,1.557,3.000,3.000,3.000,3.000,3.000,3.000,3.000,3.000,3.000,3.000,3.000,3.000,3.000,3.000,3.000,3.000,3.000,3.000,3.000,3.000,3.000,3.000,3.000,3.000,3.000,3.000,3.000,3.000,3.000,3.000,3.000,3.000,3.000,3.000,3.000,3.000,3.000,3.000,3.000,3.000,3.000,3.000,3.000,3.000,3.000,3.000,3.000,3.000,3.000,3.000,3.000,3.000,3.000,3.000,3.000,3.000,3.000,3.000,3.000,3.000,3.000,3.000,3.000,3.000,3.000,3.000,3.000,3.000,3.000,3.000,3.000,3.000,3.000,3.000,3.000,3.000,3.000,3.000,3.000,3.000,3.000,3.000,3.000,3.000,3.000
3.000,3.000,3.000,3.000,3.000,3.000,3.000,3.000,3.000,3.000,3.000,3.000,3.000,3.000,3.000,3.000,3.000,3.000,3.000,3.000,3.000,3.000,3.000,3.000,3.000,3.000,3.000,3.000,3.000,3.000,3.000,3.000,3.000,3.000,3.000,3.000,3.000,3.000,3.000,3.000,3.000,3.000,3.000,3.000,3.000,3.000,3.000,3.000,3.000,3.000,3.000,3.000,3.000,3.000,3.000,3.000,3.000,3.000,3.000,1.836,1.834,1.800,1.797,1.807,1.815,1.813,1.804,1.804,1.800,1.798,1.790,1.788,1.786,1.784,1.784,3.000,3.000,3.000,3.000,3.000,3.000,3.000,3.000,3.000,3.000,1.541,1.541,1.555,1.579,1.585,1.575,1.559,1.531,1.521,1.516,1.507,1.519,3.000,3.000,3.000,3.000,0.913,0.910,0.880,0.864,0.854,0.847,0.841,0.838,0.835,0.832,0.826,0.823,0.820,0.820,0.815,0.814,0.809,0.806,0.801,0.798,0.796,0.794,0.793,0.790,0.787,0.786,0.787,0.786,0.786,0.785,0.784,0.783,0.782,0.783,0.783,0.783,0.783,0.782,0.780,0.781,0.781,0.781,0.781,0.783,0.782,0.776,0.775,0.776,0.775,0.776,0.775,0.776,0.775,0.774,0.774,0.774,0.776,0.776,0.773,0.772,0.770,0.769,0.768,0.767,0.766,0.765,0.765,0.765,0.767,0.767,0.769,0.770,0.771,0.772,0.773,0.773,0.773,0.774,0.774,0.774,0.774,0.774,0.774,0.774,0.773,0.774,0.775,0.777,0.779,0.780,0.780,0.780,0.780,0.781,0.780,0.777,0.775,0.772,0.770,0.768,0.768,0.768,0.769,0.770,0.771,0.773,0.774,0.778,0.780,0.783,0.787,0.796,0.803,0.821,0.828,0.828,3.000,3.000,3.000,3.000,3.000,3.000,3.000,3.000,3.000,3.000,3.000,3.000,3.000,1.531,1.531,1.550,1.557,1.557,3.000,3.000,3.000,3.000,3.000,3.000,3.000,3.000,3.000,3.000,3.000,3.000,3.000,3.000,3.000,3.000,3.000,3.000,3.000,3.000,3.000,3.000,3.000,3.000,3.000,3.000,3.000,3.000,3.000,3.000,3.000,3.000,3.000,3.000,3.000,3.000,3.000,3.000,3.000,3.000,3.000,3.000,3.000,3.000,3.000,3.000,3.000,3.000,3.000,3.000,3.000,3.000,3.000,3.000,3.000,3.000,3.000,3.000,3.000,3.000,3.000,3.000,3.000,3.000,3.000,3.000,3.000,3.000,3.000,3.000,3.000,3.000,3.000,3.000,3.000,3.000,3.000,3.000,3.000,3.000,3.000,3.000,3.000,3.000,3.000
