3.000,3.000,3.000,3.000,3.000,3.000,3.000,3.000,3.000,3.000,3.000,3.000,3.000,3.000,3.000,3.000,3.000,3.000,3.000,3.000,3.000,3.000,3.000,3.000,3.000,3.000,3.000,3.000,3.000,3.000,3.000,3.000,3.000,3.000,3.000,3.000,3.000,3.000,3.000,3.000,3.000,3.000,3.000,3.000,3.000,3.000,3.000,3.000,3.000,3.000,3.000,3.000,3.000,3.000,3.000,3.000,2.547,2.547,2.533,2.528,2.525,2.523,2.519,2.512,2.506,2.500,2.495,2.485,2.475,2.453,2.448,2.448,2.447,2.448,2.446,2.442,2.432,2.427,2.426,2.420,2.424,2.413,2.409,2.404,2.399,2.393,2.392,2.386,2.383,2.379,2.376,2.370,2.367,2.361,2.354,2.346,2.340,2.338,2.336,2.334,2.333,2.334,2.333,2.332,2.327,2.328,2.323,2.320,2.319,2.317,2.315,2.311,2.305,2.302,2.299,2.291,2.290,2.296,2.296,2.299,2.297,2.296,2.295,2.290,2.290,2.290,2.289,2.286,2.283,2.283,2.284,2.283,2.280,2.279,2.280,2.282,2.282,2.285,2.285,2.285,2.278,2.278,2.280,2.281,2.284,2.284,2.281,2.277,2.276,2.276,2.277,2.278,2.279,2.279,2.279,2.280,2.281,2.289,2.288,2.296,2.293,2.295,2.296,2.298,2.300,2.302,2.303,2.305,2.306,2.312,2.314,2.316,2.318,2.321,2.323,2.326,2.333,2.336,2.336,2.334,2.333,2.336,2.349,2.353,2.357,2.359,2.362,2.366,2.371,2.374,2.378,2.378,2.382,2.380,2.378,2.380,2.391,2.395,2.399,2.398,2.405,2.405,2.414,2.416,2.428,2.433,2.440,2.445,2.450,2.456,2.462,2.478,2.484,2.488,2.490,2.498,2.499,2.505,2.510,2.516,2.522,2.540,2.547,2.550,2.556,2.575,2.588,2.592,2.600,2.608,2.615,2.639,2.647,2.652,2.659,2.663,2.671,2.676,2.680,2.685,2.691,2.713,2.713,2.718,2.721,2.753,2.779,2.783,2.801,2.815,2.820,2.823,2.829,2.856,2.864,2.868,2.866,2.870,2.876,2.884,2.896,2.896,3.000,3.000,3.000,3.000,3.000,3.000,3.000,3.000,3.000,3.000,3.000,3.000,3.000,3.000,3.000,3.000,3.000,3.000,3.000,3.000,3.000,3.000,3.000,3.000,3.000,3.000,3.000,3.000,3.000,3.000,3.000,3.000,3.000,3.000,3.000,3.000,3.000,3.000,3.000,3.000,3.000,3.000,3.000,3.000,3.000,3.000,3.000,3.000,3.000,3.000,3.000,3.000,3.000,3.000,3.000,3.000,3.000,3.000
3.000,3.000,3.000,3.000,3.000,3.000,3.000,3.000,3.000,3.000,3.000,3.000,3.000,3.000,3.000,3.000,3.000,3.000,3.000,3.000,3.000,3.000,3.000,3.000,3.000,3.000,3.000,3.000,3.000,3.000,3.000,3.000,3.000,3.000,3.000,3.000,3.000,3.000,3.000,3.000,3.000,3.000,3.000,3.000,3.000,3.000,3.000,3.000,3.000,3.000,3.000,3.000,3.000,3.000,3.000,3.000,2.547,2.536,2.528,2.521,2.520,2.518,2.515,2.508,2.503,2.497,2.492,2.483,2.474,2.458,2.453,2.450,2.446,2.446,2.442,2.435,2.428,2.424,2.422,2.416,2.416,2.409,2.404,2.399,2.395,2.390,2.388,2.383,2.379,2.375,2.372,2.366,2.362,2.357,2.350,2.343,2.337,2.335,2.333,2.331,2.330,2.330,2.329,2.328,2.322,2.323,2.318,2.316,2.314,2.313,2.310,2.305,2.301,2.298,2.296,2.289,2.288,2.293,2.293,2.296,2.294,2.293,2.290,2.287,2.287,2.287,2.286,2.284,2.281,2.281,2.281,2.280,2.277,2.276,2.277,2.280,2.280,2.283,2.283,2.281,2.276,2.276,2.277,2.278,2.280,2.280,2.275,2.272,2.271,2.271,2.271,2.272,2.274,2.275,2.276,2.277,2.278,2.282,2.283,2.289,2.288,2.290,2.291,2.293,2.296,2.297,2.298,2.300,2.301,2.306,2.307,2.309,2.313,2.316,2.318,2.321,2.326,2.330,2.330,2.329,2.328,2.331,2.340,2.344,2.348,2.351,2.355,2.359,2.363,2.366,2.369,2.370,2.374,2.373,2.373,2.375,2.384,2.389,2.394,2.395,2.401,2.402,2.410,2.413,2.421,2.428,2.435,2.441,2.446,2.451,2.457,2.470,2.475,2.480,2.481,2.485,2.489,2.496,2.502,2.508,2.516,2.534,2.540,2.544,2.550,2.568,2.579,2.584,2.592,2.600,2.606,2.621,2.635,2.632,2.644,2.648,2.660,2.665,2.670,2.676,2.684,2.701,2.705,2.711,2.714,2.740,2.761,2.769,2.769,2.803,2.809,2.813,2.820,2.842,2.855,2.858,2.860,2.866,2.875,2.887,2.896,2.902,2.902,3.000,3.000,3.000,3.000,3.000,3.000,3.000,3.000,3.000,3.000,3.000,3.000,3.000,3.000,3.000,3.000,3.000,3.000,3.000,3.000,3.000,3.000,3.000,3.000,3.000,3.000,3.000,3.000,3.000,3.000,3.000,3.000,3.000,3.000,3.000,3.000,3.000,3.000,3.000,3.000,3.000,3.000,3.000,3.000,3.000,3.000,3.000,3.000,3.000,3.000,3.000,3.000,3.000,3.000,3.000,3.000,3.000
3.000,3.000,3.000,3.000,3.000,3.000,3.000,3.000,3.000,3.000,3.000,3.000,3.000,3.000,3.000,3.000,3.000,3.000,3.000,3.000,3.000,3.000,3.000,3.000,3.000,3.000,3.000,3.000,3.000,3.000,3.000,3.000,3.000,3.000,3.000,3.000,3.000,3.000,3.000,3.000,3.000,3.000,3.000,3.000,3.000,3.000,3.000,3.000,3.000,3.000,3.000,3.000,3.000,3.000,3.000,3.000,2.536,2.526,2.520,2.513,2.511,2.507,2.502,2.499,2.494,2.491,2.484,2.475,2.468,2.456,2.450,2.446,2.441,2.437,2.433,2.428,2.422,2.418,2.416,2.411,2.409,2.403,2.398,2.389,2.387,2.384,2.382,2.378,2.373,2.369,2.366,2.360,2.356,2.351,2.344,2.340,2.334,2.332,2.328,2.327,2.325,2.324,2.321,2.319,2.313,2.314,2.311,2.309,2.307,2.306,2.303,2.300,2.297,2.294,2.292,2.287,2.286,2.289,2.288,2.290,2.287,2.287,2.284,2.283,2.282,2.283,2.282,2.282,2.279,2.278,2.278,2.276,2.274,2.273,2.274,2.277,2.278,2.280,2.279,2.276,2.273,2.272,2.272,2.273,2.274,2.274,2.269,2.266,2.266,2.266,2.266,2.266,2.268,2.269,2.272,2.273,2.273,2.274,2.275,2.280,2.281,2.281,2.283,2.288,2.290,2.291,2.292,2.294,2.294,2.299,2.301,2.303,2.306,2.309,2.312,2.314,2.318,2.322,2.322,2.322,2.322,2.326,2.333,2.338,2.341,2.344,2.348,2.352,2.357,2.359,2.362,2.363,2.367,2.367,2.368,2.371,2.376,2.384,2.387,2.390,2.396,2.398,2.404,2.408,2.415,2.419,2.428,2.435,2.440,2.446,2.451,2.461,2.468,2.472,2.473,2.477,2.481,2.483,2.490,2.500,2.506,2.520,2.529,2.534,2.541,2.553,2.568,2.575,2.583,2.590,2.597,2.607,2.614,2.619,2.628,2.635,2.643,2.647,2.659,2.665,2.673,2.690,2.697,2.701,2.703,2.715,2.747,2.750,2.754,2.765,2.789,2.795,2.802,2.827,2.838,2.844,2.850,2.858,2.871,2.884,2.893,2.902,2.902,3.000,3.000,3.000,3.000,3.000,3.000,3.000,3.000,3.000,3.000,3.000,3.000,3.000,3.000,3.000,3.000,3.000,3.000,3.000,3.000,3.000,3.000,3.000,3.000,3.000,3.000,3.000,3.000,3.000,3.000,3.000,3.000,3.000,3.000,3.000,3.000,3.000,3.000,3.000,3.000,3.000,3.000,3.000,3.000,3.000,3.000,3.000,3.000,3.000,3.000,3.000,3.000,3.000,3.000,3.000,3.000,3.000
3.000,3.000,3.000,3.000,3.000,3.000,3.000,3.000,3.000,3.000,3.000,3.000,3.000,3.000,3.000,3.000,3.000,3.000,3.000,3.000,3.000,3.000,3.000,3.000,3.000,3.000,3.000,3.000,3.000,3.000,3.000,3.000,3.000,3.000,3.000,3.000,3.000,3.000,3.000,3.000,3.000,3.000,3.000,3.000,3.000,3.000,3.000,3.000,3.000,3.000,3.000,3.000,3.000,3.000,3.000,2.517,2.526,2.513,2.509,2.505,2.501,2.499,2.495,2.493,2.488,2.485,2.475,2.471,2.465,2.454,2.449,2.443,2.437,2.431,2.426,2.421,2.416,2.412,2.410,2.406,2.402,2.395,2.386,2.381,2.378,2.376,2.374,2.371,2.365,2.361,2.358,2.350,2.347,2.339,2.336,2.332,2.327,2.323,2.321,2.320,2.316,2.315,2.310,2.304,2.302,2.302,2.303,2.302,2.300,2.298,2.296,2.293,2.290,2.288,2.286,2.282,2.281,2.283,2.280,2.280,2.279,2.280,2.275,2.274,2.275,2.277,2.277,2.277,2.274,2.273,2.273,2.271,2.269,2.266,2.266,2.271,2.272,2.274,2.271,2.270,2.267,2.266,2.266,2.265,2.266,2.266,2.263,2.261,2.261,2.261,2.261,2.261,2.262,2.264,2.267,2.268,2.267,2.267,2.268,2.271,2.272,2.273,2.275,2.280,2.283,2.284,2.284,2.286,2.287,2.292,2.294,2.295,2.297,2.299,2.305,2.306,2.309,2.312,2.312,2.316,2.316,2.320,2.326,2.331,2.335,2.338,2.342,2.345,2.350,2.351,2.355,2.354,2.357,2.359,2.362,2.365,2.370,2.374,2.381,2.384,2.389,2.392,2.398,2.401,2.408,2.412,2.417,2.428,2.433,2.438,2.443,2.452,2.457,2.459,2.462,2.466,2.471,2.475,2.482,2.490,2.499,2.512,2.520,2.526,2.532,2.543,2.554,2.563,2.571,2.581,2.588,2.597,2.603,2.610,2.618,2.625,2.631,2.635,2.641,2.650,2.662,2.671,2.687,2.692,2.694,2.705,2.730,2.739,2.744,2.752,2.761,2.778,2.786,2.813,2.824,2.830,2.837,2.851,2.869,2.882,2.890,2.895,2.902,3.000,3.000,3.000,3.000,3.000,3.000,3.000,3.000,3.000,3.000,3.000,3.000,3.000,3.000,3.000,3.000,3.000,3.000,3.000,3.000,3.000,3.000,3.000,3.000,3.000,3.000,3.000,3.000,3.000,3.000,3.000,3.000,3.000,3.000,3.000,3.000,3.000,3.000,3.000,3.000,3.000,3.000,3.000,3.000,3.000,3.000,3.000,3.000,3.000,3.000,3.000,3.000,3.000,3.000,3.000,3.000,3.000
3.000,3.000,3.000,3.000,3.000,3.000,3.000,3.000,3.000,3.000,3.000,3.000,3.000,3.000,3.000,3.000,3.000,3.000,3.000,3.000,3.000,3.000,3.000,3.000,3.000,3.000,3.000,3.000,3.000,3.000,3.000,3.000,3.000,3.000,3.000,3.000,3.000,3.000,3.000,3.000,3.000,3.000,3.000,3.000,3.000,3.000,3.000,3.000,3.000,3.000,3.000,3.000,3.000,3.000,2.498,2.517,2.517,2.507,2.504,2.500,2.496,2.493,2.489,2.488,2.483,2.478,2.470,2.467,2.462,2.452,2.446,2.436,2.428,2.424,2.419,2.415,2.409,2.405,2.402,2.399,2.393,2.385,2.377,2.372,2.369,2.365,2.361,2.357,2.354,2.351,2.348,2.337,2.333,2.330,2.329,2.324,2.320,2.316,2.314,2.312,2.309,2.307,2.302,2.297,2.295,2.294,2.297,2.293,2.294,2.293,2.291,2.288,2.285,2.282,2.280,2.276,2.274,2.274,2.272,2.270,2.269,2.268,2.268,2.267,2.269,2.270,2.271,2.270,2.268,2.267,2.266,2.264,2.261,2.259,2.259,2.263,2.264,2.266,2.264,2.262,2.259,2.259,2.259,2.259,2.260,2.260,2.258,2.256,2.255,2.256,2.255,2.256,2.256,2.258,2.262,2.262,2.260,2.258,2.260,2.262,2.263,2.265,2.267,2.271,2.275,2.277,2.277,2.278,2.279,2.281,2.283,2.285,2.288,2.291,2.296,2.299,2.301,2.304,2.305,2.309,2.311,2.315,2.320,2.325,2.329,2.332,2.335,2.339,2.344,2.345,2.347,2.349,2.351,2.354,2.357,2.360,2.364,2.368,2.372,2.375,2.379,2.385,2.390,2.394,2.401,2.405,2.409,2.420,2.425,2.430,2.432,2.443,2.447,2.451,2.455,2.460,2.464,2.470,2.477,2.485,2.493,2.503,2.513,2.518,2.525,2.535,2.545,2.552,2.559,2.569,2.576,2.587,2.594,2.600,2.608,2.616,2.620,2.625,2.630,2.637,2.647,2.655,2.677,2.679,2.686,2.696,2.723,2.732,2.736,2.744,2.751,2.763,2.776,2.792,2.813,2.818,2.828,2.838,2.862,2.873,2.882,2.887,2.895,3.000,3.000,3.000,3.000,3.000,3.000,3.000,3.000,3.000,3.000,3.000,3.000,3.000,3.000,3.000,3.000,3.000,3.000,3.000,3.000,3.000,3.000,3.000,3.000,3.000,3.000,3.000,3.000,3.000,3.000,3.000,3.000,3.000,3.000,3.000,3.000,3.000,3.000,3.000,3.000,3.000,3.000,3.000,3.000,3.000,3.000,3.000,3.000,3.000,3.000,3.000,3.000,3.000,3.000,3.000,3.000,3.000
3.000,3.000,3.000,3.000,3.000,3.000,3.000,3.000,3.000,3.000,3.000,3.000,3.000,3.000,3.000,3.000,3.000,3.000,3.000,3.000,3.000,3.000,3.000,3.000,3.000,3.000,3.000,3.000,3.000,3.000,3.000,3.000,3.000,3.000,3.000,3.000,3.000,3.000,3.000,3.000,3.000,3.000,3.000,3.000,3.000,3.000,3.000,3.000,3.000,3.000,3.000,3.000,3.000,2.499,2.499,2.498,2.504,2.500,2.497,2.493,2.489,2.486,2.482,2.479,2.474,2.471,2.464,2.461,2.456,2.443,2.438,2.427,2.418,2.414,2.410,2.406,2.396,2.392,2.388,2.390,2.384,2.376,2.369,2.364,2.361,2.355,2.352,2.349,2.347,2.342,2.337,2.330,2.326,2.322,2.322,2.317,2.314,2.311,2.309,2.305,2.304,2.300,2.296,2.291,2.289,2.287,2.287,2.285,2.285,2.286,2.285,2.282,2.279,2.275,2.273,2.270,2.268,2.268,2.265,2.263,2.262,2.260,2.261,2.260,2.262,2.261,2.263,2.262,2.259,2.258,2.257,2.255,2.252,2.251,2.251,2.251,2.251,2.254,2.253,2.253,2.250,2.251,2.252,2.252,2.253,2.254,2.252,2.250,2.250,2.249,2.248,2.249,2.250,2.251,2.254,2.254,2.252,2.251,2.252,2.254,2.256,2.258,2.260,2.264,2.267,2.268,2.268,2.269,2.269,2.271,2.273,2.275,2.280,2.283,2.288,2.289,2.291,2.293,2.296,2.301,2.303,2.306,2.310,2.316,2.319,2.322,2.325,2.330,2.336,2.338,2.340,2.342,2.345,2.348,2.351,2.355,2.358,2.362,2.365,2.368,2.371,2.375,2.380,2.386,2.392,2.396,2.399,2.406,2.411,2.415,2.419,2.427,2.433,2.437,2.441,2.447,2.452,2.460,2.469,2.475,2.484,2.493,2.500,2.506,2.515,2.525,2.534,2.540,2.542,2.550,2.563,2.574,2.580,2.589,2.594,2.603,2.606,2.612,2.620,2.627,2.636,2.643,2.661,2.668,2.676,2.687,2.714,2.725,2.729,2.736,2.743,2.755,2.768,2.784,2.804,2.811,2.821,2.832,2.857,2.866,2.876,2.887,2.887,3.000,3.000,3.000,3.000,3.000,3.000,3.000,3.000,3.000,3.000,3.000,3.000,3.000,3.000,3.000,3.000,3.000,3.000,3.000,3.000,3.000,3.000,3.000,3.000,3.000,3.000,3.000,3.000,3.000,3.000,3.000,3.000,3.000,3.000,3.000,3.000,3.000,3.000,3.000,3.000,3.000,3.000,3.000,3.000,3.000,3.000,3.000,3.000,3.000,3.000,3.000,3.000,3.000,3.000,3.000,3.000,3.000
3.000,3.000,3.000,3.000,3.000,3.000,3.000,3.000,3.000,3.000,3.000,3.000,3.000,3.000,3.000,3.000,3.000,3.000,3.000,3.000,3.000,3.000,3.000,3.000,3.000,3.000,3.000,3.000,3.000,3.000,3.000,3.000,3.000,3.000,3.000,3.000,3.000,3.000,3.000,3.000,3.000,3.000,3.000,3.000,3.000,3.000,3.000,3.000,3.000,3.000,3.000,3.000,3.000,2.499,2.499,2.495,2.498,2.495,2.492,2.488,2.483,2.478,2.474,2.471,2.462,2.461,2.453,2.452,2.445,2.431,2.426,2.418,2.410,2.406,2.400,2.396,2.387,2.383,2.378,2.379,2.372,2.362,2.358,2.354,2.351,2.347,2.343,2.340,2.338,2.335,2.329,2.323,2.320,2.316,2.315,2.312,2.309,2.307,2.306,2.302,2.301,2.297,2.292,2.287,2.283,2.281,2.280,2.278,2.276,2.275,2.277,2.276,2.271,2.269,2.265,2.264,2.261,2.262,2.260,2.257,2.256,2.254,2.254,2.253,2.254,2.253,2.253,2.252,2.251,2.250,2.249,2.247,2.244,2.244,2.243,2.244,2.243,2.244,2.243,2.244,2.242,2.241,2.241,2.241,2.245,2.246,2.245,2.243,2.243,2.242,2.241,2.242,2.242,2.243,2.245,2.243,2.242,2.242,2.244,2.247,2.249,2.252,2.253,2.256,2.259,2.260,2.260,2.261,2.262,2.263,2.264,2.266,2.271,2.275,2.279,2.280,2.283,2.285,2.288,2.294,2.296,2.298,2.299,2.306,2.310,2.313,2.318,2.321,2.327,2.329,2.332,2.336,2.339,2.343,2.346,2.350,2.354,2.357,2.361,2.364,2.367,2.370,2.376,2.381,2.387,2.391,2.394,2.400,2.405,2.409,2.414,2.420,2.426,2.430,2.434,2.439,2.445,2.453,2.462,2.468,2.477,2.485,2.491,2.497,2.505,2.514,2.523,2.528,2.531,2.540,2.551,2.563,2.569,2.575,2.577,2.588,2.592,2.599,2.607,2.613,2.620,2.627,2.645,2.655,2.664,2.673,2.698,2.711,2.717,2.725,2.732,2.744,2.754,2.775,2.790,2.798,2.812,2.824,2.846,2.854,2.867,2.876,3.000,3.000,3.000,3.000,3.000,3.000,3.000,3.000,3.000,3.000,3.000,3.000,3.000,3.000,3.000,3.000,3.000,3.000,3.000,3.000,3.000,3.000,3.000,3.000,3.000,3.000,3.000,3.000,3.000,3.000,3.000,3.000,3.000,3.000,3.000,3.000,3.000,3.000,3.000,3.000,3.000,3.000,3.000,3.000,3.000,3.000,3.000,3.000,3.000,3.000,3.000,3.000,3.000,3.000,3.000,3.000,3.000,3.000
3.000,3.000,3.000,3.000,3.000,3.000,3.000,3.000,3.000,3.000,3.000,3.000,3.000,3.000,3.000,3.000,3.000,3.000,3.000,3.000,3.000,3.000,3.000,3.000,3.000,3.000,3.000,3.000,3.000,3.000,3.000,3.000,3.000,3.000,3.000,3.000,3.000,3.000,3.000,3.000,3.000,3.000,3.000,3.000,3.000,3.000,3.000,3.000,3.000,3.000,3.000,3.000,2.500,2.500,2.497,2.492,2.492,2.490,2.487,2.481,2.475,2.470,2.462,2.458,2.453,2.452,2.444,2.441,2.426,2.421,2.414,2.408,2.400,2.397,2.391,2.387,2.377,2.373,2.369,2.366,2.361,2.353,2.349,2.345,2.342,2.339,2.336,2.333,2.331,2.328,2.321,2.317,2.313,2.309,2.307,2.304,2.301,2.301,2.299,2.296,2.293,2.291,2.287,2.282,2.277,2.275,2.274,2.272,2.270,2.269,2.268,2.267,2.263,2.260,2.258,2.255,2.254,2.254,2.253,2.250,2.246,2.245,2.247,2.245,2.245,2.243,2.243,2.243,2.241,2.242,2.238,2.238,2.236,2.236,2.236,2.236,2.235,2.236,2.235,2.235,2.235,2.234,2.233,2.234,2.234,2.235,2.235,2.235,2.235,2.234,2.233,2.230,2.230,2.233,2.234,2.233,2.233,2.234,2.235,2.239,2.242,2.245,2.247,2.249,2.250,2.252,2.253,2.254,2.255,2.256,2.257,2.258,2.264,2.267,2.270,2.270,2.272,2.276,2.278,2.285,2.288,2.287,2.289,2.293,2.299,2.304,2.308,2.310,2.314,2.319,2.322,2.326,2.328,2.335,2.338,2.342,2.347,2.349,2.354,2.357,2.360,2.364,2.369,2.374,2.379,2.382,2.386,2.390,2.394,2.402,2.406,2.413,2.418,2.422,2.427,2.431,2.435,2.445,2.453,2.460,2.467,2.474,2.480,2.487,2.493,2.499,2.506,2.517,2.521,2.531,2.541,2.554,2.559,2.564,2.568,2.577,2.582,2.590,2.598,2.602,2.611,2.619,2.637,2.647,2.656,2.666,2.690,2.703,2.710,2.718,2.725,2.737,2.746,2.768,2.783,2.791,2.807,2.821,2.843,2.852,2.865,2.867,2.867,2.869,2.869,2.869,3.000,3.000,3.000,3.000,3.000,3.000,3.000,3.000,3.000,3.000,3.000,3.000,3.000,3.000,3.000,3.000,3.000,3.000,3.000,3.000,3.000,3.000,3.000,3.000,3.000,3.000,3.000,3.000,3.000,3.000,3.000,3.000,3.000,3.000,3.000,3.000,3.000,3.000,3.000,3.000,3.000,3.000,3.000,3.000,3.000,3.000,3.000,3.000,3.000,3.000,3.000,3.000,3.000,3.000
3.000,3.000,3.000,3.000,3.000,3.000,3.000,3.000,3.000,3.000,3.000,3.000,3.000,3.000,3.000,3.000,3.000,3.000,3.000,3.000,3.000,3.000,3.000,3.000,3.000,3.000,3.000,3.000,3.000,3.000,3.000,3.000,3.000,3.000,3.000,3.000,3.000,3.000,3.000,3.000,3.000,3.000,3.000,3.000,3.000,3.000,3.000,3.000,3.000,3.000,3.000,2.494,2.500,2.500,2.492,2.483,2.482,2.480,2.477,2.472,2.459,2.455,2.450,2.446,2.442,2.442,2.435,2.432,2.418,2.413,2.406,2.400,2.391,2.387,2.380,2.377,2.369,2.365,2.361,2.358,2.350,2.346,2.342,2.338,2.335,2.332,2.329,2.327,2.324,2.319,2.314,2.308,2.304,2.301,2.299,2.296,2.292,2.292,2.290,2.288,2.283,2.281,2.279,2.275,2.270,2.267,2.267,2.266,2.264,2.262,2.262,2.259,2.257,2.253,2.251,2.248,2.246,2.246,2.244,2.240,2.238,2.237,2.239,2.237,2.238,2.236,2.236,2.235,2.234,2.232,2.230,2.230,2.230,2.229,2.230,2.229,2.228,2.228,2.227,2.228,2.227,2.227,2.227,2.228,2.228,2.229,2.228,2.228,2.228,2.227,2.223,2.222,2.221,2.223,2.224,2.224,2.225,2.223,2.225,2.229,2.232,2.237,2.238,2.241,2.240,2.242,2.244,2.247,2.248,2.248,2.249,2.251,2.256,2.258,2.260,2.261,2.263,2.265,2.269,2.275,2.276,2.278,2.280,2.283,2.288,2.293,2.296,2.299,2.302,2.306,2.309,2.313,2.316,2.323,2.327,2.333,2.337,2.340,2.344,2.347,2.352,2.355,2.359,2.364,2.370,2.372,2.376,2.380,2.383,2.390,2.396,2.404,2.409,2.413,2.419,2.423,2.428,2.435,2.447,2.454,2.460,2.468,2.473,2.480,2.486,2.491,2.498,2.505,2.513,2.523,2.532,2.541,2.548,2.554,2.560,2.568,2.574,2.581,2.587,2.593,2.600,2.610,2.628,2.638,2.647,2.657,2.681,2.694,2.702,2.710,2.716,2.726,2.736,2.748,2.769,2.778,2.788,2.812,2.837,2.846,2.859,2.862,2.864,2.867,2.869,2.869,2.864,3.000,3.000,3.000,3.000,3.000,3.000,3.000,3.000,3.000,3.000,3.000,3.000,3.000,3.000,3.000,3.000,3.000,3.000,3.000,3.000,3.000,3.000,3.000,3.000,3.000,3.000,3.000,3.000,3.000,3.000,3.000,3.000,3.000,3.000,3.000,3.000,3.000,3.000,3.000,3.000,3.000,3.000,3.000,3.000,3.000,3.000,3.000,3.000,3.000,3.000,3.000,3.000,3.000
3.000,3.000,3.000,3.000,3.000,3.000,3.000,3.000,3.000,3.000,3.000,3.000,3.000,3.000,3.000,3.000,3.000,3.000,3.000,3.000,3.000,3.000,3.000,3.000,3.000,3.000,3.000,3.000,3.000,3.000,3.000,3.000,3.000,3.000,3.000,3.000,3.000,3.000,3.000,3.000,3.000,3.000,3.000,3.000,3.000,3.000,3.000,3.000,3.000,3.000,3.000,2.494,2.494,2.492,2.485,2.475,2.473,2.471,2.467,2.462,2.449,2.444,2.440,2.435,2.432,2.431,2.424,2.423,2.409,2.405,2.397,2.390,2.383,2.379,2.372,2.368,2.361,2.358,2.354,2.351,2.343,2.339,2.336,2.331,2.327,2.323,2.321,2.319,2.314,2.309,2.303,2.299,2.293,2.291,2.288,2.285,2.282,2.280,2.278,2.276,2.272,2.270,2.268,2.265,2.258,2.255,2.254,2.255,2.254,2.252,2.252,2.248,2.246,2.244,2.242,2.239,2.236,2.235,2.233,2.229,2.227,2.227,2.229,2.228,2.228,2.227,2.227,2.226,2.225,2.224,2.222,2.221,2.221,2.221,2.221,2.220,2.218,2.217,2.215,2.217,2.218,2.219,2.219,2.220,2.219,2.219,2.219,2.220,2.220,2.218,2.214,2.213,2.211,2.212,2.212,2.215,2.213,2.214,2.217,2.220,2.223,2.226,2.226,2.228,2.229,2.232,2.235,2.238,2.239,2.240,2.241,2.243,2.247,2.248,2.247,2.248,2.250,2.253,2.255,2.260,2.263,2.266,2.270,2.274,2.278,2.283,2.286,2.289,2.289,2.294,2.297,2.302,2.305,2.313,2.317,2.321,2.324,2.329,2.331,2.336,2.340,2.343,2.347,2.349,2.357,2.360,2.363,2.367,2.371,2.378,2.387,2.395,2.398,2.404,2.409,2.415,2.419,2.427,2.435,2.445,2.451,2.457,2.463,2.472,2.477,2.482,2.488,2.495,2.504,2.512,2.519,2.526,2.533,2.539,2.550,2.557,2.565,2.569,2.578,2.584,2.591,2.600,2.619,2.629,2.637,2.646,2.667,2.680,2.684,2.693,2.698,2.708,2.725,2.737,2.758,2.767,2.777,2.794,2.826,2.835,2.846,2.850,2.854,2.858,2.862,2.864,2.865,2.865,3.000,3.000,3.000,3.000,3.000,3.000,3.000,3.000,3.000,3.000,3.000,3.000,3.000,3.000,3.000,3.000,3.000,3.000,3.000,3.000,3.000,3.000,3.000,3.000,3.000,3.000,3.000,3.000,3.000,3.000,3.000,3.000,3.000,3.000,3.000,3.000,3.000,3.000,3.000,3.000,3.000,3.000,3.000,3.000,3.000,3.000,3.000,3.000,3.000,3.000,3.000,3.000
3.000,3.000,3.000,3.000,3.000,3.000,3.000,3.000,3.000,3.000,3.000,3.000,3.000,3.000,3.000,3.000,3.000,3.000,3.000,3.000,3.000,3.000,3.000,3.000,3.000,3.000,3.000,3.000,3.000,3.000,3.000,3.000,3.000,3.000,3.000,3.000,3.000,3.000,3.000,3.000,3.000,3.000,3.000,3.000,3.000,3.000,3.000,3.000,3.000,3.000,2.482,2.494,2.484,2.480,2.473,2.466,2.461,2.460,2.451,2.446,2.438,2.432,2.428,2.426,2.423,2.422,2.413,2.413,2.399,2.394,2.385,2.380,2.374,2.368,2.363,2.358,2.351,2.347,2.342,2.339,2.334,2.332,2.329,2.324,2.320,2.315,2.310,2.307,2.303,2.300,2.294,2.290,2.283,2.281,2.279,2.273,2.271,2.269,2.268,2.265,2.263,2.261,2.258,2.256,2.248,2.246,2.244,2.244,2.242,2.241,2.241,2.239,2.237,2.235,2.231,2.226,2.223,2.222,2.221,2.218,2.217,2.217,2.220,2.219,2.220,2.219,2.218,2.218,2.216,2.216,2.214,2.213,2.213,2.213,2.212,2.210,2.209,2.207,2.206,2.205,2.206,2.210,2.209,2.211,2.211,2.210,2.209,2.211,2.211,2.208,2.203,2.204,2.202,2.203,2.202,2.205,2.205,2.207,2.209,2.212,2.215,2.218,2.218,2.220,2.221,2.224,2.228,2.230,2.232,2.231,2.233,2.235,2.237,2.237,2.239,2.240,2.241,2.242,2.247,2.250,2.253,2.258,2.262,2.267,2.271,2.276,2.279,2.281,2.281,2.286,2.290,2.295,2.297,2.303,2.307,2.311,2.314,2.318,2.321,2.326,2.330,2.333,2.337,2.338,2.345,2.351,2.355,2.359,2.362,2.370,2.375,2.384,2.388,2.393,2.397,2.406,2.410,2.418,2.425,2.433,2.441,2.448,2.453,2.464,2.469,2.474,2.480,2.486,2.495,2.504,2.509,2.515,2.522,2.528,2.539,2.546,2.553,2.555,2.569,2.575,2.582,2.589,2.605,2.619,2.627,2.635,2.650,2.665,2.671,2.680,2.685,2.693,2.703,2.724,2.742,2.751,2.759,2.769,2.804,2.814,2.824,2.822,2.838,2.835,2.852,2.855,2.865,2.877,2.877,2.877,3.000,3.000,3.000,3.000,3.000,3.000,3.000,3.000,3.000,3.000,3.000,3.000,3.000,3.000,3.000,3.000,3.000,3.000,3.000,3.000,3.000,3.000,3.000,3.000,3.000,3.000,3.000,3.000,3.000,3.000,3.000,3.000,3.000,3.000,3.000,3.000,3.000,3.000,3.000,3.000,3.000,3.000,3.000,3.000,3.000,3.000,3.000,3.000,3.000,3.000
3.000,3.000,3.000,3.000,3.000,3.000,3.000,3.000,3.000,3.000,3.000,3.000,3.000,3.000,3.000,3.000,3.000,3.000,3.000,3.000,3.000,3.000,3.000,3.000,3.000,3.000,3.000,3.000,3.000,3.000,3.000,3.000,3.000,3.000,3.000,3.000,3.000,3.000,3.000,3.000,3.000,3.000,3.000,3.000,3.000,3.000,3.000,3.000,3.000,2.478,2.482,2.482,2.470,2.466,2.461,2.452,2.449,2.447,2.442,2.437,2.430,2.424,2.419,2.417,2.414,2.412,2.404,2.402,2.388,2.380,2.375,2.371,2.367,2.360,2.355,2.350,2.343,2.340,2.334,2.332,2.328,2.326,2.323,2.316,2.311,2.305,2.301,2.297,2.293,2.290,2.283,2.277,2.272,2.271,2.269,2.264,2.262,2.260,2.258,2.254,2.254,2.251,2.249,2.244,2.240,2.238,2.236,2.236,2.234,2.231,2.231,2.231,2.229,2.226,2.220,2.217,2.214,2.213,2.211,2.210,2.209,2.209,2.210,2.210,2.210,2.210,2.208,2.207,2.206,2.205,2.204,2.204,2.203,2.203,2.200,2.199,2.198,2.197,2.196,2.195,2.196,2.198,2.199,2.200,2.200,2.200,2.199,2.197,2.197,2.196,2.193,2.194,2.192,2.195,2.193,2.196,2.197,2.199,2.200,2.204,2.206,2.208,2.208,2.212,2.213,2.217,2.219,2.221,2.222,2.222,2.223,2.225,2.227,2.228,2.230,2.231,2.233,2.234,2.235,2.240,2.243,2.246,2.252,2.256,2.259,2.261,2.264,2.267,2.269,2.275,2.280,2.286,2.289,2.294,2.298,2.301,2.304,2.306,2.311,2.317,2.321,2.325,2.326,2.329,2.335,2.340,2.346,2.351,2.354,2.361,2.366,2.372,2.376,2.380,2.385,2.393,2.398,2.407,2.414,2.424,2.430,2.437,2.442,2.452,2.457,2.462,2.469,2.475,2.480,2.492,2.498,2.505,2.511,2.518,2.525,2.532,2.538,2.545,2.560,2.566,2.573,2.579,2.594,2.608,2.616,2.623,2.633,2.641,2.650,2.660,2.674,2.682,2.692,2.713,2.730,2.739,2.746,2.755,2.768,2.786,2.793,2.799,2.810,2.820,2.840,2.844,2.857,2.866,2.877,2.877,3.000,3.000,3.000,3.000,3.000,3.000,3.000,3.000,3.000,3.000,3.000,3.000,3.000,3.000,3.000,3.000,3.000,3.000,3.000,3.000,3.000,3.000,3.000,3.000,3.000,3.000,3.000,3.000,3.000,3.000,3.000,3.000,3.000,3.000,3.000,3.000,3.000,3.000,3.000,3.000,3.000,3.000,3.000,3.000,3.000,3.000,3.000,3.000,3.000,3.000
3.000,3.000,3.000,3.000,3.000,3.000,3.000,3.000,3.000,3.000,3.000,3.000,3.000,3.000,3.000,3.000,3.000,3.000,3.000,3.000,3.000,3.000,3.000,3.000,3.000,3.000,3.000,3.000,3.000,3.000,3.000,3.000,3.000,3.000,3.000,3.000,3.000,3.000,3.000,3.000,3.000,3.000,3.000,3.000,3.000,3.000,3.000,2.458,2.458,2.478,2.478,2.469,2.462,2.458,2.452,2.444,2.442,2.439,2.435,2.430,2.422,2.416,2.411,2.408,2.404,2.400,2.391,2.386,2.376,2.371,2.364,2.359,2.357,2.352,2.348,2.342,2.335,2.331,2.327,2.325,2.322,2.319,2.314,2.309,2.304,2.298,2.293,2.289,2.284,2.280,2.274,2.268,2.264,2.262,2.259,2.255,2.253,2.251,2.247,2.244,2.242,2.242,2.240,2.236,2.231,2.230,2.228,2.228,2.226,2.224,2.224,2.224,2.222,2.220,2.213,2.210,2.207,2.206,2.204,2.204,2.203,2.203,2.203,2.203,2.202,2.200,2.199,2.197,2.194,2.196,2.195,2.195,2.194,2.193,2.189,2.188,2.188,2.187,2.185,2.185,2.186,2.188,2.188,2.190,2.191,2.190,2.188,2.187,2.188,2.187,2.184,2.184,2.184,2.187,2.185,2.189,2.189,2.192,2.193,2.197,2.197,2.199,2.199,2.202,2.204,2.208,2.211,2.213,2.213,2.214,2.216,2.217,2.219,2.221,2.222,2.224,2.224,2.226,2.228,2.231,2.235,2.238,2.242,2.248,2.250,2.252,2.255,2.257,2.260,2.265,2.270,2.276,2.279,2.286,2.289,2.292,2.294,2.298,2.303,2.308,2.311,2.316,2.316,2.321,2.326,2.332,2.337,2.343,2.346,2.352,2.355,2.362,2.367,2.372,2.377,2.384,2.390,2.396,2.406,2.414,2.421,2.427,2.433,2.441,2.446,2.451,2.459,2.464,2.469,2.478,2.484,2.494,2.500,2.508,2.515,2.522,2.529,2.536,2.551,2.558,2.564,2.569,2.587,2.600,2.607,2.615,2.623,2.630,2.642,2.652,2.666,2.675,2.682,2.695,2.716,2.725,2.730,2.738,2.750,2.768,2.772,2.779,2.786,2.805,2.819,2.824,2.848,2.858,2.870,2.877,3.000,3.000,3.000,3.000,3.000,3.000,3.000,3.000,3.000,3.000,3.000,3.000,3.000,3.000,3.000,3.000,3.000,3.000,3.000,3.000,3.000,3.000,3.000,3.000,3.000,3.000,3.000,3.000,3.000,3.000,3.000,3.000,3.000,3.000,3.000,3.000,3.000,3.000,3.000,3.000,3.000,3.000,3.000,3.000,3.000,3.000,3.000,3.000,3.000,3.000
3.000,3.000,3.000,3.000,3.000,3.000,3.000,3.000,3.000,3.000,3.000,3.000,3.000,3.000,3.000,3.000,3.000,3.000,3.000,3.000,3.000,3.000,3.000,3.000,3.000,3.000,3.000,3.000,3.000,3.000,3.000,3.000,3.000,3.000,3.000,3.000,3.000,3.000,3.000,3.000,3.000,3.000,3.000,3.000,3.000,2.469,2.469,2.469,2.458,2.458,2.458,2.456,2.449,2.443,2.440,2.435,2.432,2.428,2.425,2.418,2.414,2.406,2.402,2.399,2.396,2.391,2.380,2.374,2.368,2.362,2.355,2.350,2.345,2.341,2.336,2.330,2.327,2.323,2.320,2.318,2.315,2.311,2.305,2.293,2.292,2.288,2.284,2.281,2.275,2.271,2.265,2.260,2.253,2.252,2.250,2.247,2.245,2.242,2.239,2.236,2.234,2.231,2.229,2.227,2.223,2.222,2.221,2.220,2.218,2.216,2.215,2.215,2.214,2.211,2.205,2.203,2.199,2.198,2.197,2.197,2.196,2.196,2.195,2.195,2.194,2.191,2.188,2.187,2.185,2.186,2.185,2.186,2.183,2.182,2.181,2.180,2.178,2.178,2.177,2.177,2.178,2.179,2.179,2.179,2.179,2.178,2.178,2.178,2.180,2.178,2.177,2.177,2.177,2.180,2.178,2.182,2.182,2.185,2.185,2.188,2.188,2.190,2.191,2.193,2.193,2.197,2.199,2.202,2.203,2.204,2.203,2.208,2.208,2.212,2.213,2.216,2.216,2.219,2.221,2.224,2.227,2.229,2.232,2.237,2.239,2.243,2.246,2.249,2.252,2.257,2.262,2.266,2.270,2.278,2.279,2.284,2.285,2.288,2.292,2.298,2.301,2.304,2.307,2.311,2.318,2.324,2.328,2.332,2.336,2.341,2.344,2.350,2.356,2.363,2.368,2.375,2.379,2.387,2.397,2.405,2.411,2.415,2.419,2.425,2.431,2.438,2.446,2.451,2.456,2.462,2.469,2.479,2.483,2.496,2.506,2.513,2.520,2.528,2.541,2.548,2.555,2.561,2.578,2.591,2.596,2.603,2.611,2.620,2.632,2.639,2.656,2.665,2.672,2.683,2.693,2.707,2.712,2.722,2.728,2.739,2.747,2.762,2.772,2.788,2.803,2.809,2.839,2.849,2.864,2.870,2.854,2.854,3.000,3.000,3.000,3.000,3.000,3.000,3.000,3.000,3.000,3.000,3.000,3.000,3.000,3.000,3.000,3.000,3.000,3.000,3.000,3.000,3.000,3.000,3.000,3.000,3.000,3.000,3.000,3.000,3.000,3.000,3.000,3.000,3.000,3.000,3.000,3.000,3.000,3.000,3.000,3.000,3.000,3.000,3.000,3.000,3.000,3.000,3.000,3.000
3.000,3.000,3.000,3.000,3.000,3.000,3.000,3.000,3.000,3.000,3.000,3.000,3.000,3.000,3.000,3.000,3.000,3.000,3.000,3.000,3.000,3.000,3.000,3.000,3.000,3.000,3.000,3.000,3.000,3.000,3.000,3.000,3.000,3.000,3.000,3.000,3.000,3.000,3.000,3.000,3.000,3.000,3.000,3.000,3.000,2.469,2.469,2.462,2.454,2.453,2.451,2.446,2.439,2.433,2.430,2.425,2.421,2.416,2.411,2.403,2.401,2.394,2.392,2.390,2.386,2.377,2.371,2.365,2.360,2.355,2.347,2.342,2.337,2.330,2.326,2.320,2.316,2.313,2.310,2.310,2.305,2.300,2.290,2.284,2.280,2.278,2.274,2.271,2.266,2.262,2.254,2.248,2.245,2.241,2.240,2.237,2.235,2.234,2.231,2.229,2.227,2.225,2.222,2.220,2.217,2.215,2.214,2.212,2.210,2.207,2.204,2.205,2.203,2.201,2.194,2.192,2.188,2.187,2.186,2.188,2.188,2.187,2.187,2.186,2.183,2.182,2.180,2.178,2.176,2.177,2.177,2.178,2.175,2.174,2.172,2.171,2.171,2.171,2.170,2.170,2.171,2.171,2.171,2.172,2.171,2.169,2.170,2.171,2.171,2.170,2.170,2.170,2.170,2.171,2.169,2.174,2.173,2.179,2.179,2.181,2.181,2.184,2.185,2.186,2.186,2.188,2.190,2.194,2.195,2.197,2.195,2.198,2.201,2.206,2.206,2.209,2.210,2.212,2.214,2.217,2.220,2.222,2.225,2.228,2.231,2.234,2.237,2.241,2.244,2.250,2.253,2.258,2.262,2.266,2.269,2.274,2.277,2.280,2.284,2.289,2.293,2.296,2.299,2.303,2.308,2.315,2.320,2.324,2.328,2.333,2.336,2.342,2.347,2.354,2.360,2.368,2.372,2.379,2.385,2.393,2.401,2.404,2.407,2.413,2.420,2.428,2.436,2.442,2.445,2.451,2.456,2.465,2.471,2.480,2.493,2.501,2.509,2.517,2.527,2.536,2.545,2.551,2.564,2.581,2.586,2.592,2.601,2.610,2.623,2.629,2.641,2.654,2.661,2.670,2.678,2.688,2.696,2.707,2.715,2.725,2.733,2.748,2.759,2.769,2.790,2.799,2.831,2.839,2.852,2.851,2.854,2.854,3.000,3.000,3.000,3.000,3.000,3.000,3.000,3.000,3.000,3.000,3.000,3.000,3.000,3.000,3.000,3.000,3.000,3.000,3.000,3.000,3.000,3.000,3.000,3.000,3.000,3.000,3.000,3.000,3.000,3.000,3.000,3.000,3.000,3.000,3.000,3.000,3.000,3.000,3.000,3.000,3.000,3.000,3.000,3.000,3.000,3.000,3.000,3.000
3.000,3.000,3.000,3.000,3.000,3.000,3.000,3.000,3.000,3.000,3.000,3.000,3.000,3.000,3.000,3.000,3.000,3.000,3.000,3.000,3.000,3.000,3.000,3.000,3.000,3.000,3.000,3.000,3.000,3.000,3.000,3.000,3.000,3.000,3.000,3.000,3.000,3.000,3.000,3.000,3.000,3.000,3.000,3.000,3.000,2.469,2.457,2.453,2.446,2.441,2.439,2.437,2.427,2.422,2.417,2.413,2.410,2.405,2.398,2.393,2.390,2.383,2.377,2.374,2.371,2.366,2.361,2.354,2.348,2.343,2.337,2.334,2.328,2.321,2.318,2.312,2.308,2.304,2.300,2.299,2.296,2.292,2.282,2.276,2.272,2.269,2.267,2.264,2.258,2.254,2.247,2.242,2.238,2.234,2.233,2.229,2.227,2.226,2.224,2.223,2.220,2.218,2.216,2.213,2.209,2.207,2.205,2.203,2.200,2.197,2.196,2.196,2.193,2.193,2.184,2.183,2.180,2.179,2.178,2.179,2.177,2.176,2.175,2.174,2.174,2.173,2.171,2.170,2.168,2.169,2.170,2.171,2.165,2.167,2.165,2.164,2.164,2.163,2.163,2.163,2.164,2.164,2.163,2.163,2.163,2.162,2.162,2.163,2.162,2.162,2.163,2.163,2.162,2.163,2.162,2.165,2.166,2.171,2.171,2.174,2.175,2.177,2.178,2.178,2.178,2.179,2.182,2.184,2.186,2.187,2.186,2.190,2.194,2.197,2.199,2.202,2.203,2.206,2.208,2.211,2.213,2.216,2.218,2.221,2.223,2.227,2.227,2.231,2.235,2.242,2.245,2.250,2.253,2.257,2.258,2.261,2.265,2.270,2.275,2.280,2.283,2.286,2.289,2.293,2.297,2.302,2.309,2.313,2.319,2.323,2.328,2.334,2.340,2.347,2.353,2.361,2.365,2.372,2.377,2.384,2.392,2.393,2.397,2.403,2.408,2.415,2.426,2.431,2.434,2.438,2.442,2.449,2.457,2.468,2.479,2.485,2.490,2.504,2.515,2.522,2.532,2.540,2.552,2.561,2.570,2.575,2.584,2.594,2.612,2.618,2.629,2.636,2.648,2.656,2.664,2.665,2.673,2.686,2.702,2.713,2.721,2.732,2.749,2.758,2.769,2.786,2.818,2.825,2.838,2.839,2.846,2.854,3.000,3.000,3.000,3.000,3.000,3.000,3.000,3.000,3.000,3.000,3.000,3.000,3.000,3.000,3.000,3.000,3.000,3.000,3.000,3.000,3.000,3.000,3.000,3.000,3.000,3.000,3.000,3.000,3.000,3.000,3.000,3.000,3.000,3.000,3.000,3.000,3.000,3.000,3.000,3.000,3.000,3.000,3.000,3.000,3.000,3.000,3.000,3.000
3.000,3.000,3.000,3.000,3.000,3.000,3.000,3.000,3.000,3.000,3.000,3.000,3.000,3.000,3.000,3.000,3.000,3.000,3.000,3.000,3.000,3.000,3.000,3.000,3.000,3.000,3.000,3.000,3.000,3.000,3.000,3.000,3.000,3.000,3.000,3.000,3.000,3.000,3.000,3.000,3.000,3.000,3.000,3.000,2.448,2.457,2.450,2.446,2.437,2.434,2.432,2.430,2.420,2.414,2.410,2.406,2.403,2.397,2.390,2.385,2.381,2.373,2.368,2.365,2.362,2.358,2.353,2.346,2.340,2.334,2.328,2.325,2.320,2.314,2.311,2.305,2.301,2.297,2.293,2.292,2.290,2.285,2.277,2.271,2.266,2.263,2.261,2.257,2.249,2.246,2.240,2.235,2.231,2.227,2.226,2.223,2.221,2.219,2.217,2.215,2.213,2.211,2.208,2.204,2.196,2.193,2.192,2.192,2.190,2.189,2.188,2.188,2.185,2.182,2.177,2.176,2.173,2.172,2.170,2.170,2.168,2.168,2.167,2.167,2.166,2.165,2.164,2.163,2.161,2.161,2.161,2.162,2.157,2.158,2.158,2.157,2.157,2.156,2.156,2.155,2.156,2.156,2.156,2.156,2.156,2.155,2.155,2.156,2.155,2.155,2.156,2.157,2.156,2.156,2.156,2.159,2.160,2.163,2.164,2.167,2.168,2.169,2.170,2.170,2.172,2.173,2.175,2.177,2.179,2.180,2.180,2.183,2.186,2.191,2.193,2.195,2.197,2.199,2.201,2.204,2.207,2.209,2.211,2.215,2.217,2.219,2.220,2.223,2.227,2.233,2.237,2.241,2.243,2.247,2.250,2.253,2.256,2.262,2.267,2.273,2.275,2.278,2.281,2.285,2.289,2.293,2.298,2.304,2.309,2.313,2.317,2.327,2.333,2.340,2.345,2.352,2.357,2.365,2.370,2.376,2.381,2.385,2.389,2.394,2.399,2.406,2.412,2.420,2.426,2.429,2.435,2.441,2.449,2.460,2.468,2.475,2.480,2.490,2.504,2.511,2.521,2.531,2.539,2.549,2.558,2.565,2.572,2.580,2.600,2.605,2.618,2.625,2.638,2.642,2.650,2.652,2.661,2.670,2.682,2.700,2.708,2.721,2.738,2.746,2.754,2.765,2.788,2.796,2.821,2.814,2.835,2.846,3.000,3.000,3.000,3.000,3.000,3.000,3.000,3.000,3.000,3.000,3.000,3.000,3.000,3.000,3.000,3.000,3.000,3.000,3.000,3.000,3.000,3.000,3.000,3.000,3.000,3.000,3.000,3.000,3.000,3.000,3.000,3.000,3.000,3.000,3.000,3.000,3.000,3.000,3.000,3.000,3.000,3.000,3.000,3.000,3.000,3.000,3.000,3.000
3.000,3.000,3.000,3.000,3.000,3.000,3.000,3.000,3.000,3.000,3.000,3.000,3.000,3.000,3.000,3.000,3.000,3.000,3.000,3.000,3.000,3.000,3.000,3.000,3.000,3.000,3.000,3.000,3.000,3.000,3.000,3.000,3.000,3.000,3.000,3.000,3.000,3.000,3.000,3.000,3.000,3.000,3.000,2.445,2.448,2.448,2.445,2.441,2.431,2.428,2.423,2.423,2.412,2.407,2.403,2.399,2.396,2.390,2.383,2.378,2.374,2.364,2.359,2.355,2.352,2.349,2.344,2.338,2.332,2.327,2.320,2.316,2.312,2.306,2.303,2.296,2.292,2.286,2.283,2.281,2.279,2.276,2.269,2.263,2.258,2.256,2.254,2.250,2.241,2.238,2.234,2.228,2.225,2.221,2.219,2.216,2.214,2.212,2.207,2.207,2.205,2.202,2.195,2.191,2.187,2.183,2.183,2.184,2.182,2.181,2.181,2.180,2.176,2.174,2.170,2.168,2.166,2.164,2.161,2.159,2.157,2.159,2.158,2.158,2.157,2.157,2.156,2.155,2.153,2.153,2.149,2.149,2.148,2.149,2.149,2.149,2.149,2.148,2.147,2.146,2.146,2.147,2.148,2.148,2.148,2.147,2.146,2.147,2.147,2.147,2.148,2.149,2.148,2.149,2.149,2.151,2.153,2.155,2.156,2.159,2.161,2.162,2.161,2.163,2.164,2.166,2.167,2.170,2.172,2.173,2.173,2.176,2.179,2.183,2.185,2.187,2.188,2.189,2.190,2.192,2.195,2.198,2.200,2.204,2.206,2.209,2.210,2.215,2.218,2.223,2.226,2.230,2.233,2.238,2.241,2.244,2.248,2.252,2.257,2.264,2.264,2.268,2.271,2.276,2.279,2.284,2.289,2.293,2.298,2.303,2.308,2.316,2.323,2.332,2.337,2.344,2.347,2.354,2.360,2.365,2.370,2.374,2.380,2.385,2.390,2.396,2.400,2.408,2.417,2.420,2.427,2.433,2.441,2.452,2.460,2.465,2.470,2.479,2.487,2.498,2.507,2.521,2.529,2.535,2.545,2.554,2.561,2.569,2.580,2.591,2.601,2.607,2.623,2.629,2.636,2.642,2.651,2.660,2.670,2.684,2.696,2.709,2.726,2.733,2.736,2.747,2.775,2.783,2.799,2.795,2.802,2.835,2.800,3.000,3.000,3.000,3.000,3.000,3.000,3.000,3.000,3.000,3.000,3.000,3.000,3.000,3.000,3.000,3.000,3.000,3.000,3.000,3.000,3.000,3.000,3.000,3.000,3.000,3.000,3.000,3.000,3.000,3.000,3.000,3.000,3.000,3.000,3.000,3.000,3.000,3.000,3.000,3.000,3.000,3.000,3.000,3.000,3.000,3.000,3.000
3.000,3.000,3.000,3.000,3.000,3.000,3.000,3.000,3.000,3.000,3.000,3.000,3.000,3.000,3.000,3.000,3.000,3.000,3.000,3.000,3.000,3.000,3.000,3.000,3.000,3.000,3.000,3.000,3.000,3.000,3.000,3.000,3.000,3.000,3.000,3.000,3.000,3.000,3.000,3.000,3.000,2.464,2.464,2.464,2.445,2.445,2.440,2.434,2.422,2.421,2.414,2.411,2.401,2.395,2.392,2.391,2.388,2.381,2.376,2.371,2.366,2.353,2.349,2.346,2.342,2.336,2.332,2.329,2.322,2.317,2.310,2.304,2.302,2.294,2.291,2.286,2.281,2.276,2.274,2.272,2.268,2.266,2.260,2.254,2.249,2.246,2.242,2.239,2.234,2.231,2.228,2.222,2.219,2.213,2.209,2.208,2.202,2.200,2.198,2.198,2.196,2.193,2.187,2.183,2.180,2.176,2.175,2.176,2.175,2.173,2.171,2.171,2.166,2.164,2.162,2.160,2.159,2.157,2.152,2.150,2.149,2.149,2.149,2.148,2.146,2.148,2.147,2.147,2.143,2.143,2.140,2.140,2.139,2.140,2.140,2.141,2.142,2.141,2.140,2.139,2.139,2.139,2.140,2.141,2.141,2.139,2.139,2.139,2.140,2.140,2.141,2.142,2.141,2.142,2.141,2.143,2.144,2.146,2.149,2.151,2.153,2.153,2.153,2.156,2.157,2.158,2.159,2.162,2.164,2.165,2.165,2.168,2.171,2.175,2.178,2.179,2.181,2.182,2.183,2.185,2.187,2.189,2.190,2.196,2.197,2.200,2.202,2.207,2.210,2.215,2.218,2.222,2.225,2.228,2.232,2.235,2.239,2.243,2.247,2.252,2.255,2.259,2.263,2.268,2.271,2.276,2.281,2.285,2.290,2.295,2.300,2.308,2.312,2.324,2.329,2.334,2.338,2.344,2.348,2.354,2.360,2.364,2.370,2.375,2.381,2.387,2.391,2.399,2.405,2.409,2.417,2.424,2.432,2.443,2.450,2.456,2.460,2.469,2.476,2.486,2.495,2.507,2.519,2.526,2.536,2.544,2.550,2.558,2.569,2.580,2.589,2.595,2.611,2.611,2.627,2.633,2.643,2.652,2.662,2.672,2.684,2.700,2.712,2.719,2.725,2.736,2.755,2.763,2.769,2.778,2.785,2.800,2.800,3.000,3.000,3.000,3.000,3.000,3.000,3.000,3.000,3.000,3.000,3.000,3.000,3.000,3.000,3.000,3.000,3.000,3.000,3.000,3.000,3.000,3.000,3.000,3.000,3.000,3.000,3.000,3.000,3.000,3.000,3.000,3.000,3.000,3.000,3.000,3.000,3.000,3.000,3.000,3.000,3.000,3.000,3.000,3.000,3.000,3.000,3.000
3.000,3.000,3.000,3.000,3.000,3.000,3.000,3.000,3.000,3.000,3.000,3.000,3.000,3.000,3.000,3.000,3.000,3.000,3.000,3.000,3.000,3.000,3.000,3.000,3.000,3.000,3.000,3.000,3.000,3.000,3.000,3.000,3.000,3.000,3.000,3.000,3.000,3.000,3.000,3.000,3.000,2.464,2.464,2.453,2.440,2.439,2.434,2.426,2.410,2.408,2.403,2.401,2.389,2.383,2.380,2.379,2.377,2.372,2.367,2.362,2.352,2.342,2.337,2.333,2.330,2.327,2.321,2.317,2.311,2.306,2.297,2.291,2.287,2.282,2.279,2.274,2.269,2.265,2.265,2.264,2.260,2.255,2.250,2.244,2.241,2.238,2.235,2.231,2.226,2.222,2.221,2.215,2.212,2.205,2.199,2.197,2.194,2.193,2.191,2.189,2.187,2.183,2.180,2.176,2.172,2.169,2.168,2.169,2.166,2.164,2.163,2.162,2.158,2.156,2.154,2.152,2.150,2.148,2.145,2.143,2.141,2.141,2.140,2.139,2.138,2.138,2.137,2.136,2.135,2.133,2.131,2.130,2.130,2.131,2.131,2.131,2.131,2.131,2.131,2.131,2.130,2.131,2.131,2.131,2.132,2.132,2.132,2.132,2.132,2.133,2.134,2.135,2.134,2.134,2.133,2.134,2.135,2.136,2.138,2.143,2.144,2.145,2.145,2.148,2.149,2.150,2.151,2.153,2.153,2.155,2.156,2.159,2.164,2.168,2.171,2.172,2.173,2.174,2.176,2.178,2.179,2.180,2.182,2.185,2.190,2.193,2.195,2.198,2.202,2.206,2.208,2.212,2.215,2.218,2.223,2.226,2.230,2.234,2.237,2.242,2.245,2.248,2.252,2.257,2.260,2.267,2.271,2.276,2.281,2.286,2.292,2.299,2.303,2.314,2.318,2.323,2.327,2.334,2.339,2.344,2.349,2.354,2.359,2.364,2.371,2.376,2.381,2.388,2.393,2.396,2.404,2.410,2.420,2.427,2.432,2.438,2.445,2.458,2.465,2.475,2.482,2.497,2.507,2.516,2.526,2.533,2.539,2.546,2.557,2.567,2.577,2.583,2.594,2.600,2.618,2.625,2.636,2.645,2.655,2.664,2.674,2.691,2.704,2.712,2.718,2.728,2.748,2.756,2.761,2.772,2.779,2.794,2.827,2.827,2.827,3.000,3.000,3.000,3.000,3.000,3.000,3.000,3.000,3.000,3.000,3.000,3.000,3.000,3.000,3.000,3.000,3.000,3.000,3.000,3.000,3.000,3.000,3.000,3.000,3.000,3.000,3.000,3.000,3.000,3.000,3.000,3.000,3.000,3.000,3.000,3.000,3.000,3.000,3.000,3.000,3.000,3.000,3.000,3.000,3.000
3.000,3.000,3.000,3.000,3.000,3.000,3.000,3.000,3.000,3.000,3.000,3.000,3.000,3.000,3.000,3.000,3.000,3.000,3.000,3.000,3.000,3.000,3.000,3.000,3.000,3.000,3.000,3.000,3.000,3.000,3.000,3.000,3.000,3.000,3.000,3.000,3.000,3.000,3.000,3.000,3.000,2.464,2.451,2.436,2.431,2.430,2.423,2.408,2.398,2.397,2.395,2.393,2.382,2.376,2.372,2.370,2.368,2.361,2.357,2.352,2.342,2.334,2.330,2.326,2.322,2.320,2.314,2.310,2.303,2.297,2.287,2.283,2.278,2.273,2.271,2.265,2.261,2.257,2.257,2.257,2.254,2.248,2.242,2.237,2.234,2.231,2.227,2.224,2.219,2.213,2.212,2.208,2.204,2.196,2.191,2.190,2.187,2.186,2.184,2.182,2.179,2.176,2.173,2.168,2.164,2.160,2.159,2.159,2.157,2.156,2.155,2.154,2.151,2.148,2.146,2.144,2.143,2.140,2.138,2.136,2.134,2.133,2.132,2.131,2.129,2.130,2.129,2.128,2.127,2.124,2.122,2.123,2.123,2.124,2.124,2.124,2.124,2.123,2.124,2.124,2.123,2.124,2.123,2.123,2.124,2.125,2.125,2.125,2.125,2.126,2.126,2.128,2.127,2.127,2.127,2.128,2.128,2.129,2.131,2.136,2.137,2.138,2.138,2.140,2.142,2.143,2.145,2.146,2.147,2.148,2.150,2.153,2.158,2.161,2.164,2.164,2.166,2.168,2.170,2.171,2.173,2.174,2.176,2.179,2.183,2.187,2.189,2.191,2.195,2.197,2.200,2.203,2.207,2.210,2.213,2.216,2.222,2.225,2.227,2.233,2.237,2.240,2.242,2.246,2.251,2.257,2.262,2.268,2.273,2.278,2.283,2.289,2.294,2.303,2.307,2.313,2.316,2.325,2.329,2.334,2.340,2.345,2.350,2.355,2.361,2.367,2.372,2.378,2.382,2.385,2.390,2.395,2.409,2.415,2.421,2.426,2.434,2.448,2.454,2.463,2.470,2.485,2.495,2.504,2.516,2.523,2.529,2.533,2.545,2.555,2.565,2.572,2.583,2.591,2.610,2.618,2.628,2.637,2.647,2.655,2.663,2.673,2.697,2.705,2.712,2.724,2.745,2.754,2.760,2.773,2.784,2.800,2.816,2.827,2.845,2.845,3.000,3.000,3.000,3.000,3.000,3.000,3.000,3.000,3.000,3.000,3.000,3.000,3.000,3.000,3.000,3.000,3.000,3.000,3.000,3.000,3.000,3.000,3.000,3.000,3.000,3.000,3.000,3.000,3.000,3.000,3.000,3.000,3.000,3.000,3.000,3.000,3.000,3.000,3.000,3.000,3.000,3.000,3.000,3.000
3.000,3.000,3.000,3.000,3.000,3.000,3.000,3.000,3.000,3.000,3.000,3.000,3.000,3.000,3.000,3.000,3.000,3.000,3.000,3.000,3.000,3.000,3.000,3.000,3.000,3.000,3.000,3.000,3.000,3.000,3.000,3.000,3.000,3.000,3.000,3.000,3.000,3.000,3.000,3.000,3.000,2.451,2.436,2.428,2.424,2.423,2.416,2.398,2.391,2.387,2.389,2.387,2.377,2.370,2.366,2.363,2.361,2.353,2.349,2.344,2.335,2.328,2.323,2.319,2.315,2.313,2.307,2.303,2.295,2.287,2.280,2.276,2.271,2.266,2.262,2.258,2.254,2.251,2.250,2.251,2.248,2.242,2.236,2.230,2.227,2.224,2.220,2.216,2.208,2.201,2.201,2.200,2.196,2.187,2.183,2.181,2.180,2.179,2.177,2.175,2.169,2.168,2.164,2.156,2.153,2.152,2.151,2.150,2.148,2.146,2.145,2.144,2.141,2.139,2.136,2.135,2.133,2.131,2.129,2.127,2.126,2.125,2.123,2.124,2.123,2.123,2.122,2.121,2.120,2.118,2.116,2.117,2.117,2.117,2.117,2.117,2.117,2.116,2.116,2.116,2.113,2.114,2.115,2.116,2.117,2.117,2.116,2.116,2.116,2.117,2.116,2.117,2.119,2.120,2.120,2.120,2.119,2.121,2.124,2.128,2.130,2.131,2.132,2.133,2.135,2.137,2.137,2.139,2.140,2.142,2.144,2.146,2.149,2.152,2.154,2.155,2.156,2.159,2.162,2.164,2.165,2.167,2.169,2.172,2.176,2.180,2.181,2.183,2.186,2.189,2.192,2.195,2.198,2.202,2.202,2.205,2.208,2.212,2.215,2.221,2.226,2.229,2.232,2.236,2.240,2.247,2.251,2.257,2.261,2.267,2.272,2.277,2.283,2.292,2.296,2.299,2.304,2.309,2.315,2.320,2.325,2.331,2.340,2.344,2.350,2.355,2.362,2.368,2.373,2.377,2.381,2.387,2.394,2.403,2.410,2.415,2.425,2.436,2.445,2.455,2.460,2.472,2.480,2.492,2.502,2.510,2.516,2.523,2.531,2.543,2.551,2.558,2.572,2.582,2.601,2.609,2.617,2.628,2.637,2.644,2.652,2.659,2.681,2.689,2.698,2.715,2.737,2.748,2.756,2.772,2.792,2.803,2.820,2.830,2.845,2.845,3.000,3.000,3.000,3.000,3.000,3.000,3.000,3.000,3.000,3.000,3.000,3.000,3.000,3.000,3.000,3.000,3.000,3.000,3.000,3.000,3.000,3.000,3.000,3.000,3.000,3.000,3.000,3.000,3.000,3.000,3.000,3.000,3.000,3.000,3.000,3.000,3.000,3.000,3.000,3.000,3.000,3.000,3.000,3.000
3.000,3.000,3.000,3.000,3.000,3.000,3.000,3.000,3.000,3.000,3.000,3.000,3.000,3.000,3.000,3.000,3.000,3.000,3.000,3.000,3.000,3.000,3.000,3.000,3.000,3.000,3.000,3.000,3.000,3.000,3.000,3.000,3.000,3.000,3.000,3.000,3.000,3.000,3.000,2.438,2.438,2.438,2.431,2.423,2.419,2.417,2.411,2.393,2.386,2.382,2.384,2.381,2.372,2.364,2.360,2.355,2.352,2.346,2.342,2.337,2.328,2.321,2.313,2.309,2.305,2.305,2.298,2.294,2.286,2.279,2.273,2.269,2.264,2.259,2.254,2.250,2.247,2.243,2.242,2.241,2.238,2.235,2.230,2.223,2.220,2.216,2.212,2.208,2.197,2.192,2.189,2.190,2.182,2.179,2.176,2.174,2.172,2.171,2.168,2.166,2.162,2.160,2.156,2.150,2.147,2.145,2.144,2.143,2.141,2.140,2.139,2.137,2.135,2.133,2.130,2.129,2.126,2.124,2.123,2.121,2.120,2.118,2.116,2.116,2.116,2.117,2.116,2.115,2.114,2.112,2.111,2.110,2.111,2.111,2.109,2.110,2.110,2.110,2.109,2.109,2.106,2.107,2.108,2.109,2.111,2.111,2.110,2.110,2.110,2.111,2.110,2.111,2.110,2.113,2.113,2.113,2.112,2.114,2.115,2.120,2.122,2.124,2.125,2.125,2.125,2.126,2.127,2.132,2.133,2.135,2.137,2.140,2.143,2.145,2.146,2.148,2.150,2.152,2.155,2.156,2.157,2.158,2.162,2.165,2.168,2.172,2.173,2.175,2.179,2.182,2.186,2.189,2.190,2.193,2.195,2.198,2.201,2.204,2.207,2.213,2.218,2.222,2.225,2.228,2.232,2.237,2.243,2.248,2.252,2.257,2.261,2.268,2.273,2.281,2.286,2.289,2.293,2.300,2.304,2.308,2.314,2.321,2.328,2.335,2.341,2.346,2.352,2.360,2.364,2.369,2.374,2.379,2.384,2.391,2.401,2.407,2.413,2.428,2.438,2.447,2.453,2.464,2.472,2.481,2.491,2.502,2.508,2.515,2.522,2.533,2.542,2.549,2.560,2.573,2.591,2.599,2.607,2.616,2.626,2.633,2.634,2.643,2.663,2.674,2.683,2.694,2.726,2.740,2.749,2.769,2.784,2.791,2.801,2.824,2.840,2.845,3.000,3.000,3.000,3.000,3.000,3.000,3.000,3.000,3.000,3.000,3.000,3.000,3.000,3.000,3.000,3.000,3.000,3.000,3.000,3.000,3.000,3.000,3.000,3.000,3.000,3.000,3.000,3.000,3.000,3.000,3.000,3.000,3.000,3.000,3.000,3.000,3.000,3.000,3.000,3.000,3.000,3.000,3.000,3.000
3.000,3.000,3.000,3.000,3.000,3.000,3.000,3.000,3.000,3.000,3.000,3.000,3.000,3.000,3.000,3.000,3.000,3.000,3.000,3.000,3.000,3.000,3.000,3.000,3.000,3.000,3.000,3.000,3.000,3.000,3.000,3.000,3.000,3.000,3.000,3.000,3.000,3.000,3.000,2.438,2.438,2.436,2.426,2.417,2.412,2.410,2.404,2.387,2.379,2.374,2.372,2.370,2.363,2.354,2.347,2.343,2.339,2.334,2.332,2.327,2.319,2.308,2.299,2.297,2.291,2.290,2.285,2.282,2.276,2.268,2.265,2.261,2.256,2.248,2.244,2.242,2.239,2.236,2.235,2.233,2.231,2.228,2.222,2.212,2.207,2.204,2.201,2.197,2.189,2.184,2.181,2.178,2.175,2.172,2.169,2.167,2.165,2.164,2.161,2.158,2.155,2.153,2.148,2.143,2.140,2.138,2.137,2.136,2.132,2.130,2.129,2.127,2.126,2.125,2.122,2.121,2.120,2.117,2.116,2.114,2.113,2.111,2.110,2.109,2.109,2.111,2.109,2.109,2.108,2.105,2.104,2.104,2.102,2.102,2.101,2.101,2.100,2.102,2.099,2.098,2.097,2.097,2.099,2.101,2.104,2.105,2.104,2.103,2.103,2.105,2.104,2.104,2.103,2.104,2.104,2.105,2.105,2.107,2.109,2.113,2.115,2.116,2.118,2.119,2.118,2.119,2.120,2.122,2.125,2.127,2.129,2.131,2.134,2.136,2.138,2.142,2.143,2.145,2.147,2.148,2.149,2.151,2.154,2.158,2.160,2.164,2.166,2.169,2.172,2.175,2.179,2.182,2.184,2.186,2.188,2.191,2.193,2.197,2.200,2.205,2.210,2.214,2.217,2.221,2.224,2.229,2.232,2.238,2.242,2.247,2.250,2.255,2.261,2.270,2.276,2.280,2.284,2.290,2.294,2.298,2.302,2.311,2.318,2.324,2.330,2.335,2.343,2.350,2.356,2.362,2.367,2.373,2.378,2.385,2.394,2.400,2.406,2.420,2.431,2.440,2.446,2.456,2.463,2.473,2.482,2.494,2.500,2.507,2.515,2.525,2.534,2.541,2.550,2.564,2.580,2.587,2.590,2.607,2.617,2.624,2.625,2.634,2.655,2.666,2.676,2.686,2.718,2.731,2.743,2.762,2.779,2.787,2.797,2.808,2.835,2.856,2.865,2.874,2.874,2.874,3.000,3.000,3.000,3.000,3.000,3.000,3.000,3.000,3.000,3.000,3.000,3.000,3.000,3.000,3.000,3.000,3.000,3.000,3.000,3.000,3.000,3.000,3.000,3.000,3.000,3.000,3.000,3.000,3.000,3.000,3.000,3.000,3.000,3.000,3.000,3.000,3.000,3.000,3.000,3.000
3.000,3.000,3.000,3.000,3.000,3.000,3.000,3.000,3.000,3.000,3.000,3.000,3.000,3.000,3.000,3.000,3.000,3.000,3.000,3.000,3.000,3.000,3.000,3.000,3.000,3.000,3.000,3.000,3.000,3.000,3.000,3.000,3.000,3.000,3.000,3.000,3.000,2.437,2.437,2.438,2.436,2.433,2.424,2.414,2.408,2.405,2.398,2.382,2.374,2.368,2.363,2.361,2.355,2.346,2.339,2.334,2.330,2.324,2.322,2.318,2.308,2.297,2.290,2.286,2.283,2.280,2.276,2.272,2.267,2.259,2.256,2.252,2.247,2.240,2.237,2.234,2.232,2.230,2.229,2.227,2.225,2.222,2.214,2.205,2.201,2.198,2.195,2.191,2.184,2.179,2.175,2.172,2.169,2.167,2.164,2.162,2.160,2.157,2.155,2.151,2.149,2.146,2.141,2.136,2.134,2.132,2.128,2.129,2.124,2.123,2.122,2.120,2.118,2.118,2.116,2.115,2.114,2.111,2.109,2.107,2.106,2.104,2.103,2.102,2.102,2.102,2.101,2.100,2.100,2.099,2.097,2.097,2.095,2.095,2.095,2.095,2.093,2.092,2.091,2.091,2.090,2.090,2.092,2.094,2.096,2.097,2.097,2.097,2.097,2.099,2.098,2.096,2.097,2.098,2.099,2.100,2.100,2.102,2.104,2.107,2.108,2.110,2.112,2.113,2.113,2.113,2.114,2.116,2.118,2.121,2.123,2.125,2.127,2.130,2.132,2.135,2.136,2.139,2.140,2.141,2.142,2.143,2.147,2.150,2.153,2.156,2.159,2.162,2.165,2.169,2.171,2.175,2.174,2.178,2.180,2.183,2.185,2.190,2.192,2.198,2.202,2.206,2.209,2.212,2.215,2.221,2.224,2.229,2.234,2.239,2.242,2.247,2.253,2.262,2.268,2.272,2.276,2.281,2.285,2.290,2.293,2.302,2.309,2.315,2.321,2.327,2.333,2.342,2.349,2.354,2.360,2.367,2.372,2.379,2.387,2.393,2.399,2.406,2.423,2.430,2.438,2.445,2.452,2.463,2.473,2.484,2.492,2.498,2.507,2.517,2.526,2.533,2.542,2.555,2.565,2.575,2.577,2.588,2.598,2.605,2.611,2.622,2.646,2.657,2.668,2.678,2.702,2.721,2.731,2.744,2.768,2.776,2.787,2.794,2.811,2.841,2.856,2.865,2.874,2.874,3.000,3.000,3.000,3.000,3.000,3.000,3.000,3.000,3.000,3.000,3.000,3.000,3.000,3.000,3.000,3.000,3.000,3.000,3.000,3.000,3.000,3.000,3.000,3.000,3.000,3.000,3.000,3.000,3.000,3.000,3.000,3.000,3.000,3.000,3.000,3.000,3.000,3.000,3.000,3.000
3.000,3.000,3.000,3.000,3.000,3.000,3.000,3.000,3.000,3.000,3.000,3.000,3.000,3.000,3.000,3.000,3.000,3.000,3.000,3.000,3.000,3.000,3.000,3.000,3.000,3.000,3.000,3.000,3.000,3.000,3.000,3.000,3.000,3.000,3.000,3.000,3.000,2.437,2.437,2.434,2.427,2.426,2.417,2.407,2.401,2.396,2.389,2.375,2.367,2.359,2.353,2.349,2.342,2.335,2.329,2.325,2.320,2.314,2.307,2.301,2.290,2.285,2.281,2.277,2.274,2.271,2.267,2.261,2.256,2.250,2.247,2.244,2.239,2.233,2.230,2.227,2.225,2.221,2.221,2.219,2.216,2.209,2.201,2.197,2.193,2.191,2.187,2.184,2.178,2.173,2.168,2.166,2.162,2.160,2.158,2.156,2.152,2.150,2.148,2.144,2.142,2.139,2.132,2.130,2.126,2.125,2.122,2.120,2.117,2.117,2.116,2.114,2.111,2.109,2.108,2.108,2.107,2.105,2.103,2.101,2.100,2.099,2.097,2.096,2.095,2.096,2.095,2.093,2.092,2.090,2.091,2.091,2.089,2.089,2.089,2.088,2.085,2.084,2.083,2.083,2.083,2.082,2.084,2.086,2.087,2.089,2.089,2.090,2.089,2.091,2.089,2.089,2.090,2.091,2.091,2.092,2.092,2.095,2.095,2.097,2.099,2.100,2.103,2.104,2.105,2.106,2.107,2.109,2.111,2.112,2.115,2.118,2.120,2.123,2.125,2.126,2.127,2.130,2.132,2.133,2.135,2.136,2.140,2.141,2.144,2.149,2.152,2.154,2.158,2.161,2.162,2.165,2.166,2.169,2.171,2.175,2.177,2.181,2.184,2.189,2.193,2.199,2.201,2.204,2.208,2.212,2.215,2.219,2.225,2.229,2.232,2.239,2.244,2.251,2.258,2.263,2.266,2.272,2.277,2.282,2.286,2.294,2.301,2.308,2.313,2.319,2.325,2.335,2.342,2.347,2.353,2.359,2.365,2.371,2.380,2.386,2.390,2.396,2.409,2.420,2.426,2.431,2.438,2.446,2.457,2.473,2.480,2.487,2.495,2.506,2.517,2.524,2.533,2.547,2.555,2.560,2.564,2.576,2.586,2.594,2.602,2.612,2.636,2.646,2.656,2.665,2.683,2.700,2.710,2.731,2.756,2.764,2.773,2.779,2.795,2.814,2.835,2.854,2.861,2.874,3.000,3.000,3.000,3.000,3.000,3.000,3.000,3.000,3.000,3.000,3.000,3.000,3.000,3.000,3.000,3.000,3.000,3.000,3.000,3.000,3.000,3.000,3.000,3.000,3.000,3.000,3.000,3.000,3.000,3.000,3.000,3.000,3.000,3.000,3.000,3.000,3.000,3.000,3.000,3.000
3.000,3.000,3.000,3.000,3.000,3.000,3.000,3.000,3.000,3.000,3.000,3.000,3.000,3.000,3.000,3.000,3.000,3.000,3.000,3.000,3.000,3.000,3.000,3.000,3.000,3.000,3.000,3.000,3.000,3.000,3.000,3.000,3.000,3.000,3.000,2.417,2.419,2.437,2.431,2.424,2.419,2.419,2.412,2.402,2.394,2.389,2.374,2.367,2.360,2.352,2.347,2.342,2.335,2.328,2.320,2.317,2.311,2.303,2.297,2.290,2.282,2.277,2.273,2.270,2.267,2.264,2.260,2.253,2.248,2.244,2.241,2.238,2.233,2.228,2.224,2.221,2.217,2.212,2.213,2.211,2.207,2.199,2.193,2.190,2.186,2.184,2.181,2.177,2.171,2.167,2.161,2.157,2.152,2.153,2.149,2.147,2.144,2.142,2.140,2.137,2.132,2.130,2.124,2.123,2.120,2.119,2.115,2.114,2.112,2.112,2.111,2.109,2.106,2.104,2.103,2.102,2.101,2.099,2.098,2.096,2.095,2.094,2.092,2.090,2.089,2.089,2.088,2.087,2.086,2.084,2.084,2.084,2.083,2.082,2.082,2.082,2.079,2.078,2.077,2.077,2.076,2.076,2.078,2.079,2.080,2.081,2.081,2.081,2.081,2.083,2.081,2.082,2.083,2.085,2.085,2.085,2.084,2.086,2.088,2.090,2.092,2.094,2.096,2.098,2.098,2.099,2.101,2.103,2.104,2.105,2.107,2.111,2.113,2.116,2.118,2.120,2.120,2.122,2.125,2.127,2.128,2.129,2.132,2.133,2.136,2.140,2.144,2.147,2.150,2.152,2.155,2.157,2.159,2.162,2.164,2.168,2.170,2.173,2.176,2.182,2.186,2.190,2.192,2.196,2.200,2.204,2.207,2.211,2.216,2.221,2.224,2.228,2.234,2.242,2.247,2.254,2.255,2.262,2.267,2.273,2.277,2.287,2.293,2.300,2.304,2.311,2.317,2.324,2.334,2.338,2.346,2.351,2.357,2.362,2.372,2.377,2.382,2.387,2.397,2.408,2.415,2.421,2.427,2.434,2.442,2.457,2.466,2.472,2.480,2.490,2.505,2.512,2.523,2.537,2.544,2.547,2.554,2.567,2.577,2.584,2.594,2.604,2.625,2.632,2.647,2.657,2.674,2.690,2.701,2.711,2.738,2.748,2.765,2.774,2.789,2.807,2.832,2.849,2.855,2.861,3.000,3.000,3.000,3.000,3.000,3.000,3.000,3.000,3.000,3.000,3.000,3.000,3.000,3.000,3.000,3.000,3.000,3.000,3.000,3.000,3.000,3.000,3.000,3.000,3.000,3.000,3.000,3.000,3.000,3.000,3.000,3.000,3.000,3.000,3.000,3.000,3.000,3.000,3.000,3.000
3.000,3.000,3.000,3.000,3.000,3.000,3.000,3.000,3.000,3.000,3.000,3.000,3.000,3.000,3.000,3.000,3.000,3.000,3.000,3.000,3.000,3.000,3.000,3.000,3.000,3.000,3.000,3.000,3.000,3.000,3.000,3.000,3.000,2.421,2.421,2.421,2.417,2.419,2.414,2.413,2.410,2.410,2.403,2.393,2.382,2.372,2.361,2.354,2.349,2.343,2.339,2.334,2.326,2.320,2.313,2.309,2.304,2.296,2.291,2.281,2.274,2.270,2.266,2.263,2.260,2.255,2.250,2.245,2.241,2.237,2.235,2.232,2.227,2.221,2.217,2.213,2.207,2.203,2.199,2.199,2.195,2.190,2.185,2.182,2.178,2.175,2.172,2.169,2.164,2.160,2.154,2.149,2.143,2.140,2.139,2.137,2.135,2.133,2.131,2.128,2.123,2.121,2.117,2.116,2.114,2.113,2.109,2.108,2.106,2.106,2.105,2.101,2.098,2.098,2.096,2.095,2.093,2.092,2.091,2.090,2.090,2.088,2.087,2.085,2.083,2.083,2.082,2.082,2.079,2.078,2.078,2.077,2.076,2.075,2.075,2.075,2.072,2.072,2.071,2.070,2.069,2.068,2.068,2.072,2.072,2.073,2.073,2.072,2.068,2.070,2.072,2.073,2.074,2.076,2.076,2.076,2.075,2.077,2.078,2.081,2.082,2.082,2.088,2.089,2.089,2.089,2.092,2.095,2.095,2.096,2.098,2.102,2.105,2.108,2.110,2.112,2.113,2.115,2.117,2.120,2.121,2.123,2.125,2.127,2.129,2.133,2.137,2.140,2.143,2.145,2.148,2.150,2.153,2.155,2.158,2.160,2.164,2.166,2.170,2.174,2.178,2.181,2.184,2.188,2.192,2.195,2.198,2.204,2.208,2.212,2.216,2.220,2.224,2.231,2.236,2.241,2.244,2.249,2.255,2.261,2.265,2.274,2.280,2.288,2.295,2.303,2.308,2.316,2.321,2.327,2.336,2.343,2.348,2.353,2.364,2.367,2.374,2.380,2.389,2.397,2.406,2.411,2.417,2.423,2.431,2.441,2.451,2.458,2.464,2.472,2.485,2.490,2.498,2.509,2.524,2.534,2.542,2.556,2.567,2.575,2.586,2.593,2.616,2.623,2.640,2.650,2.665,2.677,2.688,2.701,2.722,2.738,2.756,2.765,2.776,2.786,2.812,2.838,2.845,2.855,2.840,2.840,3.000,3.000,3.000,3.000,3.000,3.000,3.000,3.000,3.000,3.000,3.000,3.000,3.000,3.000,3.000,3.000,3.000,3.000,3.000,3.000,3.000,3.000,3.000,3.000,3.000,3.000,3.000,3.000,3.000,3.000,3.000,3.000,3.000,3.000,3.000,3.000,3.000,3.000
3.000,3.000,3.000,3.000,3.000,3.000,3.000,3.000,3.000,3.000,3.000,3.000,3.000,3.000,3.000,3.000,3.000,3.000,3.000,3.000,3.000,3.000,3.000,3.000,3.000,3.000,3.000,3.000,3.000,3.000,3.000,3.000,2.417,2.421,2.421,2.417,2.410,2.410,2.407,2.405,2.399,2.398,2.390,2.385,2.371,2.363,2.352,2.345,2.339,2.335,2.331,2.326,2.316,2.311,2.306,2.303,2.297,2.290,2.284,2.274,2.268,2.263,2.257,2.255,2.251,2.247,2.243,2.238,2.233,2.229,2.227,2.224,2.218,2.212,2.207,2.203,2.197,2.194,2.189,2.190,2.185,2.181,2.177,2.174,2.171,2.167,2.164,2.162,2.156,2.154,2.145,2.142,2.136,2.134,2.131,2.130,2.128,2.126,2.124,2.121,2.117,2.115,2.112,2.110,2.108,2.107,2.103,2.101,2.099,2.099,2.098,2.094,2.092,2.091,2.089,2.089,2.087,2.086,2.085,2.085,2.084,2.083,2.080,2.079,2.078,2.077,2.076,2.075,2.072,2.070,2.070,2.071,2.069,2.069,2.068,2.068,2.066,2.064,2.063,2.063,2.063,2.061,2.061,2.062,2.065,2.065,2.065,2.061,2.060,2.062,2.062,2.066,2.067,2.069,2.069,2.070,2.069,2.070,2.071,2.073,2.074,2.075,2.078,2.082,2.080,2.080,2.083,2.086,2.087,2.088,2.091,2.094,2.098,2.101,2.103,2.105,2.107,2.109,2.111,2.112,2.114,2.117,2.118,2.120,2.123,2.126,2.130,2.134,2.136,2.139,2.141,2.143,2.147,2.149,2.152,2.154,2.157,2.159,2.163,2.167,2.172,2.175,2.177,2.180,2.185,2.188,2.190,2.194,2.199,2.205,2.207,2.213,2.215,2.222,2.228,2.233,2.238,2.242,2.248,2.253,2.258,2.265,2.273,2.279,2.286,2.296,2.302,2.309,2.314,2.321,2.330,2.337,2.341,2.346,2.354,2.360,2.367,2.372,2.381,2.388,2.396,2.403,2.409,2.415,2.422,2.432,2.440,2.448,2.453,2.461,2.472,2.480,2.488,2.497,2.513,2.524,2.534,2.544,2.559,2.569,2.578,2.587,2.606,2.616,2.634,2.643,2.658,2.669,2.679,2.690,2.711,2.723,2.733,2.750,2.760,2.769,2.782,2.806,2.823,2.831,2.840,2.843,2.843,3.000,3.000,3.000,3.000,3.000,3.000,3.000,3.000,3.000,3.000,3.000,3.000,3.000,3.000,3.000,3.000,3.000,3.000,3.000,3.000,3.000,3.000,3.000,3.000,3.000,3.000,3.000,3.000,3.000,3.000,3.000,3.000,3.000,3.000,3.000,3.000,3.000
3.000,3.000,3.000,3.000,3.000,3.000,3.000,3.000,3.000,3.000,3.000,3.000,3.000,3.000,3.000,3.000,3.000,3.000,3.000,3.000,3.000,3.000,3.000,3.000,3.000,3.000,3.000,3.000,3.000,3.000,3.000,3.000,2.417,2.417,2.414,2.408,2.402,2.401,2.392,2.393,2.387,2.385,2.376,2.373,2.361,2.354,2.338,2.335,2.327,2.325,2.316,2.313,2.305,2.303,2.298,2.295,2.290,2.283,2.277,2.267,2.261,2.256,2.251,2.247,2.244,2.239,2.236,2.231,2.227,2.223,2.220,2.218,2.209,2.204,2.197,2.195,2.187,2.182,2.178,2.176,2.174,2.172,2.169,2.164,2.161,2.158,2.155,2.153,2.148,2.145,2.139,2.136,2.130,2.128,2.125,2.124,2.121,2.120,2.119,2.115,2.110,2.109,2.106,2.105,2.101,2.101,2.097,2.095,2.093,2.092,2.090,2.087,2.084,2.084,2.082,2.083,2.081,2.080,2.079,2.079,2.079,2.078,2.075,2.073,2.071,2.071,2.070,2.068,2.064,2.063,2.062,2.062,2.060,2.059,2.058,2.058,2.056,2.057,2.056,2.056,2.053,2.053,2.053,2.053,2.054,2.054,2.053,2.052,2.051,2.053,2.054,2.056,2.057,2.059,2.061,2.062,2.062,2.063,2.065,2.066,2.067,2.068,2.071,2.072,2.072,2.072,2.074,2.076,2.079,2.081,2.083,2.086,2.089,2.092,2.095,2.097,2.099,2.100,2.102,2.104,2.106,2.108,2.110,2.113,2.115,2.118,2.122,2.125,2.128,2.130,2.134,2.136,2.139,2.142,2.145,2.147,2.151,2.153,2.157,2.162,2.165,2.169,2.171,2.174,2.179,2.182,2.184,2.187,2.192,2.197,2.199,2.204,2.208,2.213,2.221,2.227,2.231,2.236,2.241,2.247,2.251,2.259,2.266,2.272,2.278,2.289,2.295,2.302,2.308,2.315,2.323,2.331,2.335,2.340,2.347,2.354,2.361,2.366,2.374,2.380,2.387,2.393,2.399,2.406,2.412,2.420,2.430,2.434,2.443,2.452,2.464,2.472,2.480,2.490,2.501,2.515,2.524,2.536,2.551,2.560,2.572,2.580,2.595,2.607,2.627,2.636,2.651,2.662,2.671,2.682,2.702,2.714,2.725,2.741,2.749,2.758,2.773,2.792,2.802,2.810,2.825,2.843,2.843,2.841,3.000,3.000,3.000,3.000,3.000,3.000,3.000,3.000,3.000,3.000,3.000,3.000,3.000,3.000,3.000,3.000,3.000,3.000,3.000,3.000,3.000,3.000,3.000,3.000,3.000,3.000,3.000,3.000,3.000,3.000,3.000,3.000,3.000,3.000,3.000,3.000
3.000,3.000,3.000,3.000,3.000,3.000,3.000,3.000,3.000,3.000,3.000,3.000,3.000,3.000,3.000,3.000,3.000,3.000,3.000,3.000,3.000,3.000,3.000,3.000,3.000,3.000,3.000,3.000,3.000,3.000,3.000,3.000,2.417,2.414,2.410,2.403,2.394,2.393,2.383,2.383,2.378,2.374,2.365,2.363,2.352,2.343,2.328,2.323,2.317,2.313,2.306,2.303,2.296,2.292,2.285,2.284,2.279,2.272,2.266,2.259,2.252,2.249,2.243,2.238,2.235,2.231,2.228,2.223,2.220,2.216,2.213,2.210,2.201,2.197,2.190,2.186,2.179,2.175,2.171,2.168,2.166,2.164,2.161,2.157,2.154,2.151,2.148,2.145,2.141,2.138,2.130,2.126,2.122,2.121,2.118,2.117,2.113,2.113,2.112,2.107,2.104,2.102,2.099,2.098,2.095,2.094,2.091,2.090,2.087,2.086,2.084,2.081,2.078,2.078,2.076,2.076,2.075,2.075,2.074,2.073,2.073,2.071,2.069,2.067,2.065,2.065,2.064,2.061,2.058,2.056,2.055,2.055,2.053,2.053,2.051,2.051,2.049,2.049,2.048,2.049,2.046,2.047,2.046,2.047,2.046,2.047,2.046,2.046,2.045,2.047,2.047,2.051,2.052,2.054,2.056,2.057,2.057,2.058,2.059,2.060,2.062,2.062,2.065,2.066,2.066,2.066,2.067,2.069,2.071,2.074,2.076,2.079,2.082,2.085,2.087,2.090,2.092,2.093,2.095,2.097,2.099,2.102,2.104,2.107,2.110,2.112,2.116,2.119,2.121,2.124,2.128,2.130,2.133,2.134,2.138,2.141,2.144,2.147,2.150,2.156,2.159,2.162,2.164,2.168,2.172,2.175,2.177,2.180,2.185,2.188,2.192,2.197,2.201,2.207,2.213,2.219,2.224,2.229,2.234,2.240,2.245,2.253,2.260,2.266,2.271,2.281,2.288,2.295,2.301,2.309,2.315,2.323,2.328,2.334,2.341,2.348,2.354,2.359,2.366,2.373,2.380,2.386,2.392,2.399,2.404,2.411,2.419,2.425,2.433,2.445,2.457,2.465,2.474,2.483,2.494,2.505,2.513,2.522,2.540,2.552,2.563,2.572,2.587,2.598,2.614,2.623,2.640,2.651,2.659,2.670,2.692,2.705,2.716,2.731,2.742,2.751,2.768,2.784,2.792,2.798,2.817,2.830,2.841,2.841,3.000,3.000,3.000,3.000,3.000,3.000,3.000,3.000,3.000,3.000,3.000,3.000,3.000,3.000,3.000,3.000,3.000,3.000,3.000,3.000,3.000,3.000,3.000,3.000,3.000,3.000,3.000,3.000,3.000,3.000,3.000,3.000,3.000,3.000,3.000,3.000
3.000,3.000,3.000,3.000,3.000,3.000,3.000,3.000,3.000,3.000,3.000,3.000,3.000,3.000,3.000,3.000,3.000,3.000,3.000,3.000,3.000,3.000,3.000,3.000,3.000,3.000,3.000,3.000,3.000,3.000,3.000,3.000,2.414,2.409,2.403,2.396,2.387,2.385,2.376,2.374,2.367,2.364,2.354,2.348,2.340,2.329,2.319,2.314,2.309,2.304,2.297,2.295,2.288,2.284,2.275,2.272,2.268,2.264,2.257,2.248,2.243,2.241,2.236,2.231,2.228,2.224,2.221,2.216,2.212,2.208,2.205,2.201,2.190,2.184,2.179,2.176,2.171,2.166,2.162,2.160,2.157,2.156,2.153,2.150,2.146,2.143,2.140,2.137,2.131,2.126,2.121,2.118,2.115,2.113,2.110,2.108,2.106,2.106,2.104,2.100,2.095,2.096,2.093,2.092,2.089,2.087,2.085,2.083,2.080,2.079,2.077,2.075,2.071,2.072,2.070,2.071,2.070,2.069,2.069,2.068,2.067,2.065,2.063,2.060,2.058,2.057,2.055,2.053,2.050,2.049,2.047,2.048,2.046,2.046,2.045,2.045,2.043,2.043,2.042,2.042,2.040,2.040,2.039,2.040,2.038,2.040,2.037,2.038,2.038,2.041,2.041,2.043,2.045,2.046,2.048,2.050,2.050,2.051,2.052,2.053,2.054,2.055,2.059,2.060,2.059,2.060,2.061,2.063,2.065,2.067,2.069,2.071,2.073,2.075,2.080,2.083,2.085,2.086,2.088,2.091,2.094,2.097,2.099,2.101,2.104,2.107,2.110,2.113,2.115,2.118,2.122,2.125,2.126,2.128,2.131,2.134,2.137,2.140,2.143,2.150,2.154,2.157,2.158,2.162,2.165,2.168,2.171,2.174,2.177,2.181,2.186,2.190,2.195,2.201,2.207,2.213,2.216,2.222,2.227,2.233,2.238,2.246,2.253,2.258,2.263,2.272,2.279,2.286,2.292,2.302,2.308,2.317,2.321,2.327,2.334,2.340,2.346,2.352,2.358,2.365,2.373,2.378,2.385,2.392,2.398,2.405,2.411,2.419,2.426,2.439,2.451,2.460,2.468,2.477,2.488,2.499,2.507,2.516,2.532,2.545,2.556,2.565,2.579,2.590,2.602,2.614,2.627,2.639,2.649,2.661,2.677,2.697,2.709,2.725,2.736,2.745,2.765,2.779,2.787,2.792,2.812,2.825,2.836,2.841,3.000,3.000,3.000,3.000,3.000,3.000,3.000,3.000,3.000,3.000,3.000,3.000,3.000,3.000,3.000,3.000,3.000,3.000,3.000,3.000,3.000,3.000,3.000,3.000,3.000,3.000,3.000,3.000,3.000,3.000,3.000,3.000,3.000,3.000,3.000,3.000
3.000,3.000,3.000,3.000,3.000,3.000,3.000,3.000,3.000,3.000,3.000,3.000,3.000,3.000,3.000,3.000,3.000,3.000,3.000,3.000,3.000,3.000,3.000,3.000,3.000,3.000,3.000,3.000,3.000,3.000,3.000,2.404,2.409,2.406,2.399,2.394,2.385,2.383,2.374,2.370,2.362,2.355,2.348,2.340,2.334,2.322,2.314,2.308,2.303,2.297,2.290,2.287,2.280,2.273,2.266,2.263,2.260,2.255,2.247,2.240,2.235,2.233,2.229,2.225,2.221,2.217,2.214,2.207,2.203,2.200,2.197,2.193,2.181,2.176,2.172,2.168,2.164,2.159,2.155,2.153,2.150,2.148,2.146,2.143,2.139,2.136,2.133,2.130,2.123,2.119,2.115,2.112,2.109,2.108,2.105,2.103,2.101,2.101,2.098,2.094,2.089,2.088,2.086,2.085,2.082,2.081,2.079,2.076,2.074,2.073,2.072,2.070,2.066,2.067,2.066,2.066,2.065,2.064,2.063,2.061,2.060,2.059,2.055,2.054,2.051,2.050,2.048,2.046,2.043,2.042,2.040,2.040,2.038,2.039,2.038,2.038,2.037,2.037,2.036,2.036,2.034,2.035,2.033,2.033,2.032,2.032,2.030,2.029,2.031,2.033,2.033,2.035,2.038,2.039,2.041,2.042,2.043,2.043,2.045,2.046,2.048,2.048,2.050,2.052,2.053,2.054,2.054,2.056,2.058,2.059,2.061,2.063,2.064,2.066,2.069,2.074,2.073,2.076,2.078,2.084,2.087,2.090,2.093,2.095,2.098,2.101,2.104,2.106,2.108,2.111,2.115,2.118,2.120,2.122,2.124,2.127,2.131,2.134,2.136,2.142,2.146,2.150,2.151,2.153,2.156,2.159,2.163,2.166,2.170,2.175,2.180,2.185,2.190,2.196,2.202,2.207,2.210,2.215,2.221,2.225,2.231,2.239,2.246,2.251,2.255,2.264,2.271,2.278,2.283,2.293,2.299,2.309,2.312,2.320,2.327,2.333,2.339,2.344,2.351,2.357,2.366,2.371,2.377,2.385,2.391,2.398,2.404,2.412,2.420,2.428,2.443,2.453,2.460,2.469,2.481,2.493,2.501,2.510,2.523,2.538,2.548,2.558,2.571,2.581,2.592,2.601,2.617,2.629,2.640,2.652,2.666,2.686,2.699,2.716,2.726,2.730,2.746,2.760,2.773,2.781,2.797,2.815,2.827,2.836,3.000,3.000,3.000,3.000,3.000,3.000,3.000,3.000,3.000,3.000,3.000,3.000,3.000,3.000,3.000,3.000,3.000,3.000,3.000,3.000,3.000,3.000,3.000,3.000,3.000,3.000,3.000,3.000,3.000,3.000,3.000,3.000,3.000,3.000,3.000,3.000
3.000,3.000,3.000,3.000,3.000,3.000,3.000,3.000,3.000,3.000,3.000,3.000,3.000,3.000,3.000,3.000,3.000,3.000,3.000,3.000,3.000,3.000,3.000,3.000,3.000,3.000,3.000,3.000,3.000,3.000,3.000,2.404,2.404,2.402,2.395,2.390,2.381,2.379,2.369,2.365,2.356,2.348,2.338,2.332,2.325,2.314,2.307,2.302,2.296,2.289,2.283,2.280,2.274,2.265,2.259,2.256,2.252,2.247,2.240,2.233,2.228,2.225,2.222,2.218,2.214,2.210,2.204,2.199,2.193,2.189,2.186,2.182,2.174,2.170,2.166,2.162,2.158,2.152,2.149,2.146,2.142,2.142,2.138,2.136,2.133,2.129,2.127,2.123,2.115,2.113,2.110,2.107,2.105,2.103,2.100,2.098,2.096,2.095,2.091,2.086,2.082,2.080,2.078,2.078,2.075,2.074,2.072,2.069,2.067,2.066,2.063,2.062,2.057,2.058,2.058,2.058,2.057,2.054,2.053,2.052,2.050,2.049,2.047,2.046,2.044,2.042,2.041,2.040,2.037,2.036,2.034,2.033,2.032,2.032,2.032,2.033,2.031,2.032,2.030,2.030,2.028,2.029,2.027,2.028,2.026,2.025,2.024,2.023,2.024,2.025,2.025,2.027,2.029,2.031,2.033,2.032,2.033,2.035,2.037,2.039,2.040,2.041,2.042,2.043,2.044,2.045,2.045,2.045,2.047,2.051,2.053,2.055,2.057,2.059,2.060,2.063,2.066,2.069,2.071,2.078,2.080,2.083,2.084,2.087,2.090,2.093,2.097,2.099,2.101,2.104,2.108,2.111,2.113,2.116,2.118,2.121,2.123,2.127,2.129,2.134,2.137,2.140,2.143,2.145,2.148,2.152,2.156,2.160,2.163,2.169,2.173,2.179,2.184,2.190,2.195,2.199,2.201,2.205,2.213,2.217,2.222,2.225,2.233,2.238,2.244,2.256,2.262,2.269,2.275,2.282,2.289,2.298,2.302,2.312,2.319,2.325,2.331,2.336,2.343,2.350,2.357,2.363,2.369,2.376,2.383,2.391,2.397,2.406,2.413,2.420,2.431,2.442,2.449,2.457,2.467,2.481,2.493,2.501,2.512,2.521,2.531,2.546,2.559,2.568,2.577,2.586,2.605,2.617,2.627,2.643,2.655,2.668,2.678,2.704,2.714,2.718,2.723,2.733,2.752,2.755,2.769,2.789,2.806,2.827,3.000,3.000,3.000,3.000,3.000,3.000,3.000,3.000,3.000,3.000,3.000,3.000,3.000,3.000,3.000,3.000,3.000,3.000,3.000,3.000,3.000,3.000,3.000,3.000,3.000,3.000,3.000,3.000,3.000,3.000,3.000,3.000,3.000,3.000,3.000,3.000
3.000,3.000,3.000,3.000,3.000,3.000,3.000,3.000,3.000,3.000,3.000,3.000,3.000,3.000,3.000,3.000,3.000,3.000,3.000,3.000,3.000,3.000,3.000,3.000,3.000,3.000,3.000,3.000,3.000,2.412,2.412,2.412,2.400,2.398,2.392,2.387,2.378,2.374,2.366,2.361,2.347,2.340,2.331,2.323,2.316,2.307,2.300,2.295,2.288,2.282,2.276,2.273,2.264,2.259,2.253,2.249,2.244,2.240,2.234,2.227,2.222,2.219,2.216,2.212,2.208,2.201,2.197,2.192,2.188,2.184,2.180,2.177,2.170,2.165,2.161,2.157,2.153,2.148,2.143,2.141,2.137,2.136,2.133,2.131,2.128,2.125,2.122,2.118,2.111,2.109,2.107,2.104,2.102,2.100,2.097,2.094,2.091,2.090,2.084,2.080,2.076,2.074,2.072,2.072,2.069,2.068,2.065,2.063,2.060,2.059,2.056,2.054,2.050,2.051,2.050,2.050,2.047,2.046,2.044,2.044,2.043,2.042,2.037,2.038,2.037,2.035,2.034,2.034,2.031,2.031,2.029,2.028,2.027,2.026,2.027,2.027,2.026,2.027,2.025,2.024,2.023,2.022,2.021,2.022,2.020,2.019,2.018,2.017,2.017,2.018,2.018,2.019,2.021,2.023,2.024,2.025,2.026,2.027,2.031,2.033,2.034,2.035,2.036,2.036,2.037,2.038,2.038,2.039,2.041,2.044,2.047,2.049,2.051,2.053,2.055,2.058,2.060,2.064,2.066,2.071,2.073,2.076,2.078,2.080,2.083,2.085,2.089,2.090,2.093,2.096,2.099,2.104,2.104,2.109,2.112,2.115,2.117,2.120,2.123,2.128,2.131,2.134,2.137,2.139,2.142,2.146,2.151,2.155,2.158,2.164,2.168,2.173,2.178,2.184,2.186,2.192,2.193,2.197,2.203,2.208,2.213,2.216,2.223,2.228,2.234,2.244,2.250,2.260,2.266,2.273,2.278,2.288,2.293,2.300,2.307,2.315,2.319,2.325,2.336,2.343,2.350,2.355,2.361,2.367,2.376,2.383,2.390,2.399,2.407,2.414,2.422,2.434,2.440,2.449,2.460,2.473,2.484,2.493,2.503,2.512,2.521,2.531,2.548,2.558,2.565,2.574,2.595,2.608,2.618,2.636,2.646,2.656,2.667,2.693,2.702,2.708,2.713,2.722,2.737,2.741,2.744,2.755,2.787,2.806,2.805,2.805,3.000,3.000,3.000,3.000,3.000,3.000,3.000,3.000,3.000,3.000,3.000,3.000,3.000,3.000,3.000,3.000,3.000,3.000,3.000,3.000,3.000,3.000,3.000,3.000,3.000,3.000,3.000,3.000,3.000,3.000,3.000,3.000,3.000,3.000
3.000,3.000,3.000,3.000,3.000,3.000,3.000,3.000,3.000,3.000,3.000,3.000,3.000,3.000,3.000,3.000,3.000,3.000,3.000,3.000,3.000,3.000,3.000,3.000,3.000,3.000,3.000,3.000,2.412,2.412,2.412,2.402,2.396,2.393,2.387,2.382,2.373,2.369,2.360,2.354,2.335,2.328,2.319,2.312,2.305,2.298,2.290,2.285,2.279,2.274,2.269,2.265,2.258,2.252,2.247,2.242,2.238,2.233,2.228,2.221,2.216,2.212,2.209,2.205,2.199,2.194,2.189,2.186,2.182,2.178,2.175,2.172,2.165,2.160,2.156,2.152,2.147,2.142,2.138,2.135,2.132,2.130,2.128,2.127,2.123,2.120,2.115,2.113,2.107,2.105,2.103,2.100,2.098,2.097,2.094,2.090,2.086,2.085,2.079,2.075,2.071,2.069,2.066,2.066,2.063,2.061,2.058,2.056,2.053,2.051,2.047,2.046,2.042,2.040,2.038,2.036,2.035,2.033,2.034,2.033,2.031,2.029,2.027,2.027,2.026,2.025,2.024,2.026,2.024,2.024,2.022,2.022,2.021,2.020,2.020,2.020,2.020,2.020,2.018,2.017,2.016,2.016,2.015,2.014,2.013,2.012,2.010,2.008,2.008,2.011,2.009,2.012,2.014,2.016,2.018,2.019,2.020,2.021,2.023,2.026,2.028,2.029,2.027,2.028,2.029,2.030,2.030,2.031,2.034,2.036,2.038,2.041,2.043,2.046,2.048,2.050,2.052,2.057,2.058,2.063,2.067,2.070,2.072,2.074,2.076,2.078,2.080,2.082,2.084,2.087,2.088,2.092,2.094,2.098,2.102,2.104,2.106,2.109,2.115,2.121,2.124,2.127,2.131,2.133,2.136,2.140,2.145,2.149,2.152,2.158,2.162,2.167,2.172,2.176,2.179,2.183,2.187,2.191,2.196,2.202,2.206,2.210,2.216,2.221,2.227,2.234,2.241,2.251,2.256,2.264,2.270,2.278,2.283,2.291,2.298,2.304,2.311,2.316,2.326,2.335,2.343,2.348,2.354,2.360,2.366,2.374,2.383,2.393,2.400,2.407,2.415,2.423,2.431,2.438,2.452,2.463,2.474,2.484,2.496,2.504,2.513,2.523,2.541,2.550,2.557,2.566,2.586,2.596,2.604,2.627,2.637,2.646,2.651,2.673,2.691,2.698,2.699,2.708,2.727,2.734,2.740,2.753,2.784,2.788,2.805,2.817,3.000,2.892,2.892,2.892,3.000,3.000,3.000,3.000,3.000,3.000,3.000,3.000,3.000,3.000,3.000,3.000,3.000,3.000,3.000,3.000,3.000,3.000,3.000,3.000,3.000,3.000,3.000,3.000,3.000,3.000,3.000,3.000,3.000,3.000
3.000,3.000,3.000,3.000,3.000,3.000,3.000,3.000,3.000,3.000,3.000,3.000,3.000,3.000,3.000,3.000,3.000,3.000,3.000,3.000,3.000,3.000,3.000,3.000,3.000,3.000,3.000,2.401,2.412,2.412,2.398,2.394,2.389,2.386,2.378,2.375,2.365,2.362,2.350,2.339,2.326,2.319,2.310,2.304,2.298,2.290,2.282,2.277,2.273,2.268,2.262,2.258,2.251,2.246,2.241,2.236,2.230,2.225,2.221,2.215,2.210,2.206,2.204,2.197,2.193,2.187,2.183,2.180,2.175,2.171,2.169,2.166,2.159,2.155,2.150,2.146,2.141,2.136,2.131,2.129,2.125,2.124,2.121,2.120,2.115,2.113,2.109,2.106,2.101,2.099,2.097,2.095,2.093,2.093,2.090,2.085,2.082,2.080,2.075,2.071,2.067,2.064,2.061,2.061,2.057,2.056,2.053,2.050,2.047,2.045,2.041,2.040,2.035,2.033,2.031,2.029,2.028,2.026,2.026,2.024,2.023,2.021,2.020,2.019,2.018,2.014,2.014,2.017,2.011,2.012,2.012,2.013,2.013,2.013,2.013,2.013,2.011,2.011,2.010,2.010,2.009,2.008,2.007,2.007,2.006,2.004,2.002,2.001,2.002,2.002,2.002,2.004,2.007,2.010,2.010,2.012,2.012,2.013,2.015,2.019,2.021,2.022,2.021,2.021,2.022,2.023,2.024,2.025,2.027,2.030,2.032,2.035,2.036,2.040,2.042,2.044,2.046,2.050,2.052,2.057,2.060,2.063,2.066,2.068,2.070,2.072,2.074,2.076,2.078,2.078,2.081,2.084,2.087,2.091,2.095,2.097,2.099,2.103,2.108,2.114,2.117,2.121,2.124,2.127,2.130,2.135,2.140,2.143,2.146,2.151,2.156,2.161,2.167,2.170,2.174,2.177,2.181,2.185,2.191,2.196,2.200,2.204,2.209,2.214,2.220,2.227,2.233,2.241,2.247,2.255,2.260,2.270,2.276,2.283,2.290,2.296,2.304,2.310,2.319,2.328,2.336,2.341,2.346,2.352,2.360,2.367,2.376,2.385,2.394,2.400,2.407,2.414,2.422,2.431,2.441,2.456,2.465,2.477,2.488,2.496,2.506,2.516,2.529,2.540,2.550,2.558,2.577,2.587,2.595,2.618,2.629,2.637,2.643,2.656,2.682,2.691,2.695,2.705,2.725,2.733,2.743,2.764,2.786,2.793,2.817,2.822,2.838,2.892,2.892,2.892,3.000,3.000,3.000,3.000,3.000,3.000,3.000,3.000,3.000,3.000,3.000,3.000,3.000,3.000,3.000,3.000,3.000,3.000,3.000,3.000,3.000,3.000,3.000,3.000,3.000,3.000,3.000,3.000,3.000,3.000
3.000,3.000,3.000,3.000,3.000,3.000,3.000,3.000,3.000,3.000,3.000,3.000,3.000,3.000,3.000,3.000,3.000,3.000,3.000,3.000,3.000,3.000,3.000,3.000,3.000,3.000,3.000,2.402,2.401,2.407,2.394,2.390,2.385,2.382,2.372,2.369,2.356,2.356,2.345,2.334,2.320,2.311,2.304,2.298,2.292,2.283,2.275,2.271,2.267,2.262,2.255,2.252,2.245,2.240,2.234,2.228,2.224,2.219,2.214,2.209,2.203,2.200,2.198,2.191,2.187,2.182,2.178,2.175,2.170,2.166,2.162,2.159,2.154,2.150,2.144,2.140,2.134,2.130,2.123,2.122,2.118,2.117,2.114,2.113,2.109,2.108,2.103,2.099,2.095,2.093,2.092,2.090,2.088,2.087,2.084,2.079,2.077,2.075,2.070,2.066,2.062,2.059,2.056,2.056,2.052,2.051,2.047,2.045,2.041,2.038,2.034,2.033,2.029,2.028,2.025,2.023,2.022,2.019,2.019,2.017,2.015,2.013,2.012,2.009,2.008,2.007,2.006,2.006,2.003,2.005,2.005,2.005,2.003,2.003,2.004,2.004,2.004,2.004,2.004,2.003,2.003,2.002,2.001,2.001,1.999,1.997,1.996,1.995,1.995,1.995,1.995,1.997,1.998,2.001,2.002,2.004,2.005,2.006,2.008,2.010,2.013,2.013,2.014,2.015,2.016,2.018,2.018,2.019,2.022,2.025,2.027,2.030,2.031,2.033,2.036,2.038,2.040,2.043,2.045,2.051,2.054,2.056,2.058,2.060,2.062,2.064,2.067,2.069,2.070,2.071,2.074,2.077,2.081,2.084,2.087,2.090,2.093,2.096,2.100,2.104,2.108,2.112,2.116,2.120,2.124,2.129,2.133,2.137,2.141,2.146,2.150,2.155,2.161,2.164,2.166,2.170,2.175,2.180,2.186,2.191,2.195,2.199,2.204,2.209,2.214,2.221,2.226,2.233,2.236,2.245,2.252,2.262,2.269,2.275,2.282,2.289,2.296,2.303,2.310,2.320,2.326,2.332,2.337,2.344,2.352,2.359,2.367,2.377,2.385,2.392,2.399,2.405,2.414,2.424,2.434,2.446,2.457,2.469,2.480,2.490,2.499,2.509,2.522,2.533,2.543,2.552,2.567,2.577,2.585,2.603,2.619,2.628,2.634,2.646,2.663,2.681,2.685,2.698,2.717,2.726,2.738,2.754,2.779,2.786,2.805,2.810,2.822,2.838,2.878,2.892,3.000,3.000,3.000,3.000,3.000,3.000,3.000,3.000,3.000,3.000,3.000,3.000,3.000,3.000,3.000,3.000,3.000,3.000,3.000,3.000,3.000,3.000,3.000,3.000,3.000,3.000,3.000,3.000,3.000,3.000
3.000,3.000,3.000,3.000,3.000,3.000,3.000,3.000,3.000,3.000,3.000,3.000,3.000,3.000,3.000,3.000,3.000,3.000,3.000,3.000,3.000,3.000,3.000,3.000,3.000,3.000,2.405,2.405,2.402,2.402,2.393,2.387,2.383,2.379,2.368,2.361,2.351,2.351,2.342,2.333,2.318,2.310,2.302,2.296,2.289,2.280,2.271,2.267,2.259,2.255,2.247,2.245,2.239,2.234,2.227,2.222,2.217,2.212,2.207,2.202,2.195,2.193,2.190,2.186,2.182,2.178,2.173,2.170,2.165,2.161,2.156,2.153,2.149,2.145,2.140,2.135,2.130,2.125,2.119,2.117,2.112,2.111,2.108,2.107,2.104,2.102,2.098,2.093,2.089,2.087,2.086,2.084,2.082,2.080,2.077,2.074,2.071,2.069,2.064,2.061,2.057,2.054,2.051,2.050,2.047,2.045,2.041,2.038,2.034,2.032,2.029,2.028,2.024,2.023,2.020,2.017,2.016,2.014,2.013,2.011,2.010,2.008,2.006,2.004,2.003,2.002,2.001,2.001,1.998,1.999,2.000,2.000,1.998,1.997,1.997,1.998,1.998,1.999,1.998,1.998,1.995,1.993,1.993,1.994,1.992,1.991,1.991,1.990,1.990,1.990,1.990,1.992,1.993,1.995,1.996,1.998,2.000,2.001,2.003,2.004,2.005,2.007,2.008,2.010,2.011,2.013,2.013,2.014,2.017,2.020,2.022,2.025,2.026,2.028,2.030,2.033,2.035,2.038,2.040,2.046,2.049,2.050,2.052,2.054,2.056,2.058,2.060,2.063,2.065,2.066,2.069,2.072,2.075,2.079,2.082,2.084,2.087,2.090,2.094,2.097,2.101,2.104,2.110,2.114,2.117,2.124,2.128,2.132,2.135,2.140,2.144,2.149,2.153,2.157,2.161,2.165,2.169,2.174,2.179,2.185,2.190,2.193,2.198,2.203,2.209,2.215,2.220,2.224,2.229,2.235,2.244,2.255,2.263,2.268,2.275,2.281,2.289,2.294,2.302,2.311,2.316,2.323,2.328,2.337,2.344,2.352,2.360,2.369,2.379,2.386,2.393,2.399,2.408,2.418,2.429,2.440,2.450,2.460,2.473,2.481,2.491,2.503,2.515,2.525,2.537,2.545,2.559,2.570,2.580,2.597,2.613,2.622,2.628,2.639,2.655,2.664,2.670,2.687,2.706,2.715,2.727,2.740,2.762,2.769,2.784,2.794,2.805,2.819,2.841,2.878,2.866,2.866,3.000,3.000,3.000,3.000,3.000,3.000,3.000,3.000,3.000,3.000,3.000,3.000,3.000,3.000,3.000,3.000,3.000,3.000,3.000,3.000,3.000,3.000,3.000,3.000,3.000,3.000,3.000,3.000
3.000,3.000,3.000,3.000,3.000,3.000,3.000,3.000,3.000,3.000,3.000,3.000,3.000,3.000,3.000,3.000,3.000,3.000,3.000,3.000,3.000,3.000,3.000,3.000,3.000,3.000,2.405,2.405,2.399,2.399,2.389,2.384,2.379,2.374,2.364,2.357,2.346,2.344,2.337,2.329,2.315,2.307,2.299,2.293,2.284,2.277,2.268,2.263,2.255,2.251,2.243,2.240,2.235,2.229,2.223,2.218,2.213,2.207,2.202,2.197,2.190,2.187,2.184,2.181,2.178,2.173,2.168,2.165,2.159,2.155,2.151,2.148,2.144,2.141,2.134,2.130,2.125,2.121,2.114,2.112,2.107,2.106,2.103,2.100,2.097,2.096,2.089,2.086,2.083,2.082,2.080,2.078,2.075,2.073,2.070,2.068,2.065,2.062,2.058,2.054,2.050,2.047,2.045,2.042,2.040,2.038,2.034,2.030,2.027,2.025,2.022,2.021,2.018,2.015,2.012,2.009,2.008,2.007,2.006,2.004,2.002,2.001,1.999,1.998,1.997,1.997,1.996,1.995,1.993,1.993,1.994,1.994,1.993,1.992,1.991,1.992,1.991,1.993,1.993,1.992,1.989,1.988,1.988,1.987,1.987,1.986,1.986,1.986,1.985,1.986,1.984,1.988,1.988,1.990,1.991,1.993,1.994,1.995,1.998,1.998,2.000,2.001,2.003,2.005,2.006,2.008,2.007,2.009,2.011,2.015,2.017,2.020,2.021,2.023,2.025,2.028,2.030,2.033,2.035,2.041,2.043,2.044,2.045,2.048,2.050,2.052,2.054,2.057,2.059,2.061,2.063,2.067,2.069,2.072,2.075,2.078,2.082,2.085,2.089,2.091,2.094,2.098,2.103,2.108,2.112,2.119,2.123,2.127,2.130,2.135,2.139,2.143,2.147,2.151,2.156,2.160,2.164,2.169,2.174,2.180,2.185,2.188,2.193,2.197,2.202,2.208,2.212,2.217,2.222,2.228,2.235,2.248,2.256,2.261,2.267,2.273,2.278,2.283,2.291,2.300,2.307,2.315,2.321,2.329,2.336,2.344,2.352,2.362,2.371,2.377,2.386,2.393,2.402,2.411,2.421,2.433,2.444,2.453,2.465,2.473,2.481,2.490,2.508,2.517,2.528,2.537,2.552,2.562,2.573,2.591,2.603,2.612,2.620,2.632,2.648,2.657,2.664,2.680,2.700,2.710,2.725,2.740,2.756,2.763,2.772,2.789,2.802,2.817,2.831,2.859,2.866,2.872,2.872,3.000,3.000,3.000,3.000,3.000,3.000,3.000,3.000,3.000,3.000,3.000,3.000,3.000,3.000,3.000,3.000,3.000,3.000,3.000,3.000,3.000,3.000,3.000,3.000,3.000,3.000,3.000
3.000,3.000,3.000,3.000,3.000,3.000,3.000,3.000,3.000,3.000,3.000,3.000,3.000,3.000,3.000,3.000,3.000,3.000,3.000,3.000,3.000,3.000,3.000,3.000,3.000,2.412,2.412,2.396,2.389,2.390,2.384,2.378,2.373,2.368,2.357,2.353,2.341,2.339,2.331,2.323,2.312,2.302,2.295,2.287,2.279,2.271,2.263,2.259,2.252,2.248,2.240,2.237,2.231,2.225,2.220,2.214,2.209,2.202,2.197,2.190,2.185,2.182,2.180,2.176,2.173,2.168,2.163,2.159,2.153,2.149,2.144,2.141,2.137,2.133,2.129,2.125,2.119,2.115,2.110,2.108,2.103,2.101,2.096,2.092,2.089,2.086,2.082,2.081,2.078,2.076,2.074,2.070,2.067,2.063,2.062,2.060,2.057,2.053,2.048,2.045,2.042,2.039,2.037,2.034,2.032,2.028,2.025,2.022,2.019,2.017,2.014,2.014,2.010,2.007,2.004,2.002,2.001,2.000,1.999,1.998,1.996,1.994,1.993,1.992,1.992,1.991,1.990,1.989,1.987,1.987,1.987,1.988,1.988,1.987,1.986,1.985,1.985,1.987,1.987,1.986,1.984,1.982,1.982,1.982,1.982,1.981,1.981,1.981,1.978,1.979,1.979,1.982,1.982,1.984,1.985,1.988,1.989,1.990,1.992,1.994,1.995,1.996,1.997,2.000,2.001,2.003,2.003,2.005,2.007,2.011,2.013,2.015,2.016,2.018,2.021,2.024,2.026,2.028,2.030,2.035,2.037,2.038,2.039,2.042,2.044,2.046,2.047,2.051,2.053,2.056,2.059,2.063,2.065,2.068,2.071,2.074,2.077,2.081,2.084,2.087,2.090,2.094,2.099,2.103,2.107,2.113,2.117,2.122,2.125,2.130,2.134,2.138,2.142,2.146,2.151,2.155,2.159,2.165,2.169,2.175,2.180,2.183,2.187,2.191,2.197,2.201,2.205,2.209,2.215,2.222,2.228,2.238,2.249,2.254,2.260,2.266,2.271,2.276,2.283,2.293,2.301,2.310,2.315,2.323,2.331,2.338,2.346,2.357,2.364,2.370,2.378,2.387,2.395,2.405,2.415,2.425,2.437,2.446,2.457,2.465,2.473,2.482,2.501,2.511,2.522,2.531,2.546,2.555,2.567,2.584,2.596,2.605,2.613,2.623,2.641,2.651,2.659,2.669,2.694,2.706,2.730,2.745,2.759,2.766,2.775,2.786,2.806,2.819,2.834,2.852,2.863,2.872,2.872,3.000,3.000,3.000,3.000,3.000,3.000,3.000,3.000,3.000,3.000,3.000,3.000,3.000,3.000,3.000,3.000,3.000,3.000,3.000,3.000,3.000,3.000,3.000,3.000,3.000,3.000,3.000
3.000,3.000,3.000,3.000,3.000,3.000,3.000,3.000,3.000,3.000,3.000,3.000,3.000,3.000,3.000,3.000,3.000,3.000,3.000,3.000,3.000,3.000,3.000,3.000,3.000,2.412,2.412,2.392,2.384,2.385,2.378,2.372,2.364,2.359,2.349,2.345,2.332,2.326,2.321,2.315,2.304,2.297,2.289,2.282,2.273,2.266,2.258,2.253,2.246,2.242,2.232,2.228,2.223,2.218,2.213,2.208,2.203,2.196,2.189,2.184,2.178,2.176,2.174,2.170,2.166,2.162,2.156,2.152,2.146,2.143,2.137,2.133,2.129,2.126,2.122,2.119,2.113,2.110,2.105,2.102,2.098,2.095,2.090,2.087,2.083,2.082,2.078,2.076,2.073,2.071,2.068,2.063,2.057,2.055,2.054,2.052,2.048,2.044,2.040,2.037,2.032,2.029,2.027,2.024,2.022,2.019,2.016,2.014,2.012,2.010,2.006,2.006,2.002,2.001,1.998,1.996,1.995,1.995,1.994,1.993,1.991,1.989,1.989,1.987,1.986,1.986,1.986,1.985,1.982,1.982,1.982,1.982,1.983,1.982,1.981,1.980,1.979,1.980,1.981,1.980,1.978,1.976,1.976,1.975,1.976,1.975,1.974,1.976,1.973,1.974,1.973,1.977,1.977,1.979,1.981,1.983,1.984,1.986,1.988,1.989,1.990,1.991,1.992,1.995,1.995,1.997,1.998,2.000,2.001,2.006,2.007,2.010,2.011,2.013,2.016,2.019,2.020,2.022,2.025,2.029,2.031,2.032,2.032,2.035,2.037,2.039,2.041,2.044,2.048,2.051,2.054,2.058,2.061,2.064,2.066,2.070,2.072,2.075,2.079,2.080,2.085,2.089,2.093,2.097,2.102,2.108,2.113,2.117,2.120,2.125,2.129,2.132,2.136,2.139,2.144,2.148,2.153,2.159,2.163,2.169,2.175,2.178,2.181,2.185,2.191,2.194,2.198,2.203,2.209,2.216,2.221,2.229,2.238,2.245,2.252,2.259,2.264,2.270,2.276,2.283,2.295,2.303,2.309,2.318,2.325,2.332,2.340,2.350,2.356,2.364,2.371,2.379,2.388,2.399,2.409,2.420,2.430,2.439,2.450,2.458,2.465,2.475,2.486,2.502,2.512,2.521,2.532,2.541,2.559,2.573,2.586,2.595,2.604,2.613,2.634,2.643,2.653,2.663,2.687,2.700,2.715,2.739,2.752,2.761,2.772,2.782,2.798,2.815,2.830,2.849,2.861,2.869,2.874,2.874,3.000,3.000,3.000,3.000,3.000,3.000,3.000,3.000,3.000,3.000,3.000,3.000,3.000,3.000,3.000,3.000,3.000,3.000,3.000,3.000,3.000,3.000,3.000,3.000,3.000,3.000
3.000,3.000,3.000,3.000,3.000,3.000,3.000,3.000,3.000,3.000,3.000,3.000,3.000,3.000,3.000,3.000,3.000,3.000,3.000,3.000,3.000,3.000,3.000,3.000,3.000,2.412,2.393,2.383,2.381,2.381,2.373,2.365,2.354,2.351,2.339,2.335,2.319,2.313,2.308,2.304,2.296,2.290,2.281,2.276,2.267,2.260,2.251,2.245,2.239,2.233,2.225,2.221,2.213,2.210,2.206,2.202,2.197,2.188,2.182,2.177,2.172,2.170,2.168,2.165,2.161,2.157,2.150,2.147,2.141,2.138,2.133,2.128,2.124,2.121,2.117,2.113,2.109,2.105,2.100,2.097,2.093,2.090,2.086,2.083,2.080,2.078,2.074,2.072,2.067,2.066,2.061,2.057,2.051,2.049,2.047,2.045,2.042,2.038,2.034,2.031,2.026,2.023,2.021,2.018,2.016,2.014,2.011,2.008,2.006,2.004,2.001,2.001,1.997,1.995,1.993,1.991,1.990,1.991,1.990,1.989,1.986,1.985,1.984,1.983,1.982,1.982,1.981,1.980,1.977,1.977,1.976,1.977,1.977,1.977,1.974,1.974,1.974,1.975,1.974,1.975,1.972,1.970,1.970,1.969,1.969,1.969,1.969,1.970,1.968,1.970,1.970,1.973,1.973,1.976,1.977,1.979,1.981,1.982,1.984,1.985,1.985,1.986,1.987,1.989,1.990,1.992,1.993,1.995,1.995,1.998,2.000,2.004,2.005,2.008,2.011,2.014,2.014,2.016,2.019,2.023,2.024,2.025,2.025,2.029,2.031,2.033,2.036,2.038,2.041,2.046,2.049,2.052,2.055,2.059,2.060,2.064,2.066,2.069,2.072,2.074,2.078,2.084,2.088,2.092,2.096,2.104,2.108,2.113,2.116,2.121,2.124,2.128,2.132,2.135,2.139,2.143,2.147,2.152,2.157,2.163,2.168,2.172,2.175,2.179,2.185,2.189,2.193,2.198,2.203,2.211,2.216,2.224,2.233,2.239,2.245,2.252,2.258,2.264,2.270,2.277,2.286,2.295,2.303,2.312,2.319,2.327,2.335,2.343,2.349,2.356,2.363,2.374,2.382,2.393,2.403,2.415,2.424,2.433,2.443,2.451,2.458,2.468,2.479,2.490,2.503,2.512,2.524,2.533,2.549,2.564,2.576,2.587,2.596,2.604,2.618,2.631,2.644,2.652,2.672,2.688,2.700,2.719,2.733,2.751,2.764,2.775,2.787,2.800,2.816,2.845,2.859,2.867,2.874,2.879,2.879,3.000,3.000,3.000,3.000,3.000,3.000,3.000,3.000,3.000,3.000,3.000,3.000,3.000,3.000,3.000,3.000,3.000,3.000,3.000,3.000,3.000,3.000,3.000,3.000,3.000
3.000,3.000,3.000,3.000,3.000,3.000,3.000,3.000,3.000,3.000,3.000,3.000,3.000,3.000,3.000,3.000,3.000,3.000,3.000,3.000,3.000,3.000,3.000,2.393,2.393,2.393,2.388,2.382,2.378,2.375,2.364,2.358,2.344,2.342,2.328,2.325,2.311,2.305,2.300,2.294,2.287,2.283,2.273,2.266,2.259,2.251,2.243,2.237,2.231,2.225,2.216,2.210,2.204,2.200,2.198,2.195,2.189,2.180,2.173,2.170,2.166,2.164,2.161,2.158,2.153,2.149,2.145,2.142,2.137,2.133,2.128,2.123,2.119,2.116,2.113,2.109,2.104,2.100,2.096,2.093,2.089,2.086,2.082,2.079,2.076,2.074,2.070,2.067,2.062,2.059,2.054,2.051,2.046,2.044,2.042,2.039,2.037,2.032,2.029,2.026,2.021,2.018,2.016,2.013,2.011,2.009,2.006,2.004,2.002,2.000,1.997,1.997,1.993,1.991,1.989,1.987,1.986,1.987,1.986,1.985,1.982,1.981,1.979,1.979,1.977,1.977,1.975,1.974,1.972,1.972,1.971,1.972,1.972,1.972,1.969,1.969,1.969,1.969,1.969,1.968,1.967,1.966,1.966,1.965,1.965,1.966,1.965,1.966,1.964,1.966,1.966,1.969,1.968,1.969,1.972,1.975,1.976,1.977,1.979,1.980,1.980,1.981,1.982,1.985,1.986,1.988,1.988,1.990,1.990,1.994,1.996,2.000,2.002,2.004,2.007,2.009,2.010,2.012,2.014,2.018,2.020,2.020,2.021,2.025,2.027,2.029,2.031,2.034,2.036,2.039,2.042,2.045,2.048,2.052,2.054,2.057,2.060,2.062,2.065,2.068,2.072,2.079,2.083,2.087,2.090,2.095,2.102,2.107,2.110,2.114,2.119,2.123,2.127,2.130,2.134,2.138,2.141,2.146,2.151,2.156,2.160,2.165,2.168,2.173,2.178,2.183,2.188,2.192,2.197,2.204,2.210,2.218,2.225,2.232,2.238,2.245,2.252,2.257,2.262,2.270,2.277,2.286,2.296,2.303,2.311,2.320,2.327,2.335,2.341,2.348,2.355,2.368,2.376,2.387,2.398,2.409,2.417,2.425,2.434,2.443,2.448,2.461,2.471,2.481,2.490,2.499,2.511,2.523,2.535,2.552,2.564,2.575,2.585,2.592,2.604,2.611,2.628,2.639,2.652,2.662,2.682,2.697,2.720,2.764,2.775,2.787,2.800,2.816,2.811,2.836,2.856,2.864,2.872,2.879,2.879,3.000,3.000,3.000,3.000,3.000,3.000,3.000,3.000,3.000,3.000,3.000,3.000,3.000,3.000,3.000,3.000,3.000,3.000,3.000,3.000,3.000,3.000,3.000,3.000,3.000
3.000,3.000,3.000,3.000,3.000,3.000,3.000,3.000,3.000,3.000,3.000,3.000,3.000,3.000,3.000,3.000,3.000,3.000,3.000,3.000,3.000,3.000,3.000,2.393,2.393,2.388,2.386,2.379,2.373,2.367,2.352,2.347,2.336,2.330,2.322,2.318,2.305,2.299,2.294,2.287,2.281,2.273,2.266,2.260,2.252,2.242,2.236,2.230,2.223,2.218,2.208,2.203,2.197,2.193,2.189,2.186,2.181,2.175,2.169,2.166,2.162,2.160,2.156,2.152,2.147,2.144,2.139,2.136,2.131,2.128,2.121,2.117,2.113,2.110,2.107,2.103,2.098,2.095,2.091,2.088,2.083,2.081,2.078,2.075,2.071,2.069,2.065,2.062,2.057,2.054,2.049,2.046,2.041,2.039,2.035,2.033,2.030,2.027,2.024,2.021,2.017,2.014,2.012,2.009,2.007,2.005,2.002,1.999,1.997,1.995,1.992,1.990,1.989,1.987,1.985,1.983,1.982,1.982,1.982,1.981,1.978,1.976,1.974,1.973,1.972,1.972,1.970,1.969,1.967,1.967,1.966,1.968,1.966,1.966,1.964,1.964,1.964,1.964,1.964,1.964,1.962,1.962,1.962,1.962,1.962,1.962,1.961,1.962,1.960,1.962,1.962,1.963,1.963,1.964,1.966,1.970,1.971,1.971,1.973,1.974,1.975,1.977,1.978,1.981,1.982,1.983,1.984,1.986,1.987,1.990,1.993,1.997,1.998,2.001,2.002,2.005,2.005,2.008,2.010,2.013,2.015,2.017,2.018,2.021,2.023,2.026,2.028,2.030,2.032,2.034,2.037,2.040,2.042,2.046,2.049,2.052,2.054,2.057,2.060,2.063,2.066,2.072,2.078,2.081,2.084,2.089,2.095,2.100,2.103,2.108,2.113,2.117,2.122,2.125,2.129,2.133,2.136,2.140,2.144,2.150,2.154,2.158,2.162,2.166,2.170,2.176,2.182,2.187,2.191,2.197,2.204,2.211,2.218,2.224,2.230,2.237,2.244,2.250,2.255,2.262,2.270,2.280,2.289,2.297,2.304,2.312,2.319,2.328,2.334,2.342,2.349,2.362,2.371,2.379,2.388,2.401,2.409,2.416,2.425,2.432,2.438,2.449,2.463,2.473,2.480,2.490,2.501,2.514,2.526,2.540,2.553,2.564,2.573,2.581,2.593,2.600,2.616,2.626,2.638,2.647,2.657,2.681,2.720,2.720,3.000,3.000,3.000,2.811,2.836,2.833,2.854,2.859,2.865,2.872,2.879,3.000,3.000,3.000,3.000,3.000,3.000,3.000,3.000,3.000,3.000,3.000,3.000,3.000,3.000,3.000,3.000,3.000,3.000,3.000,3.000,3.000,3.000,3.000,3.000,3.000
3.000,3.000,3.000,3.000,3.000,3.000,3.000,3.000,3.000,3.000,3.000,3.000,3.000,3.000,3.000,3.000,3.000,3.000,3.000,3.000,3.000,3.000,2.399,2.399,2.389,2.386,2.383,2.376,2.369,2.361,2.346,2.340,2.329,2.322,2.313,2.307,2.300,2.294,2.288,2.280,2.274,2.267,2.260,2.252,2.245,2.237,2.230,2.223,2.216,2.210,2.202,2.197,2.191,2.187,2.184,2.180,2.176,2.170,2.163,2.160,2.157,2.154,2.149,2.146,2.139,2.137,2.132,2.128,2.124,2.119,2.114,2.110,2.105,2.102,2.098,2.095,2.091,2.088,2.083,2.079,2.075,2.072,2.068,2.067,2.064,2.063,2.059,2.056,2.051,2.048,2.042,2.038,2.033,2.031,2.027,2.026,2.023,2.021,2.018,2.015,2.012,2.009,2.007,2.004,2.002,1.999,1.996,1.994,1.992,1.990,1.987,1.985,1.984,1.983,1.981,1.979,1.978,1.977,1.976,1.975,1.972,1.970,1.969,1.968,1.967,1.966,1.965,1.964,1.962,1.962,1.961,1.962,1.961,1.961,1.959,1.960,1.960,1.960,1.959,1.958,1.956,1.956,1.958,1.958,1.958,1.958,1.957,1.958,1.956,1.957,1.957,1.959,1.957,1.959,1.961,1.964,1.966,1.966,1.967,1.969,1.970,1.972,1.973,1.975,1.976,1.978,1.979,1.980,1.982,1.986,1.988,1.993,1.993,1.996,1.998,2.000,2.001,2.004,2.006,2.008,2.009,2.011,2.013,2.017,2.019,2.022,2.024,2.026,2.028,2.029,2.032,2.035,2.037,2.040,2.042,2.046,2.049,2.052,2.055,2.058,2.061,2.067,2.072,2.076,2.079,2.084,2.089,2.094,2.098,2.102,2.107,2.111,2.116,2.119,2.124,2.128,2.131,2.135,2.138,2.143,2.147,2.153,2.156,2.160,2.165,2.171,2.177,2.182,2.186,2.191,2.197,2.204,2.211,2.216,2.222,2.228,2.234,2.239,2.245,2.254,2.262,2.271,2.279,2.288,2.296,2.304,2.313,2.320,2.326,2.335,2.342,2.355,2.364,2.372,2.378,2.389,2.397,2.403,2.408,2.419,2.425,2.436,2.451,2.463,2.469,2.478,2.492,2.501,2.513,2.527,2.538,2.552,2.564,2.573,2.586,2.592,2.604,2.618,2.629,2.637,2.644,2.668,2.681,3.000,3.000,3.000,3.000,3.000,2.833,2.815,2.834,2.841,2.849,2.862,2.872,3.000,3.000,3.000,3.000,3.000,3.000,3.000,3.000,3.000,3.000,3.000,3.000,3.000,3.000,3.000,3.000,3.000,3.000,3.000,3.000,3.000,3.000,3.000,3.000,3.000
3.000,3.000,3.000,3.000,3.000,3.000,3.000,3.000,3.000,3.000,3.000,3.000,3.000,3.000,3.000,3.000,3.000,3.000,3.000,3.000,3.000,2.397,2.399,2.399,2.390,2.387,2.381,2.373,2.365,2.353,2.338,2.332,2.324,2.316,2.307,2.300,2.294,2.288,2.282,2.274,2.268,2.261,2.255,2.247,2.240,2.233,2.225,2.218,2.209,2.204,2.196,2.191,2.186,2.182,2.179,2.176,2.171,2.164,2.157,2.154,2.149,2.147,2.142,2.138,2.132,2.130,2.126,2.122,2.117,2.113,2.108,2.103,2.099,2.096,2.091,2.087,2.084,2.081,2.076,2.072,2.067,2.064,2.061,2.059,2.055,2.056,2.051,2.049,2.044,2.040,2.035,2.031,2.027,2.024,2.018,2.018,2.016,2.014,2.010,2.007,2.004,2.000,1.997,1.995,1.993,1.992,1.990,1.988,1.986,1.983,1.981,1.980,1.979,1.978,1.976,1.972,1.971,1.971,1.969,1.969,1.966,1.965,1.963,1.962,1.962,1.962,1.960,1.959,1.958,1.958,1.957,1.958,1.957,1.956,1.955,1.955,1.955,1.955,1.954,1.953,1.952,1.951,1.952,1.953,1.953,1.953,1.952,1.952,1.951,1.952,1.951,1.953,1.952,1.955,1.957,1.960,1.962,1.962,1.963,1.964,1.966,1.967,1.968,1.970,1.971,1.972,1.973,1.975,1.978,1.982,1.984,1.988,1.989,1.992,1.994,1.996,1.997,1.999,2.001,2.004,2.004,2.007,2.009,2.012,2.015,2.018,2.020,2.022,2.023,2.025,2.028,2.031,2.033,2.035,2.037,2.041,2.044,2.047,2.050,2.054,2.055,2.061,2.066,2.070,2.073,2.077,2.082,2.088,2.091,2.096,2.101,2.105,2.109,2.112,2.118,2.121,2.124,2.130,2.132,2.137,2.141,2.147,2.150,2.155,2.159,2.166,2.172,2.177,2.181,2.186,2.191,2.197,2.204,2.208,2.215,2.220,2.226,2.231,2.237,2.244,2.254,2.264,2.270,2.280,2.288,2.297,2.305,2.312,2.319,2.328,2.335,2.346,2.356,2.364,2.369,2.378,2.385,2.391,2.397,2.408,2.415,2.428,2.442,2.452,2.459,2.469,2.480,2.492,2.503,2.518,2.527,2.538,2.553,2.564,2.582,2.590,2.602,2.612,2.625,2.632,2.638,2.660,2.668,3.000,3.000,3.000,3.000,3.000,2.815,2.800,2.821,2.829,2.840,2.862,2.862,3.000,3.000,3.000,3.000,3.000,3.000,3.000,3.000,3.000,3.000,3.000,3.000,3.000,3.000,3.000,3.000,3.000,3.000,3.000,3.000,3.000,3.000,3.000,3.000,3.000
3.000,3.000,3.000,3.000,3.000,3.000,3.000,3.000,3.000,3.000,3.000,3.000,3.000,3.000,3.000,3.000,3.000,3.000,3.000,3.000,2.396,2.397,2.397,2.395,2.388,2.384,2.377,2.369,2.356,2.347,2.332,2.327,2.318,2.310,2.301,2.291,2.286,2.281,2.274,2.266,2.258,2.252,2.244,2.238,2.234,2.227,2.220,2.213,2.205,2.199,2.192,2.187,2.182,2.178,2.175,2.172,2.167,2.160,2.153,2.149,2.145,2.141,2.136,2.131,2.124,2.122,2.118,2.115,2.110,2.107,2.102,2.097,2.093,2.090,2.083,2.080,2.077,2.074,2.069,2.065,2.061,2.058,2.055,2.051,2.048,2.046,2.044,2.041,2.038,2.033,2.028,2.025,2.021,2.016,2.012,2.010,2.009,2.007,2.004,2.000,1.997,1.994,1.990,1.988,1.986,1.985,1.983,1.983,1.980,1.977,1.973,1.973,1.972,1.971,1.968,1.966,1.965,1.964,1.963,1.962,1.961,1.959,1.958,1.958,1.957,1.956,1.955,1.954,1.954,1.954,1.953,1.953,1.953,1.952,1.950,1.951,1.950,1.950,1.948,1.948,1.947,1.947,1.948,1.948,1.949,1.949,1.948,1.948,1.946,1.947,1.946,1.949,1.948,1.951,1.953,1.956,1.958,1.958,1.959,1.960,1.961,1.962,1.963,1.965,1.966,1.967,1.968,1.970,1.973,1.977,1.980,1.983,1.984,1.987,1.988,1.991,1.993,1.995,1.996,1.999,2.000,2.002,2.004,2.006,2.009,2.013,2.016,2.018,2.019,2.021,2.023,2.027,2.029,2.031,2.033,2.036,2.040,2.043,2.046,2.049,2.050,2.056,2.060,2.065,2.068,2.073,2.076,2.082,2.084,2.090,2.095,2.099,2.104,2.107,2.112,2.117,2.119,2.124,2.127,2.132,2.136,2.142,2.144,2.150,2.152,2.158,2.166,2.171,2.176,2.181,2.186,2.191,2.197,2.202,2.207,2.214,2.219,2.225,2.230,2.237,2.247,2.254,2.262,2.272,2.281,2.289,2.298,2.305,2.312,2.320,2.328,2.339,2.347,2.355,2.360,2.367,2.377,2.383,2.388,2.395,2.403,2.415,2.433,2.443,2.450,2.462,2.473,2.483,2.494,2.505,2.515,2.530,2.541,2.556,2.581,2.602,2.612,2.625,2.632,2.638,2.635,2.651,2.660,3.000,3.000,3.000,3.000,3.000,2.800,2.821,2.800,2.811,2.833,2.840,3.000,3.000,3.000,3.000,3.000,3.000,3.000,3.000,3.000,3.000,3.000,3.000,3.000,3.000,3.000,3.000,3.000,3.000,3.000,3.000,3.000,3.000,3.000,3.000,3.000,3.000
3.000,3.000,3.000,3.000,3.000,3.000,3.000,3.000,3.000,3.000,3.000,3.000,3.000,3.000,3.000,3.000,3.000,3.000,3.000,2.386,2.396,2.396,2.394,2.391,2.385,2.381,2.372,2.359,2.349,2.332,2.325,2.320,2.312,2.303,2.292,2.284,2.279,2.272,2.266,2.258,2.251,2.244,2.238,2.232,2.228,2.223,2.217,2.210,2.202,2.197,2.188,2.184,2.179,2.175,2.172,2.168,2.164,2.156,2.150,2.146,2.140,2.136,2.130,2.124,2.118,2.116,2.112,2.108,2.104,2.101,2.096,2.092,2.088,2.084,2.078,2.075,2.071,2.068,2.063,2.059,2.056,2.053,2.050,2.046,2.043,2.041,2.038,2.036,2.033,2.028,2.023,2.020,2.016,2.011,2.007,2.005,2.003,2.002,1.998,1.995,1.992,1.989,1.984,1.982,1.980,1.980,1.978,1.976,1.974,1.969,1.966,1.965,1.964,1.964,1.961,1.960,1.960,1.959,1.958,1.957,1.956,1.955,1.952,1.952,1.952,1.952,1.950,1.950,1.948,1.949,1.949,1.950,1.949,1.948,1.947,1.947,1.947,1.947,1.946,1.945,1.944,1.944,1.945,1.945,1.945,1.945,1.944,1.944,1.943,1.944,1.943,1.946,1.945,1.948,1.950,1.952,1.953,1.953,1.954,1.956,1.957,1.958,1.959,1.960,1.962,1.963,1.964,1.966,1.969,1.972,1.975,1.978,1.980,1.982,1.984,1.986,1.988,1.991,1.993,1.995,1.997,1.999,2.002,2.004,2.006,2.011,2.013,2.015,2.016,2.017,2.019,2.023,2.025,2.027,2.029,2.032,2.035,2.037,2.040,2.045,2.046,2.052,2.055,2.060,2.063,2.068,2.072,2.076,2.079,2.084,2.090,2.094,2.099,2.102,2.107,2.111,2.114,2.118,2.121,2.126,2.131,2.136,2.140,2.144,2.147,2.153,2.159,2.166,2.171,2.176,2.181,2.186,2.192,2.197,2.202,2.207,2.214,2.219,2.224,2.231,2.240,2.247,2.253,2.263,2.273,2.281,2.291,2.299,2.305,2.312,2.320,2.330,2.341,2.348,2.354,2.360,2.370,2.375,2.381,2.387,2.395,2.407,2.423,2.437,2.444,2.455,2.468,2.478,2.489,2.499,2.508,2.519,2.528,2.581,2.581,2.581,3.000,3.000,3.000,2.635,2.651,2.651,2.651,3.000,3.000,3.000,3.000,3.000,3.000,2.800,2.811,2.833,2.833,2.833,3.000,3.000,3.000,3.000,3.000,3.000,3.000,3.000,3.000,3.000,3.000,3.000,3.000,3.000,3.000,3.000,3.000,3.000,3.000,3.000,3.000,3.000,3.000,3.000,3.000,3.000
3.000,3.000,3.000,3.000,3.000,3.000,3.000,3.000,3.000,3.000,3.000,3.000,3.000,3.000,3.000,3.000,3.000,3.000,3.000,2.386,2.386,2.387,2.387,2.385,2.380,2.375,2.365,2.350,2.333,2.324,2.319,2.314,2.306,2.297,2.285,2.277,2.272,2.266,2.258,2.251,2.245,2.239,2.233,2.227,2.224,2.219,2.213,2.206,2.199,2.193,2.184,2.180,2.175,2.171,2.167,2.163,2.157,2.152,2.146,2.141,2.136,2.131,2.125,2.118,2.112,2.109,2.105,2.103,2.098,2.094,2.090,2.087,2.083,2.079,2.074,2.070,2.067,2.063,2.058,2.054,2.051,2.048,2.045,2.041,2.038,2.035,2.032,2.030,2.027,2.022,2.015,2.014,2.009,2.004,2.001,2.000,1.998,1.996,1.993,1.990,1.987,1.984,1.979,1.977,1.976,1.974,1.972,1.971,1.967,1.963,1.961,1.959,1.959,1.958,1.956,1.956,1.955,1.955,1.953,1.951,1.949,1.948,1.945,1.945,1.945,1.945,1.944,1.943,1.943,1.943,1.943,1.944,1.943,1.943,1.942,1.941,1.939,1.942,1.942,1.941,1.940,1.940,1.940,1.941,1.940,1.940,1.939,1.939,1.938,1.939,1.938,1.941,1.940,1.943,1.944,1.947,1.947,1.948,1.948,1.950,1.950,1.951,1.951,1.954,1.956,1.958,1.959,1.961,1.964,1.967,1.969,1.973,1.973,1.977,1.979,1.981,1.983,1.986,1.988,1.991,1.993,1.995,1.998,2.000,2.002,2.005,2.007,2.010,2.011,2.013,2.015,2.017,2.019,2.021,2.023,2.027,2.030,2.033,2.036,2.039,2.041,2.047,2.050,2.055,2.058,2.062,2.066,2.070,2.072,2.077,2.082,2.089,2.093,2.097,2.102,2.106,2.110,2.114,2.117,2.122,2.127,2.132,2.135,2.140,2.143,2.149,2.155,2.161,2.165,2.169,2.175,2.181,2.186,2.191,2.194,2.199,2.207,2.212,2.216,2.223,2.230,2.236,2.242,2.249,2.260,2.272,2.281,2.290,2.297,2.304,2.312,2.324,2.334,2.341,2.347,2.354,2.362,2.369,2.375,2.381,2.388,2.423,2.437,2.444,2.455,2.468,2.478,2.489,2.499,2.508,2.519,2.528,2.528,2.528,3.000,3.000,3.000,3.000,3.000,3.000,3.000,3.000,3.000,3.000,3.000,3.000,3.000,3.000,3.000,3.000,3.000,3.000,3.000,3.000,3.000,3.000,3.000,3.000,3.000,3.000,3.000,3.000,3.000,3.000,3.000,3.000,3.000,3.000,3.000,3.000,3.000,3.000,3.000,3.000,3.000,3.000,3.000,3.000,3.000,3.000
3.000,3.000,3.000,3.000,3.000,3.000,3.000,3.000,3.000,3.000,3.000,3.000,3.000,3.000,3.000,3.000,3.000,3.000,3.000,2.386,2.378,2.377,2.379,2.378,2.374,2.368,2.353,2.343,2.328,2.319,2.314,2.309,2.301,2.287,2.279,2.272,2.265,2.260,2.252,2.246,2.239,2.234,2.228,2.223,2.219,2.214,2.207,2.200,2.193,2.186,2.179,2.175,2.170,2.166,2.162,2.158,2.153,2.148,2.142,2.138,2.133,2.128,2.122,2.115,2.109,2.105,2.102,2.099,2.094,2.090,2.085,2.083,2.079,2.075,2.070,2.066,2.062,2.058,2.053,2.048,2.045,2.042,2.039,2.034,2.032,2.029,2.026,2.023,2.020,2.016,2.010,2.008,2.003,1.999,1.997,1.995,1.993,1.991,1.989,1.985,1.982,1.978,1.975,1.973,1.971,1.970,1.968,1.966,1.961,1.958,1.957,1.955,1.955,1.954,1.953,1.952,1.952,1.951,1.949,1.947,1.945,1.943,1.941,1.941,1.940,1.940,1.939,1.939,1.939,1.939,1.938,1.939,1.939,1.937,1.937,1.935,1.934,1.935,1.938,1.938,1.937,1.936,1.936,1.937,1.936,1.936,1.935,1.935,1.934,1.934,1.933,1.935,1.935,1.937,1.938,1.941,1.942,1.943,1.944,1.945,1.945,1.945,1.946,1.947,1.950,1.953,1.954,1.957,1.959,1.962,1.963,1.966,1.968,1.972,1.974,1.976,1.979,1.980,1.983,1.986,1.989,1.991,1.993,1.995,1.998,2.000,2.002,2.004,2.006,2.008,2.010,2.013,2.014,2.016,2.018,2.021,2.025,2.029,2.031,2.034,2.037,2.041,2.045,2.049,2.053,2.057,2.060,2.065,2.067,2.071,2.076,2.081,2.086,2.091,2.096,2.101,2.105,2.110,2.113,2.117,2.122,2.127,2.131,2.135,2.139,2.145,2.150,2.156,2.160,2.165,2.169,2.175,2.180,2.184,2.188,2.193,2.200,2.206,2.209,2.215,2.222,2.228,2.234,2.239,2.251,2.262,2.273,2.284,2.291,2.298,2.306,2.315,2.326,2.334,2.340,2.345,2.353,2.359,2.366,2.371,2.388,2.388,3.000,3.000,3.000,3.000,3.000,3.000,3.000,3.000,3.000,3.000,3.000,3.000,3.000,3.000,3.000,3.000,3.000,3.000,3.000,3.000,3.000,3.000,3.000,3.000,3.000,3.000,3.000,3.000,3.000,3.000,3.000,3.000,3.000,3.000,3.000,3.000,3.000,3.000,3.000,3.000,3.000,3.000,3.000,3.000,3.000,3.000,3.000,3.000,3.000,3.000,3.000,3.000,3.000,3.000,3.000,3.000,3.000,3.000
3.000,3.000,3.000,3.000,3.000,3.000,3.000,3.000,3.000,3.000,3.000,3.000,3.000,3.000,3.000,3.000,3.000,3.000,3.000,2.378,2.373,2.370,2.367,2.366,2.365,2.353,2.344,2.336,2.322,2.313,2.308,2.301,2.290,2.281,2.273,2.265,2.258,2.252,2.246,2.240,2.233,2.227,2.222,2.217,2.213,2.206,2.198,2.192,2.186,2.181,2.174,2.170,2.165,2.161,2.157,2.152,2.148,2.144,2.138,2.134,2.129,2.124,2.118,2.111,2.106,2.102,2.097,2.094,2.090,2.085,2.080,2.077,2.074,2.070,2.065,2.061,2.058,2.053,2.048,2.044,2.040,2.036,2.032,2.029,2.026,2.024,2.021,2.018,2.014,2.011,2.006,2.003,1.999,1.994,1.992,1.991,1.988,1.986,1.981,1.978,1.976,1.972,1.970,1.968,1.966,1.965,1.962,1.959,1.956,1.953,1.952,1.950,1.951,1.950,1.949,1.949,1.948,1.947,1.945,1.942,1.941,1.939,1.937,1.936,1.936,1.936,1.935,1.934,1.934,1.934,1.934,1.934,1.932,1.931,1.931,1.930,1.930,1.931,1.933,1.933,1.933,1.932,1.932,1.932,1.932,1.931,1.931,1.931,1.930,1.930,1.927,1.930,1.929,1.930,1.931,1.934,1.936,1.937,1.938,1.940,1.940,1.940,1.941,1.942,1.945,1.949,1.950,1.952,1.953,1.956,1.958,1.961,1.963,1.968,1.970,1.972,1.974,1.976,1.978,1.981,1.984,1.986,1.988,1.991,1.994,1.996,1.998,2.000,2.002,2.004,2.007,2.009,2.011,2.012,2.014,2.018,2.021,2.024,2.027,2.029,2.031,2.034,2.037,2.044,2.047,2.051,2.054,2.059,2.061,2.066,2.070,2.075,2.078,2.083,2.088,2.092,2.096,2.103,2.106,2.110,2.116,2.121,2.125,2.130,2.134,2.139,2.144,2.150,2.154,2.158,2.162,2.168,2.173,2.179,2.182,2.187,2.194,2.200,2.204,2.209,2.216,2.221,2.226,2.232,2.243,2.254,2.263,2.277,2.283,2.290,2.299,2.308,2.319,2.324,2.333,2.338,2.345,2.352,2.359,2.364,2.371,3.000,3.000,3.000,3.000,3.000,3.000,3.000,3.000,3.000,3.000,3.000,3.000,3.000,3.000,3.000,3.000,3.000,3.000,3.000,3.000,3.000,3.000,3.000,3.000,3.000,3.000,3.000,3.000,3.000,3.000,3.000,3.000,3.000,3.000,3.000,3.000,3.000,3.000,3.000,3.000,3.000,3.000,3.000,3.000,3.000,3.000,3.000,3.000,3.000,3.000,3.000,3.000,3.000,3.000,3.000,3.000,3.000,3.000,3.000
3.000,3.000,3.000,3.000,3.000,3.000,3.000,3.000,3.000,3.000,3.000,3.000,3.000,3.000,3.000,3.000,3.000,3.000,2.378,2.378,2.370,2.365,2.362,2.359,2.352,2.344,2.337,2.331,2.318,2.309,2.302,2.296,2.284,2.276,2.268,2.258,2.252,2.247,2.241,2.234,2.227,2.222,2.217,2.211,2.206,2.199,2.192,2.186,2.180,2.174,2.169,2.165,2.160,2.153,2.150,2.146,2.143,2.139,2.134,2.129,2.124,2.119,2.114,2.107,2.102,2.097,2.093,2.090,2.086,2.081,2.077,2.074,2.070,2.066,2.061,2.058,2.054,2.049,2.044,2.039,2.035,2.031,2.027,2.024,2.022,2.019,2.016,2.012,2.007,2.004,2.001,1.999,1.995,1.990,1.988,1.987,1.984,1.980,1.977,1.974,1.972,1.968,1.966,1.964,1.962,1.961,1.958,1.954,1.952,1.949,1.947,1.946,1.946,1.945,1.945,1.944,1.944,1.943,1.941,1.938,1.937,1.936,1.933,1.932,1.932,1.932,1.931,1.930,1.930,1.930,1.930,1.929,1.928,1.927,1.927,1.926,1.926,1.926,1.929,1.929,1.928,1.928,1.928,1.928,1.928,1.927,1.926,1.926,1.926,1.925,1.922,1.925,1.924,1.926,1.927,1.929,1.932,1.933,1.934,1.936,1.936,1.936,1.937,1.938,1.941,1.945,1.946,1.948,1.949,1.952,1.954,1.957,1.960,1.964,1.966,1.968,1.970,1.972,1.975,1.978,1.981,1.982,1.984,1.986,1.990,1.992,1.994,1.996,1.998,2.000,2.004,2.006,2.008,2.009,2.011,2.015,2.018,2.021,2.023,2.025,2.027,2.029,2.031,2.035,2.041,2.046,2.049,2.053,2.056,2.060,2.065,2.070,2.073,2.077,2.081,2.085,2.090,2.097,2.100,2.105,2.109,2.115,2.119,2.124,2.128,2.134,2.139,2.144,2.148,2.152,2.157,2.162,2.168,2.174,2.178,2.183,2.189,2.195,2.199,2.205,2.211,2.217,2.221,2.227,2.238,2.248,2.255,2.269,2.276,2.283,2.292,2.301,2.310,2.317,2.324,2.329,2.337,2.342,2.346,2.347,2.364,3.000,3.000,3.000,3.000,3.000,3.000,3.000,3.000,3.000,3.000,3.000,3.000,3.000,3.000,3.000,3.000,3.000,3.000,3.000,3.000,3.000,3.000,3.000,3.000,3.000,3.000,3.000,3.000,3.000,3.000,3.000,3.000,3.000,3.000,3.000,3.000,3.000,3.000,3.000,3.000,3.000,3.000,3.000,3.000,3.000,3.000,3.000,3.000,3.000,3.000,3.000,3.000,3.000,3.000,3.000,3.000,3.000,3.000,3.000
3.000,3.000,3.000,3.000,3.000,3.000,3.000,3.000,3.000,3.000,3.000,3.000,3.000,3.000,3.000,3.000,3.000,3.000,2.378,2.378,2.364,2.360,2.353,2.351,2.342,2.334,2.329,2.324,2.312,2.303,2.293,2.288,2.277,2.269,2.260,2.252,2.246,2.241,2.236,2.228,2.221,2.215,2.209,2.205,2.200,2.194,2.188,2.181,2.175,2.170,2.165,2.161,2.154,2.148,2.144,2.141,2.137,2.134,2.127,2.123,2.119,2.114,2.110,2.103,2.098,2.093,2.089,2.086,2.081,2.076,2.072,2.069,2.066,2.059,2.054,2.051,2.049,2.043,2.039,2.034,2.030,2.026,2.023,2.019,2.017,2.014,2.010,2.007,2.002,1.999,1.995,1.994,1.990,1.987,1.984,1.982,1.979,1.976,1.973,1.970,1.968,1.964,1.962,1.960,1.958,1.956,1.954,1.950,1.948,1.944,1.943,1.942,1.942,1.941,1.941,1.941,1.941,1.940,1.937,1.935,1.934,1.932,1.929,1.928,1.928,1.928,1.926,1.925,1.926,1.926,1.926,1.925,1.924,1.922,1.922,1.921,1.921,1.921,1.922,1.923,1.922,1.923,1.924,1.924,1.924,1.922,1.921,1.922,1.921,1.921,1.918,1.919,1.919,1.920,1.921,1.923,1.926,1.927,1.930,1.931,1.931,1.932,1.932,1.933,1.935,1.940,1.939,1.943,1.945,1.947,1.949,1.953,1.955,1.958,1.960,1.962,1.966,1.968,1.971,1.973,1.976,1.977,1.979,1.982,1.984,1.987,1.989,1.991,1.994,1.996,2.000,2.003,2.004,2.006,2.008,2.011,2.014,2.017,2.019,2.020,2.022,2.024,2.027,2.031,2.035,2.040,2.044,2.048,2.050,2.054,2.060,2.064,2.067,2.070,2.075,2.079,2.084,2.089,2.093,2.098,2.102,2.109,2.112,2.117,2.120,2.127,2.131,2.138,2.142,2.147,2.152,2.157,2.163,2.169,2.173,2.178,2.184,2.190,2.195,2.200,2.206,2.211,2.216,2.222,2.232,2.242,2.247,2.258,2.266,2.274,2.282,2.294,2.303,2.309,2.316,2.321,2.327,2.332,2.334,2.337,2.347,3.000,3.000,3.000,3.000,3.000,3.000,3.000,3.000,3.000,3.000,3.000,3.000,3.000,3.000,3.000,3.000,3.000,3.000,3.000,3.000,3.000,3.000,3.000,3.000,3.000,3.000,3.000,3.000,3.000,3.000,3.000,3.000,3.000,3.000,3.000,3.000,3.000,3.000,3.000,3.000,3.000,3.000,3.000,3.000,3.000,3.000,3.000,3.000,3.000,3.000,3.000,3.000,3.000,3.000,3.000,3.000,3.000,3.000,3.000
3.000,3.000,3.000,3.000,3.000,3.000,3.000,3.000,3.000,3.000,3.000,3.000,3.000,3.000,3.000,3.000,3.000,2.362,2.378,2.373,2.356,2.352,2.349,2.346,2.338,2.330,2.324,2.318,2.308,2.296,2.289,2.283,2.273,2.263,2.255,2.247,2.240,2.235,2.229,2.223,2.216,2.209,2.205,2.201,2.197,2.191,2.186,2.179,2.173,2.168,2.164,2.159,2.152,2.146,2.142,2.138,2.134,2.130,2.123,2.119,2.115,2.111,2.105,2.100,2.095,2.090,2.086,2.082,2.077,2.072,2.068,2.066,2.062,2.056,2.051,2.047,2.044,2.039,2.034,2.029,2.025,2.022,2.019,2.015,2.011,2.007,2.004,2.001,1.997,1.995,1.991,1.988,1.986,1.983,1.980,1.978,1.974,1.971,1.969,1.967,1.964,1.959,1.958,1.956,1.955,1.953,1.950,1.947,1.944,1.941,1.939,1.938,1.937,1.937,1.936,1.937,1.937,1.936,1.933,1.931,1.930,1.928,1.925,1.924,1.923,1.923,1.922,1.921,1.921,1.921,1.921,1.921,1.919,1.918,1.917,1.915,1.914,1.913,1.916,1.916,1.916,1.917,1.918,1.918,1.918,1.917,1.916,1.916,1.915,1.914,1.912,1.913,1.914,1.915,1.916,1.917,1.920,1.921,1.924,1.926,1.927,1.927,1.928,1.929,1.930,1.932,1.934,1.937,1.940,1.942,1.944,1.948,1.950,1.953,1.955,1.957,1.961,1.962,1.965,1.967,1.969,1.971,1.974,1.976,1.979,1.981,1.982,1.985,1.989,1.992,1.995,1.998,2.000,2.002,2.004,2.007,2.009,2.012,2.015,2.016,2.018,2.020,2.023,2.026,2.031,2.035,2.039,2.043,2.046,2.050,2.053,2.059,2.061,2.065,2.069,2.073,2.079,2.084,2.087,2.092,2.096,2.102,2.105,2.111,2.113,2.119,2.124,2.130,2.135,2.141,2.146,2.151,2.157,2.163,2.168,2.173,2.179,2.185,2.190,2.195,2.200,2.206,2.210,2.216,2.222,2.234,2.240,2.250,2.258,2.267,2.274,2.282,2.295,2.301,2.307,2.312,2.319,2.323,2.325,2.327,2.337,2.318,3.000,3.000,3.000,3.000,3.000,3.000,3.000,3.000,3.000,3.000,3.000,3.000,3.000,3.000,3.000,3.000,3.000,3.000,3.000,3.000,3.000,3.000,3.000,3.000,3.000,3.000,3.000,3.000,3.000,3.000,3.000,3.000,3.000,3.000,3.000,3.000,3.000,3.000,3.000,3.000,3.000,3.000,3.000,3.000,3.000,3.000,3.000,3.000,3.000,3.000,3.000,3.000,3.000,3.000,3.000,3.000,3.000,3.000
3.000,3.000,3.000,3.000,3.000,3.000,3.000,3.000,3.000,3.000,3.000,3.000,3.000,3.000,3.000,3.000,3.000,2.362,2.362,2.357,2.351,2.347,2.345,2.342,2.335,2.326,2.320,2.315,2.305,2.292,2.284,2.279,2.269,2.258,2.250,2.243,2.236,2.231,2.225,2.220,2.211,2.205,2.201,2.197,2.193,2.188,2.183,2.177,2.171,2.166,2.161,2.156,2.147,2.143,2.138,2.135,2.129,2.125,2.119,2.115,2.111,2.106,2.101,2.096,2.091,2.086,2.082,2.078,2.071,2.067,2.064,2.061,2.057,2.052,2.047,2.043,2.039,2.033,2.028,2.024,2.020,2.018,2.014,2.011,2.005,2.002,1.999,1.996,1.993,1.990,1.986,1.984,1.981,1.978,1.976,1.973,1.968,1.966,1.964,1.962,1.958,1.954,1.952,1.951,1.950,1.948,1.946,1.942,1.940,1.936,1.934,1.933,1.932,1.931,1.930,1.930,1.931,1.930,1.928,1.925,1.924,1.923,1.920,1.920,1.919,1.919,1.917,1.917,1.916,1.917,1.917,1.916,1.915,1.914,1.913,1.911,1.908,1.908,1.908,1.910,1.909,1.909,1.911,1.913,1.913,1.911,1.910,1.911,1.910,1.910,1.908,1.908,1.909,1.910,1.911,1.912,1.915,1.916,1.918,1.919,1.922,1.922,1.923,1.924,1.926,1.928,1.930,1.932,1.935,1.937,1.939,1.941,1.943,1.947,1.950,1.952,1.956,1.957,1.960,1.962,1.965,1.967,1.969,1.972,1.974,1.976,1.977,1.980,1.984,1.986,1.989,1.993,1.995,1.997,1.999,2.002,2.005,2.008,2.010,2.011,2.013,2.015,2.018,2.022,2.026,2.029,2.033,2.038,2.041,2.045,2.049,2.053,2.056,2.060,2.064,2.068,2.073,2.078,2.082,2.086,2.090,2.096,2.099,2.105,2.108,2.113,2.117,2.124,2.129,2.135,2.140,2.145,2.150,2.156,2.161,2.166,2.172,2.177,2.183,2.188,2.194,2.199,2.203,2.209,2.216,2.226,2.232,2.244,2.251,2.259,2.267,2.274,2.285,2.294,2.298,2.305,2.311,2.315,2.317,2.320,2.318,2.318,3.000,3.000,3.000,3.000,3.000,3.000,3.000,3.000,3.000,3.000,3.000,3.000,3.000,3.000,3.000,3.000,3.000,3.000,3.000,3.000,3.000,3.000,3.000,3.000,3.000,3.000,3.000,3.000,3.000,3.000,3.000,3.000,3.000,3.000,3.000,3.000,3.000,3.000,3.000,3.000,3.000,3.000,3.000,3.000,3.000,3.000,3.000,3.000,3.000,3.000,3.000,3.000,3.000,3.000,3.000,3.000,3.000,3.000
3.000,3.000,3.000,3.000,3.000,3.000,3.000,3.000,3.000,3.000,3.000,3.000,3.000,3.000,3.000,3.000,2.365,2.365,2.360,2.356,2.351,2.348,2.345,2.342,2.334,2.325,2.318,2.313,2.303,2.288,2.280,2.275,2.267,2.257,2.247,2.240,2.232,2.227,2.223,2.217,2.208,2.203,2.198,2.194,2.190,2.185,2.179,2.173,2.167,2.163,2.157,2.152,2.142,2.138,2.132,2.129,2.124,2.120,2.115,2.111,2.106,2.101,2.097,2.092,2.086,2.082,2.078,2.074,2.067,2.063,2.060,2.057,2.053,2.046,2.042,2.037,2.033,2.027,2.023,2.019,2.015,2.012,2.009,2.004,2.000,1.997,1.994,1.991,1.988,1.985,1.982,1.979,1.975,1.974,1.972,1.969,1.965,1.962,1.961,1.958,1.954,1.949,1.947,1.946,1.945,1.944,1.941,1.938,1.935,1.932,1.930,1.929,1.927,1.926,1.925,1.925,1.926,1.924,1.922,1.918,1.916,1.917,1.914,1.915,1.914,1.914,1.912,1.912,1.912,1.912,1.910,1.912,1.911,1.909,1.908,1.905,1.904,1.903,1.902,1.903,1.901,1.902,1.902,1.906,1.907,1.906,1.905,1.905,1.906,1.905,1.903,1.904,1.904,1.906,1.907,1.907,1.910,1.911,1.913,1.915,1.916,1.918,1.919,1.920,1.922,1.924,1.926,1.928,1.930,1.933,1.934,1.936,1.938,1.941,1.945,1.948,1.951,1.952,1.955,1.957,1.960,1.963,1.965,1.968,1.970,1.972,1.973,1.975,1.980,1.982,1.985,1.988,1.991,1.993,1.995,1.998,2.001,2.004,2.006,2.007,2.009,2.011,2.013,2.017,2.021,2.024,2.028,2.033,2.035,2.040,2.043,2.048,2.051,2.055,2.059,2.063,2.068,2.073,2.076,2.080,2.084,2.090,2.094,2.099,2.102,2.107,2.111,2.117,2.123,2.129,2.133,2.139,2.144,2.149,2.155,2.161,2.167,2.172,2.177,2.182,2.188,2.194,2.198,2.203,2.209,2.219,2.226,2.235,2.243,2.252,2.258,2.267,2.275,2.285,2.290,2.296,2.303,2.308,2.310,2.312,2.311,2.318,3.000,3.000,3.000,3.000,3.000,3.000,3.000,3.000,3.000,3.000,3.000,3.000,3.000,3.000,3.000,3.000,3.000,3.000,3.000,3.000,3.000,3.000,3.000,3.000,3.000,3.000,3.000,3.000,3.000,3.000,3.000,3.000,3.000,3.000,3.000,3.000,3.000,3.000,3.000,3.000,3.000,3.000,3.000,3.000,3.000,3.000,3.000,3.000,3.000,3.000,3.000,3.000,3.000,3.000,3.000,3.000,3.000,3.000
3.000,3.000,3.000,3.000,3.000,3.000,3.000,3.000,3.000,3.000,3.000,3.000,3.000,3.000,3.000,3.000,2.366,2.365,2.358,2.353,2.349,2.345,2.341,2.336,2.324,2.319,2.313,2.307,2.296,2.283,2.275,2.270,2.261,2.250,2.242,2.234,2.227,2.221,2.215,2.210,2.204,2.199,2.194,2.190,2.186,2.181,2.175,2.169,2.163,2.158,2.152,2.146,2.138,2.133,2.128,2.125,2.120,2.116,2.111,2.106,2.100,2.097,2.093,2.088,2.083,2.078,2.074,2.069,2.063,2.060,2.056,2.053,2.049,2.043,2.039,2.033,2.028,2.023,2.019,2.015,2.011,2.008,2.004,1.999,1.995,1.993,1.989,1.986,1.983,1.981,1.978,1.975,1.971,1.970,1.967,1.963,1.960,1.958,1.956,1.954,1.947,1.944,1.943,1.942,1.941,1.939,1.937,1.934,1.931,1.928,1.926,1.924,1.923,1.922,1.920,1.920,1.920,1.918,1.915,1.912,1.910,1.910,1.909,1.910,1.908,1.908,1.906,1.906,1.907,1.907,1.905,1.905,1.905,1.904,1.903,1.901,1.900,1.899,1.898,1.899,1.897,1.897,1.898,1.899,1.901,1.900,1.900,1.900,1.900,1.899,1.899,1.899,1.900,1.900,1.901,1.903,1.905,1.907,1.908,1.909,1.911,1.913,1.915,1.916,1.918,1.920,1.922,1.924,1.925,1.928,1.930,1.932,1.933,1.936,1.940,1.943,1.946,1.947,1.951,1.953,1.956,1.959,1.961,1.964,1.966,1.968,1.969,1.972,1.976,1.978,1.981,1.983,1.986,1.989,1.991,1.995,1.998,2.001,2.002,2.004,2.005,2.007,2.009,2.012,2.015,2.019,2.022,2.027,2.031,2.035,2.038,2.044,2.047,2.051,2.055,2.059,2.064,2.069,2.072,2.076,2.079,2.085,2.089,2.094,2.098,2.103,2.107,2.112,2.116,2.124,2.128,2.134,2.139,2.144,2.150,2.157,2.162,2.168,2.172,2.177,2.183,2.190,2.194,2.199,2.205,2.214,2.221,2.229,2.237,2.246,2.253,2.261,2.268,2.276,2.283,2.290,2.296,2.300,2.304,2.306,2.305,2.311,3.000,3.000,3.000,3.000,3.000,3.000,3.000,3.000,3.000,3.000,3.000,3.000,3.000,3.000,3.000,3.000,3.000,3.000,3.000,3.000,3.000,3.000,3.000,3.000,3.000,3.000,3.000,3.000,3.000,3.000,3.000,3.000,3.000,3.000,3.000,3.000,3.000,3.000,3.000,3.000,3.000,3.000,3.000,3.000,3.000,3.000,3.000,3.000,3.000,3.000,3.000,3.000,3.000,3.000,3.000,3.000,3.000,3.000
3.000,3.000,3.000,3.000,3.000,3.000,3.000,3.000,3.000,3.000,3.000,3.000,3.000,3.000,3.000,2.367,2.367,2.366,2.358,2.352,2.348,2.342,2.337,2.331,2.317,2.311,2.306,2.301,2.288,2.278,2.271,2.265,2.255,2.244,2.238,2.230,2.221,2.215,2.211,2.206,2.199,2.194,2.190,2.186,2.182,2.176,2.170,2.164,2.158,2.153,2.147,2.140,2.133,2.128,2.124,2.120,2.114,2.111,2.106,2.102,2.096,2.092,2.088,2.084,2.078,2.074,2.069,2.065,2.059,2.055,2.051,2.049,2.044,2.039,2.035,2.029,2.024,2.019,2.015,2.011,2.007,2.004,1.999,1.995,1.991,1.989,1.986,1.983,1.979,1.977,1.973,1.970,1.967,1.966,1.962,1.959,1.955,1.953,1.951,1.950,1.943,1.939,1.939,1.938,1.937,1.936,1.933,1.930,1.927,1.924,1.921,1.920,1.919,1.918,1.915,1.914,1.914,1.912,1.910,1.907,1.907,1.906,1.905,1.905,1.904,1.903,1.902,1.902,1.901,1.901,1.900,1.900,1.900,1.899,1.898,1.897,1.897,1.896,1.895,1.895,1.894,1.894,1.894,1.895,1.896,1.895,1.895,1.894,1.895,1.894,1.894,1.895,1.895,1.896,1.897,1.898,1.901,1.902,1.904,1.904,1.906,1.908,1.910,1.912,1.914,1.915,1.918,1.920,1.921,1.923,1.925,1.928,1.929,1.932,1.935,1.939,1.942,1.943,1.947,1.949,1.952,1.954,1.957,1.961,1.963,1.964,1.966,1.968,1.972,1.974,1.978,1.980,1.983,1.986,1.988,1.992,1.995,1.998,1.999,2.001,2.003,2.005,2.007,2.010,2.012,2.016,2.019,2.024,2.028,2.031,2.035,2.040,2.044,2.048,2.052,2.056,2.061,2.065,2.069,2.072,2.075,2.081,2.085,2.091,2.094,2.099,2.104,2.108,2.113,2.120,2.124,2.130,2.135,2.141,2.146,2.153,2.159,2.164,2.169,2.174,2.180,2.186,2.191,2.196,2.201,2.209,2.217,2.224,2.231,2.240,2.248,2.256,2.263,2.269,2.275,2.284,2.289,2.294,2.298,2.300,2.300,2.305,3.000,3.000,3.000,3.000,3.000,3.000,3.000,3.000,3.000,3.000,3.000,3.000,3.000,3.000,3.000,3.000,3.000,3.000,3.000,3.000,3.000,3.000,3.000,3.000,3.000,3.000,3.000,3.000,3.000,3.000,3.000,3.000,3.000,3.000,3.000,3.000,3.000,3.000,3.000,3.000,3.000,3.000,3.000,3.000,3.000,3.000,3.000,3.000,3.000,3.000,3.000,3.000,3.000,3.000,3.000,3.000,3.000,3.000
3.000,3.000,3.000,3.000,3.000,3.000,3.000,3.000,3.000,3.000,3.000,3.000,3.000,3.000,3.000,2.367,2.367,2.363,2.355,2.347,2.343,2.337,2.331,2.323,2.312,2.306,2.299,2.294,2.282,2.274,2.266,2.260,2.249,2.240,2.234,2.226,2.216,2.211,2.207,2.202,2.195,2.190,2.186,2.182,2.178,2.171,2.164,2.157,2.152,2.148,2.141,2.135,2.128,2.124,2.119,2.115,2.109,2.105,2.102,2.097,2.092,2.088,2.083,2.079,2.073,2.069,2.065,2.061,2.055,2.052,2.048,2.044,2.040,2.035,2.031,2.026,2.020,2.016,2.011,2.007,2.003,2.000,1.995,1.991,1.987,1.985,1.982,1.979,1.975,1.972,1.969,1.966,1.962,1.961,1.958,1.954,1.950,1.949,1.945,1.943,1.937,1.935,1.935,1.935,1.933,1.932,1.929,1.926,1.923,1.920,1.918,1.916,1.915,1.914,1.912,1.911,1.911,1.909,1.907,1.905,1.905,1.904,1.902,1.902,1.901,1.900,1.899,1.898,1.897,1.897,1.895,1.896,1.895,1.894,1.894,1.893,1.892,1.891,1.891,1.891,1.890,1.890,1.890,1.890,1.890,1.888,1.888,1.887,1.888,1.888,1.889,1.890,1.891,1.892,1.893,1.894,1.896,1.897,1.899,1.900,1.902,1.904,1.906,1.908,1.910,1.911,1.913,1.915,1.917,1.919,1.920,1.924,1.925,1.928,1.931,1.935,1.937,1.939,1.943,1.944,1.946,1.948,1.951,1.954,1.957,1.959,1.961,1.963,1.966,1.969,1.973,1.976,1.979,1.981,1.982,1.986,1.991,1.993,1.995,1.998,2.000,2.002,2.004,2.007,2.009,2.012,2.015,2.021,2.024,2.028,2.032,2.037,2.040,2.044,2.048,2.053,2.058,2.062,2.065,2.068,2.071,2.077,2.081,2.086,2.090,2.096,2.100,2.105,2.109,2.115,2.120,2.125,2.130,2.136,2.140,2.148,2.155,2.160,2.165,2.171,2.177,2.183,2.188,2.193,2.198,2.205,2.213,2.219,2.227,2.236,2.244,2.251,2.257,2.264,2.270,2.277,2.284,2.287,2.292,2.295,2.296,2.300,3.000,3.000,3.000,3.000,3.000,3.000,3.000,3.000,3.000,3.000,3.000,3.000,3.000,3.000,3.000,3.000,3.000,3.000,3.000,3.000,3.000,3.000,3.000,3.000,3.000,3.000,3.000,3.000,3.000,3.000,3.000,3.000,3.000,3.000,3.000,3.000,3.000,3.000,3.000,3.000,3.000,3.000,3.000,3.000,3.000,3.000,3.000,3.000,3.000,3.000,3.000,3.000,3.000,3.000,3.000,3.000,3.000,3.000
3.000,3.000,3.000,3.000,3.000,3.000,3.000,3.000,3.000,3.000,3.000,3.000,3.000,3.000,3.000,2.367,2.364,2.360,2.345,2.341,2.336,2.331,2.326,2.318,2.308,2.301,2.294,2.288,2.276,2.268,2.260,2.253,2.243,2.235,2.228,2.219,2.211,2.206,2.201,2.197,2.190,2.186,2.181,2.177,2.171,2.167,2.159,2.152,2.146,2.142,2.136,2.129,2.123,2.118,2.114,2.108,2.103,2.100,2.096,2.092,2.086,2.083,2.078,2.074,2.068,2.064,2.059,2.056,2.050,2.047,2.043,2.040,2.035,2.031,2.028,2.023,2.017,2.012,2.006,2.003,1.999,1.996,1.989,1.986,1.982,1.980,1.977,1.973,1.970,1.967,1.964,1.961,1.956,1.956,1.952,1.950,1.946,1.945,1.940,1.938,1.933,1.932,1.931,1.931,1.930,1.928,1.925,1.922,1.919,1.917,1.915,1.913,1.911,1.910,1.908,1.907,1.907,1.906,1.904,1.903,1.902,1.901,1.898,1.898,1.897,1.896,1.895,1.894,1.892,1.893,1.890,1.891,1.890,1.890,1.889,1.888,1.886,1.887,1.886,1.886,1.886,1.886,1.886,1.886,1.886,1.884,1.884,1.883,1.883,1.883,1.885,1.885,1.887,1.888,1.889,1.889,1.892,1.893,1.894,1.896,1.898,1.900,1.902,1.904,1.906,1.908,1.909,1.912,1.913,1.915,1.917,1.920,1.922,1.925,1.928,1.931,1.934,1.935,1.938,1.939,1.941,1.944,1.947,1.950,1.953,1.955,1.956,1.959,1.962,1.965,1.968,1.971,1.974,1.976,1.977,1.980,1.985,1.988,1.990,1.993,1.996,1.999,2.001,2.003,2.006,2.009,2.012,2.016,2.021,2.025,2.029,2.034,2.037,2.041,2.045,2.049,2.055,2.059,2.061,2.064,2.068,2.073,2.077,2.081,2.085,2.091,2.096,2.100,2.105,2.110,2.114,2.120,2.125,2.131,2.135,2.143,2.149,2.155,2.160,2.166,2.172,2.178,2.184,2.189,2.195,2.201,2.208,2.215,2.221,2.231,2.239,2.246,2.252,2.258,2.264,2.270,2.277,2.281,2.285,2.289,2.290,2.296,2.282,3.000,3.000,3.000,3.000,3.000,3.000,3.000,3.000,3.000,3.000,3.000,3.000,3.000,3.000,3.000,3.000,3.000,3.000,3.000,3.000,3.000,3.000,3.000,3.000,3.000,3.000,3.000,3.000,3.000,3.000,3.000,3.000,3.000,3.000,3.000,3.000,3.000,3.000,3.000,3.000,3.000,3.000,3.000,3.000,3.000,3.000,3.000,3.000,3.000,3.000,3.000,3.000,3.000,3.000,3.000,3.000,3.000
3.000,3.000,3.000,3.000,3.000,3.000,3.000,3.000,3.000,3.000,3.000,3.000,3.000,3.000,2.348,2.364,2.351,2.348,2.340,2.336,2.330,2.325,2.319,2.311,2.303,2.297,2.287,2.282,2.272,2.265,2.257,2.250,2.240,2.231,2.224,2.213,2.206,2.202,2.197,2.192,2.186,2.182,2.176,2.171,2.165,2.158,2.152,2.145,2.139,2.135,2.130,2.124,2.117,2.113,2.108,2.102,2.097,2.094,2.092,2.087,2.082,2.078,2.074,2.070,2.063,2.059,2.055,2.051,2.044,2.041,2.036,2.033,2.028,2.025,2.022,2.018,2.012,2.006,2.002,1.999,1.994,1.991,1.985,1.981,1.977,1.975,1.971,1.968,1.965,1.963,1.960,1.956,1.952,1.951,1.948,1.946,1.943,1.941,1.937,1.935,1.930,1.928,1.927,1.927,1.925,1.925,1.921,1.919,1.916,1.913,1.912,1.909,1.908,1.906,1.904,1.903,1.903,1.902,1.901,1.899,1.898,1.895,1.894,1.893,1.893,1.892,1.891,1.890,1.888,1.888,1.886,1.887,1.886,1.885,1.884,1.883,1.881,1.880,1.880,1.880,1.880,1.881,1.881,1.880,1.880,1.879,1.878,1.878,1.878,1.878,1.880,1.881,1.883,1.883,1.884,1.885,1.887,1.888,1.890,1.892,1.894,1.897,1.898,1.900,1.901,1.903,1.905,1.907,1.909,1.911,1.914,1.917,1.919,1.922,1.925,1.928,1.930,1.931,1.934,1.935,1.937,1.940,1.942,1.946,1.949,1.951,1.952,1.954,1.957,1.961,1.964,1.967,1.970,1.971,1.973,1.976,1.979,1.983,1.986,1.989,1.993,1.995,1.998,2.000,2.003,2.006,2.008,2.012,2.016,2.021,2.025,2.030,2.032,2.037,2.040,2.045,2.050,2.053,2.056,2.057,2.062,2.068,2.072,2.076,2.080,2.086,2.091,2.096,2.100,2.105,2.109,2.114,2.118,2.126,2.130,2.137,2.143,2.150,2.156,2.162,2.168,2.173,2.180,2.185,2.191,2.197,2.203,2.209,2.216,2.223,2.233,2.240,2.246,2.253,2.258,2.263,2.271,2.275,2.279,2.284,2.286,2.282,2.282,3.000,3.000,3.000,3.000,3.000,3.000,3.000,3.000,3.000,3.000,3.000,3.000,3.000,3.000,3.000,3.000,3.000,3.000,3.000,3.000,3.000,3.000,3.000,3.000,3.000,3.000,3.000,3.000,3.000,3.000,3.000,3.000,3.000,3.000,3.000,3.000,3.000,3.000,3.000,3.000,3.000,3.000,3.000,3.000,3.000,3.000,3.000,3.000,3.000,3.000,3.000,3.000,3.000,3.000,3.000,3.000,3.000
3.000,3.000,3.000,3.000,3.000,3.000,3.000,3.000,3.000,3.000,3.000,3.000,3.000,2.345,2.348,2.348,2.346,2.344,2.338,2.334,2.327,2.320,2.314,2.307,2.300,2.294,2.284,2.279,2.270,2.263,2.255,2.248,2.237,2.228,2.219,2.211,2.204,2.199,2.193,2.188,2.183,2.178,2.172,2.166,2.159,2.149,2.142,2.138,2.134,2.130,2.124,2.118,2.111,2.107,2.103,2.098,2.091,2.088,2.086,2.082,2.078,2.074,2.070,2.066,2.059,2.055,2.048,2.045,2.039,2.036,2.032,2.027,2.023,2.020,2.018,2.013,2.006,2.001,1.998,1.994,1.990,1.988,1.981,1.977,1.973,1.971,1.967,1.964,1.962,1.960,1.956,1.953,1.949,1.948,1.945,1.943,1.939,1.938,1.933,1.932,1.927,1.925,1.924,1.923,1.921,1.920,1.918,1.917,1.913,1.911,1.909,1.907,1.905,1.902,1.900,1.899,1.899,1.898,1.897,1.895,1.893,1.891,1.889,1.889,1.889,1.888,1.887,1.887,1.884,1.885,1.883,1.884,1.882,1.882,1.880,1.879,1.877,1.876,1.875,1.875,1.874,1.875,1.876,1.875,1.875,1.873,1.873,1.873,1.873,1.872,1.874,1.876,1.878,1.879,1.880,1.881,1.883,1.884,1.886,1.889,1.891,1.894,1.895,1.897,1.898,1.899,1.901,1.904,1.906,1.908,1.909,1.913,1.915,1.917,1.921,1.924,1.926,1.927,1.930,1.931,1.933,1.936,1.938,1.942,1.945,1.946,1.948,1.950,1.953,1.957,1.960,1.963,1.965,1.967,1.969,1.972,1.975,1.978,1.981,1.984,1.989,1.992,1.994,1.997,2.000,2.003,2.006,2.010,2.013,2.017,2.022,2.026,2.029,2.033,2.036,2.040,2.043,2.048,2.049,2.052,2.055,2.061,2.064,2.068,2.072,2.080,2.086,2.091,2.096,2.101,2.105,2.110,2.114,2.120,2.125,2.132,2.139,2.146,2.151,2.157,2.163,2.168,2.174,2.181,2.186,2.192,2.198,2.204,2.210,2.216,2.224,2.234,2.240,2.247,2.252,2.257,2.264,2.269,2.273,2.279,2.281,2.279,2.282,3.000,3.000,3.000,3.000,3.000,3.000,3.000,3.000,3.000,3.000,3.000,3.000,3.000,3.000,3.000,3.000,3.000,3.000,3.000,3.000,3.000,3.000,3.000,3.000,3.000,3.000,3.000,3.000,3.000,3.000,3.000,3.000,3.000,3.000,3.000,3.000,3.000,3.000,3.000,3.000,3.000,3.000,3.000,3.000,3.000,3.000,3.000,3.000,3.000,3.000,3.000,3.000,3.000,3.000,3.000,3.000,3.000
3.000,3.000,3.000,3.000,3.000,3.000,3.000,3.000,3.000,3.000,3.000,3.000,3.000,2.345,2.345,2.344,2.341,2.340,2.335,2.330,2.322,2.312,2.306,2.300,2.295,2.289,2.279,2.274,2.265,2.259,2.251,2.244,2.234,2.224,2.216,2.208,2.202,2.197,2.190,2.185,2.180,2.175,2.168,2.162,2.155,2.144,2.137,2.132,2.128,2.125,2.118,2.112,2.107,2.103,2.099,2.094,2.087,2.084,2.080,2.077,2.073,2.070,2.065,2.061,2.055,2.051,2.045,2.041,2.036,2.032,2.028,2.023,2.019,2.015,2.013,2.009,2.002,1.997,1.993,1.990,1.985,1.982,1.977,1.973,1.968,1.967,1.963,1.961,1.959,1.957,1.953,1.950,1.946,1.945,1.941,1.940,1.935,1.934,1.929,1.928,1.924,1.922,1.920,1.918,1.915,1.915,1.914,1.913,1.909,1.908,1.906,1.904,1.901,1.898,1.896,1.896,1.895,1.894,1.892,1.890,1.888,1.886,1.884,1.883,1.883,1.883,1.882,1.881,1.879,1.879,1.878,1.880,1.878,1.878,1.876,1.875,1.873,1.872,1.870,1.870,1.869,1.870,1.869,1.869,1.868,1.866,1.866,1.866,1.866,1.863,1.865,1.869,1.871,1.871,1.872,1.873,1.874,1.876,1.881,1.883,1.886,1.889,1.891,1.892,1.894,1.895,1.897,1.900,1.901,1.904,1.906,1.909,1.911,1.914,1.916,1.919,1.921,1.923,1.926,1.927,1.930,1.932,1.935,1.939,1.941,1.943,1.945,1.946,1.949,1.953,1.956,1.958,1.961,1.963,1.966,1.968,1.971,1.974,1.977,1.980,1.984,1.987,1.990,1.993,1.996,2.000,2.003,2.007,2.009,2.013,2.018,2.023,2.026,2.030,2.033,2.037,2.040,2.043,2.045,2.048,2.050,2.056,2.060,2.064,2.067,2.072,2.079,2.086,2.091,2.096,2.101,2.106,2.110,2.116,2.120,2.127,2.133,2.141,2.146,2.152,2.157,2.163,2.168,2.174,2.179,2.186,2.192,2.198,2.204,2.210,2.216,2.223,2.231,2.238,2.243,2.248,2.255,2.261,2.265,2.272,2.275,2.275,2.279,3.000,3.000,3.000,3.000,3.000,3.000,3.000,3.000,3.000,3.000,3.000,3.000,3.000,3.000,3.000,3.000,3.000,3.000,3.000,3.000,3.000,3.000,3.000,3.000,3.000,3.000,3.000,3.000,3.000,3.000,3.000,3.000,3.000,3.000,3.000,3.000,3.000,3.000,3.000,3.000,3.000,3.000,3.000,3.000,3.000,3.000,3.000,3.000,3.000,3.000,3.000,3.000,3.000,3.000,3.000,3.000,3.000
3.000,3.000,3.000,3.000,3.000,3.000,3.000,3.000,3.000,3.000,3.000,3.000,2.353,2.353,2.342,2.338,2.337,2.333,2.330,2.325,2.315,2.304,2.298,2.291,2.287,2.280,2.269,2.265,2.256,2.249,2.241,2.237,2.223,2.217,2.211,2.205,2.199,2.194,2.187,2.181,2.176,2.171,2.164,2.157,2.150,2.141,2.134,2.129,2.125,2.122,2.116,2.110,2.105,2.101,2.096,2.091,2.084,2.080,2.076,2.072,2.068,2.065,2.060,2.056,2.051,2.046,2.042,2.038,2.033,2.029,2.024,2.019,2.014,2.010,2.006,2.001,1.997,1.993,1.988,1.984,1.980,1.977,1.972,1.968,1.963,1.961,1.959,1.957,1.954,1.953,1.949,1.946,1.942,1.941,1.938,1.936,1.932,1.928,1.924,1.923,1.919,1.917,1.916,1.915,1.912,1.912,1.912,1.910,1.906,1.905,1.903,1.901,1.898,1.894,1.892,1.892,1.891,1.890,1.888,1.886,1.884,1.881,1.879,1.878,1.879,1.878,1.877,1.876,1.874,1.875,1.874,1.876,1.875,1.873,1.872,1.871,1.869,1.867,1.865,1.865,1.862,1.864,1.863,1.863,1.862,1.859,1.859,1.859,1.859,1.855,1.858,1.861,1.864,1.864,1.865,1.866,1.868,1.870,1.873,1.877,1.880,1.884,1.885,1.887,1.889,1.890,1.892,1.894,1.896,1.899,1.902,1.905,1.907,1.910,1.912,1.915,1.917,1.919,1.921,1.923,1.926,1.929,1.932,1.936,1.938,1.940,1.942,1.943,1.945,1.949,1.952,1.954,1.957,1.960,1.962,1.965,1.967,1.970,1.974,1.976,1.981,1.984,1.986,1.989,1.993,1.997,2.000,2.003,2.006,2.010,2.014,2.019,2.023,2.027,2.030,2.034,2.037,2.040,2.042,2.045,2.048,2.053,2.056,2.060,2.063,2.068,2.073,2.080,2.087,2.092,2.097,2.102,2.106,2.112,2.117,2.123,2.128,2.137,2.141,2.147,2.151,2.158,2.163,2.169,2.173,2.180,2.185,2.194,2.199,2.205,2.211,2.217,2.224,2.229,2.236,2.242,2.248,2.255,2.259,2.264,2.270,2.270,2.275,3.000,3.000,3.000,3.000,3.000,3.000,3.000,3.000,3.000,3.000,3.000,3.000,3.000,3.000,3.000,3.000,3.000,3.000,3.000,3.000,3.000,3.000,3.000,3.000,3.000,3.000,3.000,3.000,3.000,3.000,3.000,3.000,3.000,3.000,3.000,3.000,3.000,3.000,3.000,3.000,3.000,3.000,3.000,3.000,3.000,3.000,3.000,3.000,3.000,3.000,3.000,3.000,3.000,3.000,3.000,3.000,3.000
3.000,3.000,3.000,3.000,3.000,3.000,3.000,3.000,3.000,3.000,3.000,3.000,2.353,2.353,2.341,2.335,2.334,2.330,2.327,2.318,2.307,2.297,2.289,2.284,2.277,2.271,2.262,2.258,2.250,2.243,2.235,2.229,2.218,2.213,2.208,2.201,2.196,2.191,2.185,2.178,2.173,2.167,2.158,2.152,2.146,2.137,2.131,2.126,2.122,2.118,2.112,2.107,2.102,2.098,2.093,2.087,2.081,2.077,2.073,2.069,2.064,2.060,2.056,2.051,2.046,2.042,2.038,2.034,2.029,2.025,2.021,2.015,2.010,2.005,2.001,1.996,1.992,1.988,1.983,1.978,1.973,1.972,1.968,1.964,1.960,1.958,1.955,1.954,1.951,1.949,1.946,1.942,1.939,1.937,1.934,1.932,1.928,1.924,1.921,1.919,1.916,1.914,1.913,1.911,1.909,1.909,1.908,1.906,1.903,1.902,1.900,1.898,1.895,1.891,1.888,1.887,1.886,1.885,1.884,1.882,1.880,1.877,1.875,1.874,1.873,1.872,1.870,1.869,1.868,1.870,1.869,1.870,1.869,1.867,1.866,1.865,1.863,1.861,1.857,1.858,1.854,1.856,1.853,1.854,1.848,1.845,1.846,1.848,1.847,1.845,1.848,1.851,1.855,1.855,1.856,1.858,1.860,1.863,1.866,1.869,1.873,1.875,1.878,1.880,1.882,1.884,1.886,1.888,1.891,1.893,1.896,1.900,1.902,1.904,1.906,1.909,1.911,1.913,1.916,1.920,1.923,1.925,1.929,1.932,1.935,1.937,1.938,1.940,1.942,1.945,1.948,1.951,1.953,1.956,1.958,1.961,1.964,1.967,1.971,1.973,1.977,1.980,1.983,1.986,1.990,1.993,1.996,2.000,2.003,2.007,2.011,2.016,2.019,2.023,2.026,2.031,2.034,2.037,2.040,2.043,2.045,2.050,2.053,2.057,2.060,2.065,2.070,2.076,2.081,2.086,2.092,2.098,2.102,2.107,2.112,2.119,2.124,2.131,2.136,2.142,2.145,2.152,2.157,2.163,2.167,2.175,2.180,2.188,2.192,2.199,2.203,2.209,2.218,2.223,2.228,2.234,2.240,2.247,2.251,2.256,2.264,2.265,2.270,3.000,3.000,3.000,3.000,3.000,3.000,3.000,3.000,3.000,3.000,3.000,3.000,3.000,3.000,3.000,3.000,3.000,3.000,3.000,3.000,3.000,3.000,3.000,3.000,3.000,3.000,3.000,3.000,3.000,3.000,3.000,3.000,3.000,3.000,3.000,3.000,3.000,3.000,3.000,3.000,3.000,3.000,3.000,3.000,3.000,3.000,3.000,3.000,3.000,3.000,3.000,3.000,3.000,3.000,3.000,3.000,3.000
3.000,3.000,3.000,3.000,3.000,3.000,3.000,3.000,3.000,3.000,3.000,3.000,2.353,2.351,2.341,2.332,2.333,2.329,2.327,2.318,2.305,2.295,2.287,2.281,2.273,2.266,2.257,2.253,2.246,2.239,2.228,2.220,2.213,2.208,2.203,2.196,2.191,2.186,2.178,2.173,2.168,2.162,2.153,2.148,2.142,2.134,2.128,2.123,2.118,2.114,2.108,2.104,2.099,2.094,2.089,2.084,2.078,2.074,2.069,2.064,2.060,2.056,2.052,2.047,2.041,2.037,2.034,2.029,2.025,2.021,2.016,2.011,2.006,2.000,1.996,1.992,1.988,1.983,1.979,1.973,1.969,1.967,1.964,1.961,1.957,1.955,1.952,1.950,1.948,1.945,1.941,1.938,1.934,1.932,1.929,1.928,1.923,1.921,1.918,1.916,1.913,1.911,1.909,1.907,1.905,1.904,1.903,1.902,1.900,1.898,1.896,1.894,1.890,1.887,1.885,1.884,1.882,1.882,1.880,1.879,1.876,1.874,1.872,1.870,1.869,1.868,1.866,1.864,1.863,1.863,1.862,1.863,1.862,1.861,1.859,1.858,1.856,1.853,1.849,1.848,1.845,1.845,1.841,1.841,1.836,1.832,1.832,1.832,1.833,1.831,1.835,1.840,1.843,1.844,1.845,1.848,1.851,1.855,1.858,1.861,1.864,1.868,1.870,1.874,1.877,1.879,1.881,1.883,1.886,1.888,1.891,1.895,1.898,1.900,1.902,1.905,1.907,1.909,1.913,1.916,1.919,1.922,1.925,1.929,1.931,1.933,1.935,1.937,1.939,1.942,1.944,1.947,1.950,1.952,1.955,1.958,1.961,1.964,1.968,1.970,1.974,1.977,1.980,1.982,1.986,1.989,1.993,1.996,1.999,2.004,2.008,2.013,2.016,2.020,2.023,2.027,2.030,2.034,2.037,2.040,2.043,2.048,2.051,2.054,2.057,2.061,2.067,2.074,2.078,2.082,2.089,2.094,2.099,2.104,2.109,2.115,2.121,2.128,2.133,2.138,2.141,2.147,2.152,2.158,2.162,2.170,2.175,2.182,2.186,2.193,2.198,2.203,2.210,2.217,2.222,2.227,2.234,2.240,2.244,2.250,2.256,2.258,2.265,3.000,3.000,3.000,3.000,3.000,3.000,3.000,3.000,3.000,3.000,3.000,3.000,3.000,3.000,3.000,3.000,3.000,3.000,3.000,3.000,3.000,3.000,3.000,3.000,3.000,3.000,3.000,3.000,3.000,3.000,3.000,3.000,3.000,3.000,3.000,3.000,3.000,3.000,3.000,3.000,3.000,3.000,3.000,3.000,3.000,3.000,3.000,3.000,3.000,3.000,3.000,3.000,3.000,3.000,3.000,3.000,3.000
3.000,3.000,3.000,3.000,3.000,3.000,3.000,3.000,3.000,3.000,3.000,3.000,2.351,2.345,2.338,2.329,2.329,2.322,2.323,2.314,2.301,2.291,2.283,2.277,2.268,2.260,2.247,2.244,2.238,2.227,2.220,2.214,2.207,2.202,2.197,2.190,2.185,2.175,2.169,2.165,2.162,2.155,2.148,2.142,2.136,2.130,2.124,2.119,2.114,2.110,2.104,2.101,2.095,2.090,2.085,2.081,2.075,2.071,2.066,2.061,2.056,2.051,2.047,2.041,2.036,2.032,2.029,2.025,2.021,2.017,2.012,2.007,2.001,1.995,1.991,1.986,1.983,1.978,1.974,1.969,1.965,1.963,1.961,1.957,1.953,1.951,1.948,1.947,1.944,1.941,1.936,1.933,1.930,1.929,1.926,1.924,1.920,1.918,1.914,1.912,1.910,1.908,1.906,1.905,1.902,1.901,1.900,1.899,1.897,1.896,1.893,1.891,1.888,1.885,1.882,1.881,1.879,1.879,1.877,1.875,1.873,1.871,1.869,1.867,1.865,1.864,1.861,1.859,1.857,1.857,1.855,1.854,1.852,1.851,1.851,1.849,1.847,1.843,1.837,1.836,1.833,1.830,1.825,1.841,1.841,1.836,1.832,1.833,1.833,1.835,1.840,1.843,1.844,1.845,1.825,1.833,1.837,1.843,1.847,1.851,1.854,1.858,1.861,1.865,1.870,1.873,1.875,1.876,1.879,1.882,1.885,1.889,1.892,1.895,1.897,1.900,1.902,1.905,1.909,1.912,1.915,1.917,1.919,1.923,1.926,1.929,1.931,1.933,1.935,1.938,1.938,1.942,1.945,1.949,1.951,1.954,1.957,1.960,1.965,1.967,1.971,1.974,1.977,1.979,1.983,1.986,1.989,1.992,1.996,2.001,2.006,2.010,2.013,2.017,2.019,2.024,2.027,2.031,2.033,2.037,2.040,2.045,2.048,2.052,2.054,2.058,2.065,2.071,2.075,2.079,2.084,2.089,2.095,2.100,2.106,2.111,2.117,2.123,2.128,2.133,2.136,2.143,2.149,2.154,2.158,2.164,2.171,2.178,2.182,2.188,2.193,2.199,2.206,2.213,2.218,2.223,2.229,2.235,2.239,2.246,2.252,2.254,2.258,3.000,3.000,3.000,3.000,3.000,3.000,3.000,3.000,3.000,3.000,3.000,3.000,3.000,3.000,3.000,3.000,3.000,3.000,3.000,3.000,3.000,3.000,3.000,3.000,3.000,3.000,3.000,3.000,3.000,3.000,3.000,3.000,3.000,3.000,3.000,3.000,3.000,3.000,3.000,3.000,3.000,3.000,3.000,3.000,3.000,3.000,3.000,3.000,3.000,3.000,3.000,3.000,3.000,3.000,3.000,3.000,3.000
3.000,3.000,3.000,3.000,3.000,3.000,3.000,3.000,3.000,3.000,3.000,2.341,2.345,2.337,2.333,2.324,2.321,2.315,2.316,2.302,2.294,2.282,2.277,2.270,2.260,2.250,2.239,2.234,2.227,2.221,2.213,2.208,2.202,2.197,2.192,2.184,2.178,2.169,2.162,2.159,2.155,2.149,2.143,2.137,2.131,2.126,2.121,2.116,2.111,2.108,2.102,2.098,2.092,2.086,2.082,2.077,2.072,2.068,2.062,2.057,2.053,2.048,2.044,2.038,2.033,2.029,2.025,2.021,2.016,2.013,2.008,2.002,1.996,1.991,1.986,1.981,1.977,1.973,1.970,1.965,1.962,1.959,1.956,1.953,1.950,1.948,1.945,1.943,1.940,1.936,1.933,1.930,1.928,1.926,1.923,1.921,1.917,1.914,1.911,1.909,1.907,1.905,1.904,1.902,1.899,1.897,1.897,1.896,1.893,1.892,1.890,1.888,1.885,1.883,1.880,1.878,1.876,1.875,1.873,1.871,1.868,1.867,1.864,1.862,1.861,1.859,1.857,1.854,1.852,1.851,1.849,1.847,1.844,1.842,1.841,1.838,1.835,1.828,1.821,1.817,1.812,1.833,1.830,1.825,3.000,3.000,3.000,3.000,3.000,3.000,3.000,3.000,3.000,1.825,1.833,1.837,1.813,1.823,1.832,1.837,1.841,1.846,1.851,1.856,1.862,1.865,1.868,1.871,1.873,1.877,1.880,1.883,1.887,1.890,1.893,1.896,1.899,1.902,1.905,1.908,1.911,1.913,1.916,1.920,1.923,1.925,1.927,1.929,1.931,1.934,1.935,1.938,1.941,1.945,1.947,1.950,1.953,1.957,1.961,1.964,1.967,1.970,1.974,1.977,1.981,1.984,1.987,1.991,1.995,1.999,2.004,2.008,2.011,2.014,2.016,2.020,2.024,2.027,2.030,2.034,2.038,2.043,2.046,2.050,2.053,2.057,2.062,2.068,2.072,2.076,2.081,2.087,2.092,2.097,2.103,2.108,2.114,2.120,2.124,2.129,2.132,2.138,2.145,2.150,2.155,2.161,2.167,2.174,2.179,2.185,2.190,2.195,2.202,2.208,2.213,2.218,2.223,2.231,2.235,2.241,2.247,2.249,2.254,2.249,3.000,3.000,3.000,3.000,3.000,3.000,3.000,3.000,3.000,3.000,3.000,3.000,3.000,3.000,3.000,3.000,3.000,3.000,3.000,3.000,3.000,3.000,3.000,3.000,3.000,3.000,3.000,3.000,3.000,3.000,3.000,3.000,3.000,3.000,3.000,3.000,3.000,3.000,3.000,3.000,3.000,3.000,3.000,3.000,3.000,3.000,3.000,3.000,3.000,3.000,3.000,3.000,3.000,3.000,3.000,3.000
3.000,3.000,3.000,3.000,3.000,3.000,3.000,3.000,3.000,3.000,3.000,2.342,2.341,2.331,2.327,2.318,2.314,2.308,2.300,2.290,2.285,2.276,2.271,2.264,2.255,2.245,2.233,2.227,2.220,2.215,2.208,2.203,2.197,2.192,2.187,2.177,2.169,2.163,2.157,2.153,2.149,2.144,2.138,2.133,2.128,2.123,2.117,2.113,2.108,2.104,2.099,2.095,2.089,2.083,2.079,2.074,2.068,2.064,2.059,2.053,2.049,2.044,2.040,2.034,2.029,2.024,2.019,2.013,2.010,2.007,2.001,1.995,1.991,1.986,1.982,1.978,1.974,1.970,1.967,1.961,1.958,1.956,1.953,1.950,1.946,1.943,1.940,1.937,1.934,1.932,1.929,1.927,1.925,1.924,1.920,1.918,1.914,1.911,1.908,1.906,1.904,1.902,1.901,1.899,1.896,1.894,1.893,1.892,1.890,1.888,1.887,1.884,1.881,1.880,1.877,1.875,1.873,1.871,1.868,1.866,1.864,1.862,1.859,1.858,1.856,1.854,1.851,1.848,1.846,1.844,1.841,1.838,1.834,1.831,1.826,1.821,1.817,1.808,1.800,1.821,1.817,1.812,3.000,3.000,3.000,3.000,3.000,3.000,3.000,3.000,3.000,3.000,3.000,3.000,3.000,1.813,1.823,1.832,1.837,1.812,1.822,1.832,1.839,1.846,1.852,1.857,1.861,1.864,1.867,1.871,1.873,1.877,1.881,1.884,1.888,1.892,1.895,1.897,1.901,1.904,1.906,1.908,1.911,1.916,1.919,1.922,1.924,1.926,1.928,1.929,1.932,1.935,1.939,1.942,1.945,1.948,1.950,1.954,1.957,1.960,1.964,1.967,1.970,1.974,1.977,1.980,1.984,1.987,1.991,1.994,1.999,2.004,2.007,2.009,2.011,2.016,2.019,2.023,2.026,2.029,2.033,2.039,2.043,2.046,2.050,2.054,2.059,2.065,2.069,2.073,2.078,2.084,2.089,2.094,2.100,2.105,2.111,2.116,2.119,2.124,2.128,2.134,2.141,2.146,2.152,2.157,2.163,2.169,2.175,2.180,2.186,2.191,2.197,2.203,2.209,2.214,2.218,2.224,2.231,2.237,2.243,2.246,2.249,2.249,3.000,3.000,3.000,3.000,3.000,3.000,3.000,3.000,3.000,3.000,3.000,3.000,3.000,3.000,3.000,3.000,3.000,3.000,3.000,3.000,3.000,3.000,3.000,3.000,3.000,3.000,3.000,3.000,3.000,3.000,3.000,3.000,3.000,3.000,3.000,3.000,3.000,3.000,3.000,3.000,3.000,3.000,3.000,3.000,3.000,3.000,3.000,3.000,3.000,3.000,3.000,3.000,3.000,3.000,3.000,3.000
3.000,3.000,3.000,3.000,3.000,3.000,3.000,3.000,3.000,3.000,2.343,2.343,2.342,2.333,2.325,2.317,2.312,2.307,2.298,2.288,2.282,2.273,2.267,2.261,2.251,2.241,2.229,2.222,2.214,2.209,2.203,2.198,2.192,2.187,2.181,2.171,2.163,2.157,2.152,2.149,2.144,2.139,2.134,2.130,2.125,2.120,2.115,2.110,2.105,2.101,2.096,2.092,2.086,2.081,2.076,2.071,2.066,2.061,2.056,2.051,2.046,2.041,2.036,2.029,2.025,2.021,2.016,2.009,2.006,2.002,1.996,1.991,1.987,1.982,1.978,1.975,1.971,1.968,1.964,1.958,1.955,1.953,1.950,1.947,1.944,1.940,1.937,1.934,1.931,1.929,1.926,1.924,1.922,1.921,1.918,1.915,1.912,1.909,1.906,1.903,1.901,1.899,1.898,1.895,1.893,1.890,1.889,1.888,1.886,1.884,1.882,1.879,1.876,1.874,1.872,1.870,1.869,1.867,1.864,1.861,1.858,1.856,1.853,1.852,1.850,1.847,1.843,1.841,1.837,1.834,1.830,1.827,1.823,1.817,1.812,1.804,1.821,1.817,1.808,1.800,3.000,3.000,3.000,3.000,3.000,3.000,3.000,3.000,3.000,3.000,3.000,3.000,3.000,3.000,3.000,3.000,3.000,3.000,1.812,1.822,1.802,1.812,1.825,1.834,1.843,1.850,1.854,1.858,1.861,1.864,1.868,1.872,1.875,1.879,1.883,1.888,1.891,1.892,1.896,1.899,1.902,1.904,1.907,1.911,1.916,1.918,1.921,1.923,1.925,1.927,1.929,1.933,1.937,1.940,1.943,1.946,1.948,1.950,1.954,1.957,1.961,1.963,1.967,1.970,1.972,1.975,1.979,1.983,1.987,1.990,1.995,2.000,2.002,2.004,2.007,2.011,2.015,2.019,2.022,2.026,2.030,2.034,2.040,2.043,2.046,2.049,2.055,2.061,2.065,2.070,2.075,2.081,2.085,2.090,2.095,2.101,2.106,2.112,2.115,2.120,2.124,2.130,2.137,2.142,2.147,2.152,2.158,2.164,2.170,2.176,2.182,2.187,2.192,2.199,2.205,2.210,2.214,2.220,2.225,2.233,2.238,2.242,2.244,2.249,3.000,3.000,3.000,3.000,3.000,3.000,3.000,3.000,3.000,3.000,3.000,3.000,3.000,3.000,3.000,3.000,3.000,3.000,3.000,3.000,3.000,3.000,3.000,3.000,3.000,3.000,3.000,3.000,3.000,3.000,3.000,3.000,3.000,3.000,3.000,3.000,3.000,3.000,3.000,3.000,3.000,3.000,3.000,3.000,3.000,3.000,3.000,3.000,3.000,3.000,3.000,3.000,3.000,3.000,3.000,3.000
3.000,3.000,3.000,3.000,3.000,3.000,3.000,3.000,3.000,2.336,2.343,2.343,2.339,2.331,2.322,2.314,2.308,2.303,2.294,2.284,2.278,2.270,2.263,2.257,2.246,2.236,2.224,2.217,2.210,2.205,2.199,2.194,2.188,2.183,2.176,2.167,2.159,2.153,2.145,2.143,2.139,2.135,2.130,2.126,2.121,2.117,2.111,2.107,2.102,2.097,2.093,2.089,2.083,2.078,2.073,2.068,2.063,2.057,2.053,2.048,2.043,2.038,2.033,2.026,2.021,2.018,2.013,2.006,2.002,1.998,1.993,1.988,1.985,1.979,1.976,1.972,1.969,1.966,1.961,1.956,1.953,1.950,1.947,1.944,1.941,1.938,1.934,1.931,1.928,1.926,1.923,1.921,1.918,1.917,1.914,1.911,1.908,1.905,1.903,1.899,1.897,1.895,1.893,1.891,1.887,1.885,1.883,1.881,1.879,1.878,1.877,1.874,1.870,1.868,1.866,1.865,1.863,1.861,1.859,1.856,1.853,1.851,1.848,1.846,1.844,1.841,1.836,1.832,1.828,1.824,1.819,1.813,1.807,1.796,1.788,1.812,1.804,3.000,3.000,3.000,3.000,3.000,3.000,3.000,3.000,3.000,3.000,3.000,3.000,3.000,3.000,3.000,3.000,3.000,3.000,3.000,3.000,3.000,3.000,1.802,1.812,1.785,1.802,1.818,1.830,1.839,1.845,1.848,1.853,1.858,1.862,1.867,1.870,1.874,1.878,1.884,1.887,1.888,1.891,1.894,1.898,1.900,1.903,1.907,1.912,1.915,1.917,1.920,1.923,1.925,1.927,1.930,1.935,1.938,1.940,1.943,1.945,1.948,1.951,1.954,1.958,1.960,1.963,1.966,1.968,1.971,1.975,1.980,1.983,1.986,1.990,1.995,1.998,2.000,2.003,2.007,2.011,2.015,2.018,2.023,2.027,2.031,2.036,2.039,2.042,2.046,2.051,2.057,2.061,2.066,2.071,2.076,2.081,2.086,2.091,2.096,2.102,2.107,2.112,2.116,2.121,2.127,2.133,2.138,2.143,2.148,2.154,2.160,2.166,2.171,2.177,2.181,2.187,2.193,2.200,2.206,2.211,2.216,2.221,2.229,2.235,2.239,2.241,2.244,3.000,3.000,3.000,3.000,3.000,3.000,3.000,3.000,3.000,3.000,3.000,3.000,3.000,3.000,3.000,3.000,3.000,3.000,3.000,3.000,3.000,3.000,3.000,3.000,3.000,3.000,3.000,3.000,3.000,3.000,3.000,3.000,3.000,3.000,3.000,3.000,3.000,3.000,3.000,3.000,3.000,3.000,3.000,3.000,3.000,3.000,3.000,3.000,3.000,3.000,3.000,3.000,3.000,3.000,3.000,3.000
3.000,3.000,3.000,3.000,3.000,3.000,3.000,3.000,3.000,2.336,2.336,2.336,2.332,2.323,2.313,2.307,2.300,2.295,2.285,2.278,2.272,2.265,2.258,2.250,2.241,2.232,2.220,2.214,2.207,2.202,2.196,2.191,2.185,2.179,2.172,2.162,2.155,2.147,2.140,2.138,2.134,2.130,2.124,2.121,2.116,2.112,2.107,2.102,2.096,2.092,2.088,2.085,2.079,2.074,2.070,2.065,2.058,2.054,2.049,2.044,2.039,2.034,2.028,2.022,2.018,2.014,2.009,2.003,1.999,1.995,1.991,1.986,1.982,1.977,1.973,1.970,1.967,1.964,1.959,1.954,1.950,1.947,1.943,1.941,1.938,1.935,1.931,1.928,1.924,1.923,1.920,1.918,1.915,1.913,1.911,1.908,1.905,1.901,1.899,1.896,1.894,1.891,1.890,1.887,1.884,1.882,1.881,1.878,1.877,1.876,1.874,1.871,1.867,1.865,1.863,1.862,1.859,1.858,1.854,1.852,1.849,1.846,1.843,1.841,1.838,1.834,1.829,1.824,1.819,1.814,1.807,1.799,1.786,1.807,1.796,1.788,3.000,3.000,3.000,3.000,3.000,3.000,3.000,3.000,3.000,3.000,3.000,0.995,0.995,0.997,1.002,1.007,1.013,1.013,1.013,3.000,3.000,3.000,3.000,3.000,1.785,1.802,1.818,1.830,1.812,1.825,1.833,1.839,1.845,1.849,1.856,1.861,1.866,1.870,1.875,1.880,1.883,1.885,1.888,1.891,1.895,1.897,1.900,1.904,1.908,1.911,1.913,1.916,1.919,1.922,1.924,1.927,1.931,1.935,1.937,1.940,1.942,1.944,1.947,1.951,1.954,1.957,1.960,1.963,1.964,1.967,1.971,1.977,1.980,1.983,1.987,1.992,1.995,1.997,2.000,2.004,2.008,2.012,2.015,2.019,2.024,2.029,2.033,2.037,2.040,2.043,2.048,2.053,2.058,2.063,2.068,2.072,2.077,2.082,2.086,2.092,2.098,2.104,2.109,2.113,2.118,2.124,2.129,2.134,2.139,2.144,2.150,2.157,2.162,2.167,2.172,2.177,2.182,2.189,2.196,2.202,2.207,2.212,2.217,2.223,2.230,2.236,2.239,2.241,3.000,3.000,3.000,3.000,3.000,3.000,3.000,3.000,3.000,3.000,3.000,3.000,3.000,3.000,3.000,3.000,3.000,3.000,3.000,3.000,3.000,3.000,3.000,3.000,3.000,3.000,3.000,3.000,3.000,3.000,3.000,3.000,3.000,3.000,3.000,3.000,3.000,3.000,3.000,3.000,3.000,3.000,3.000,3.000,3.000,3.000,3.000,3.000,3.000,3.000,3.000,3.000,3.000,3.000,3.000,3.000
3.000,3.000,3.000,3.000,3.000,3.000,3.000,3.000,3.000,2.336,2.334,2.333,2.325,2.319,2.307,2.301,2.291,2.288,2.280,2.274,2.268,2.260,2.253,2.245,2.235,2.225,2.215,2.209,2.203,2.198,2.192,2.188,2.181,2.175,2.166,2.159,2.151,2.144,2.136,2.131,2.127,2.123,2.119,2.115,2.110,2.107,2.100,2.096,2.091,2.088,2.084,2.080,2.075,2.071,2.066,2.062,2.055,2.051,2.046,2.041,2.035,2.031,2.025,2.019,2.015,2.011,2.006,2.000,1.996,1.992,1.987,1.983,1.980,1.973,1.970,1.967,1.964,1.962,1.957,1.952,1.949,1.945,1.941,1.939,1.935,1.933,1.929,1.926,1.922,1.920,1.917,1.914,1.912,1.910,1.908,1.905,1.902,1.899,1.896,1.893,1.890,1.886,1.885,1.883,1.881,1.878,1.877,1.875,1.874,1.872,1.870,1.868,1.864,1.862,1.860,1.859,1.855,1.853,1.850,1.847,1.844,1.841,1.837,1.834,1.832,1.826,1.821,1.815,1.808,1.801,1.792,1.776,1.799,1.786,3.000,3.000,3.000,3.000,3.000,3.000,3.000,0.985,0.985,0.985,0.985,0.975,0.970,0.995,0.995,0.994,0.997,1.002,1.007,1.013,1.017,1.017,1.017,3.000,3.000,3.000,3.000,3.000,3.000,1.812,1.825,1.809,1.819,1.828,1.834,1.840,1.847,1.855,1.859,1.865,1.869,1.874,1.878,1.880,1.883,1.887,1.890,1.893,1.897,1.900,1.904,1.907,1.909,1.912,1.915,1.918,1.920,1.924,1.928,1.931,1.934,1.937,1.939,1.941,1.944,1.948,1.951,1.954,1.956,1.959,1.961,1.964,1.968,1.973,1.976,1.979,1.983,1.987,1.990,1.991,1.996,2.000,2.004,2.008,2.011,2.015,2.020,2.025,2.030,2.034,2.037,2.040,2.044,2.048,2.052,2.058,2.062,2.068,2.073,2.078,2.082,2.089,2.094,2.100,2.105,2.110,2.115,2.121,2.126,2.131,2.135,2.140,2.146,2.153,2.159,2.164,2.169,2.173,2.179,2.186,2.193,2.199,2.204,2.210,2.214,2.219,2.225,2.233,2.236,2.239,3.000,3.000,3.000,3.000,3.000,3.000,3.000,3.000,3.000,3.000,3.000,3.000,3.000,3.000,3.000,3.000,3.000,3.000,3.000,3.000,3.000,3.000,3.000,3.000,3.000,3.000,3.000,3.000,3.000,3.000,3.000,3.000,3.000,3.000,3.000,3.000,3.000,3.000,3.000,3.000,3.000,3.000,3.000,3.000,3.000,3.000,3.000,3.000,3.000,3.000,3.000,3.000,3.000,3.000,3.000,3.000
3.000,3.000,3.000,3.000,3.000,3.000,3.000,3.000,3.000,2.334,2.332,2.329,2.320,2.315,2.303,2.293,2.285,2.282,2.277,2.271,2.264,2.256,2.248,2.241,2.232,2.222,2.212,2.206,2.200,2.195,2.190,2.185,2.179,2.173,2.163,2.157,2.150,2.143,2.135,2.129,2.123,2.120,2.115,2.111,2.105,2.103,2.097,2.093,2.087,2.084,2.080,2.076,2.071,2.067,2.062,2.057,2.052,2.048,2.043,2.038,2.033,2.029,2.023,2.017,2.013,2.008,2.003,1.997,1.992,1.989,1.984,1.980,1.976,1.970,1.967,1.964,1.961,1.958,1.954,1.950,1.947,1.942,1.938,1.935,1.932,1.930,1.925,1.923,1.919,1.917,1.914,1.911,1.909,1.907,1.905,1.902,1.900,1.896,1.894,1.890,1.886,1.883,1.882,1.880,1.877,1.875,1.873,1.871,1.870,1.869,1.867,1.864,1.861,1.859,1.857,1.855,1.852,1.849,1.845,1.843,1.840,1.836,1.831,1.827,1.823,1.819,1.812,1.805,1.795,1.785,1.801,1.792,1.776,3.000,3.000,3.000,3.000,3.000,3.000,3.000,0.963,0.985,0.985,0.985,0.975,0.967,0.966,0.970,0.973,0.970,0.974,0.976,0.983,0.988,0.997,1.017,1.017,1.000,1.000,3.000,3.000,3.000,3.000,3.000,1.809,1.819,1.806,1.817,1.825,1.833,1.840,1.848,1.853,1.859,1.864,1.868,1.872,1.874,1.879,1.882,1.885,1.888,1.892,1.896,1.900,1.903,1.906,1.908,1.912,1.914,1.917,1.920,1.925,1.928,1.930,1.933,1.935,1.938,1.941,1.944,1.948,1.951,1.953,1.956,1.959,1.962,1.965,1.971,1.973,1.976,1.979,1.983,1.985,1.987,1.992,1.997,2.001,2.005,2.008,2.012,2.017,2.022,2.027,2.030,2.034,2.037,2.040,2.043,2.047,2.052,2.057,2.062,2.067,2.073,2.078,2.084,2.090,2.096,2.101,2.106,2.111,2.117,2.122,2.127,2.131,2.136,2.142,2.148,2.154,2.160,2.164,2.169,2.173,2.182,2.188,2.195,2.200,2.206,2.210,2.215,2.221,2.227,2.232,2.236,2.230,3.000,3.000,3.000,3.000,3.000,3.000,3.000,3.000,3.000,3.000,3.000,3.000,3.000,3.000,3.000,3.000,3.000,3.000,3.000,3.000,3.000,3.000,3.000,3.000,3.000,3.000,3.000,3.000,3.000,3.000,3.000,3.000,3.000,3.000,3.000,3.000,3.000,3.000,3.000,3.000,3.000,3.000,3.000,3.000,3.000,3.000,3.000,3.000,3.000,3.000,3.000,3.000,3.000,3.000,3.000
3.000,3.000,3.000,3.000,3.000,3.000,3.000,3.000,3.000,2.332,2.330,2.326,2.315,2.310,2.294,2.287,2.279,2.277,2.273,2.266,2.259,2.250,2.243,2.236,2.228,2.218,2.209,2.203,2.197,2.193,2.187,2.182,2.174,2.167,2.160,2.154,2.147,2.141,2.134,2.127,2.121,2.116,2.111,2.106,2.101,2.099,2.094,2.089,2.084,2.081,2.077,2.073,2.067,2.063,2.057,2.052,2.048,2.044,2.038,2.034,2.029,2.025,2.018,2.011,2.006,2.001,1.996,1.991,1.988,1.984,1.980,1.976,1.971,1.966,1.963,1.960,1.957,1.955,1.951,1.948,1.944,1.940,1.935,1.932,1.929,1.928,1.923,1.920,1.917,1.914,1.910,1.907,1.904,1.903,1.901,1.899,1.897,1.894,1.891,1.888,1.884,1.881,1.880,1.878,1.875,1.873,1.871,1.868,1.867,1.865,1.862,1.860,1.857,1.856,1.853,1.851,1.848,1.845,1.841,1.839,1.836,1.831,1.826,1.822,1.817,1.812,1.804,1.795,1.781,1.762,1.785,3.000,3.000,3.000,3.000,3.000,0.994,0.994,0.994,0.974,0.964,0.963,0.955,0.953,0.949,0.942,0.941,0.945,0.948,0.946,0.949,0.957,0.964,0.967,0.975,0.983,0.991,1.000,1.017,1.030,1.030,1.030,3.000,3.000,3.000,1.806,1.817,1.800,1.812,1.823,1.832,1.841,1.847,1.852,1.858,1.862,1.866,1.869,1.873,1.878,1.881,1.884,1.888,1.891,1.896,1.899,1.901,1.904,1.907,1.910,1.913,1.916,1.921,1.924,1.926,1.929,1.932,1.935,1.937,1.941,1.944,1.947,1.949,1.953,1.956,1.958,1.961,1.967,1.970,1.973,1.975,1.979,1.982,1.984,1.988,1.993,1.998,2.002,2.005,2.009,2.014,2.019,2.024,2.028,2.030,2.033,2.036,2.039,2.043,2.048,2.052,2.057,2.063,2.068,2.073,2.080,2.086,2.092,2.097,2.101,2.108,2.113,2.119,2.123,2.127,2.131,2.137,2.143,2.150,2.156,2.160,2.165,2.170,2.179,2.185,2.192,2.197,2.203,2.207,2.213,2.219,2.226,2.231,2.230,2.232,3.000,3.000,3.000,3.000,3.000,3.000,3.000,3.000,3.000,3.000,3.000,3.000,3.000,3.000,3.000,3.000,3.000,3.000,3.000,3.000,3.000,3.000,3.000,3.000,3.000,3.000,3.000,3.000,3.000,3.000,3.000,3.000,3.000,3.000,3.000,3.000,3.000,3.000,3.000,3.000,3.000,3.000,3.000,3.000,3.000,3.000,3.000,3.000,3.000,3.000,3.000,3.000,3.000,3.000,3.000
3.000,3.000,3.000,3.000,3.000,3.000,3.000,3.000,3.000,2.330,2.330,2.324,2.307,2.304,2.288,2.283,2.276,2.273,2.269,2.261,2.255,2.245,2.238,2.232,2.222,2.213,2.206,2.201,2.195,2.190,2.184,2.178,2.170,2.163,2.157,2.151,2.145,2.139,2.133,2.125,2.118,2.113,2.108,2.103,2.098,2.094,2.089,2.086,2.080,2.077,2.073,2.069,2.063,2.058,2.053,2.049,2.043,2.039,2.034,2.030,2.024,2.019,2.014,2.006,2.001,1.995,1.991,1.987,1.984,1.980,1.977,1.973,1.968,1.963,1.960,1.957,1.953,1.951,1.946,1.944,1.941,1.935,1.931,1.929,1.926,1.924,1.920,1.917,1.914,1.911,1.907,1.904,1.901,1.900,1.897,1.895,1.893,1.889,1.888,1.884,1.881,1.879,1.877,1.875,1.873,1.870,1.868,1.866,1.863,1.861,1.859,1.856,1.853,1.852,1.850,1.848,1.844,1.841,1.838,1.835,1.832,1.827,1.822,1.817,1.812,1.805,1.795,1.785,1.764,1.781,1.762,3.000,3.000,3.000,1.007,1.007,1.007,0.994,0.974,0.964,0.953,0.946,0.940,0.938,0.934,0.927,0.926,0.928,0.932,0.931,0.933,0.939,0.945,0.947,0.952,0.963,0.970,0.981,0.997,1.017,1.030,1.030,3.000,3.000,3.000,3.000,1.800,1.812,1.800,1.814,1.825,1.834,1.841,1.847,1.852,1.858,1.862,1.865,1.869,1.873,1.877,1.880,1.884,1.886,1.892,1.895,1.897,1.900,1.903,1.906,1.909,1.913,1.917,1.920,1.922,1.925,1.928,1.931,1.934,1.937,1.940,1.943,1.946,1.950,1.952,1.955,1.958,1.964,1.967,1.970,1.972,1.976,1.978,1.980,1.985,1.990,1.995,1.999,2.002,2.005,2.010,2.016,2.021,2.025,2.028,2.031,2.033,2.036,2.040,2.045,2.049,2.054,2.059,2.064,2.070,2.076,2.082,2.089,2.094,2.099,2.105,2.111,2.115,2.120,2.123,2.127,2.133,2.140,2.148,2.154,2.157,2.161,2.168,2.177,2.183,2.190,2.194,2.199,2.204,2.211,2.217,2.225,2.231,2.232,2.232,3.000,3.000,3.000,3.000,3.000,3.000,3.000,3.000,3.000,3.000,3.000,3.000,3.000,3.000,3.000,3.000,3.000,3.000,3.000,3.000,3.000,3.000,3.000,3.000,3.000,3.000,3.000,3.000,3.000,3.000,3.000,3.000,3.000,3.000,3.000,3.000,3.000,3.000,3.000,3.000,3.000,3.000,3.000,3.000,3.000,3.000,3.000,3.000,3.000,3.000,3.000,3.000,3.000,3.000,3.000
3.000,3.000,3.000,3.000,3.000,3.000,3.000,3.000,2.328,2.330,2.327,2.320,2.301,2.295,2.284,2.279,2.272,2.270,2.265,2.256,2.246,2.239,2.233,2.225,2.218,2.210,2.203,2.198,2.192,2.187,2.180,2.174,2.167,2.160,2.155,2.148,2.143,2.137,2.131,2.121,2.115,2.111,2.105,2.099,2.094,2.091,2.086,2.083,2.077,2.074,2.070,2.066,2.060,2.055,2.050,2.045,2.040,2.035,2.030,2.026,2.020,2.015,2.009,2.002,1.996,1.991,1.987,1.983,1.980,1.977,1.973,1.969,1.965,1.960,1.956,1.953,1.950,1.947,1.942,1.939,1.936,1.932,1.928,1.925,1.923,1.921,1.917,1.915,1.911,1.909,1.904,1.902,1.898,1.897,1.894,1.892,1.889,1.886,1.884,1.881,1.879,1.876,1.875,1.872,1.870,1.868,1.866,1.863,1.860,1.858,1.855,1.853,1.849,1.848,1.845,1.843,1.840,1.837,1.834,1.831,1.827,1.821,1.816,1.811,1.805,1.797,1.786,1.772,1.785,1.764,3.000,3.000,3.000,1.003,1.007,1.007,0.987,0.970,0.958,0.949,0.938,0.933,0.928,0.926,0.921,0.916,0.916,0.917,0.919,0.919,0.920,0.924,0.928,0.932,0.935,0.940,0.944,0.952,0.968,0.983,0.995,1.030,1.000,1.000,3.000,3.000,3.000,1.800,1.782,1.801,1.814,1.827,1.834,1.841,1.847,1.852,1.857,1.860,1.864,1.869,1.872,1.876,1.879,1.882,1.887,1.889,1.892,1.895,1.899,1.902,1.905,1.909,1.913,1.917,1.919,1.922,1.924,1.927,1.930,1.933,1.937,1.940,1.943,1.946,1.949,1.952,1.955,1.960,1.964,1.967,1.970,1.973,1.976,1.978,1.982,1.987,1.992,1.996,1.999,2.002,2.008,2.013,2.017,2.022,2.025,2.028,2.030,2.033,2.037,2.042,2.047,2.051,2.056,2.060,2.065,2.072,2.078,2.086,2.091,2.096,2.101,2.107,2.112,2.115,2.119,2.124,2.129,2.136,2.145,2.151,2.154,2.158,2.165,2.174,2.180,2.186,2.191,2.196,2.201,2.207,2.214,2.222,2.227,2.229,2.232,3.000,3.000,3.000,3.000,3.000,3.000,3.000,3.000,3.000,3.000,3.000,3.000,3.000,3.000,3.000,3.000,3.000,3.000,3.000,3.000,3.000,3.000,3.000,3.000,3.000,3.000,3.000,3.000,3.000,3.000,3.000,3.000,3.000,3.000,3.000,3.000,3.000,3.000,3.000,3.000,3.000,3.000,3.000,3.000,3.000,3.000,3.000,3.000,3.000,3.000,3.000,3.000,3.000,3.000,3.000
3.000,3.000,3.000,3.000,3.000,3.000,3.000,2.319,2.328,2.328,2.324,2.316,2.297,2.291,2.279,2.273,2.267,2.265,2.260,2.249,2.240,2.233,2.225,2.220,2.213,2.207,2.200,2.195,2.189,2.184,2.177,2.172,2.165,2.157,2.151,2.144,2.139,2.132,2.124,2.115,2.109,2.104,2.099,2.095,2.090,2.087,2.082,2.079,2.073,2.070,2.067,2.063,2.057,2.052,2.047,2.042,2.037,2.031,2.026,2.022,2.017,2.012,2.006,1.999,1.993,1.988,1.985,1.981,1.978,1.974,1.970,1.966,1.962,1.957,1.953,1.951,1.947,1.944,1.940,1.937,1.934,1.930,1.926,1.924,1.922,1.919,1.916,1.914,1.910,1.908,1.903,1.900,1.896,1.894,1.892,1.890,1.888,1.885,1.883,1.879,1.877,1.874,1.872,1.870,1.867,1.865,1.863,1.859,1.856,1.854,1.851,1.849,1.845,1.843,1.840,1.838,1.834,1.831,1.827,1.824,1.820,1.813,1.808,1.802,1.795,1.786,1.775,1.786,1.772,3.000,3.000,3.000,1.006,1.006,1.003,0.986,0.968,0.956,0.942,0.935,0.927,0.922,0.917,0.915,0.912,0.909,0.908,0.909,0.911,0.911,0.913,0.916,0.919,0.923,0.924,0.927,0.931,0.937,0.947,0.961,0.973,0.985,1.000,1.000,3.000,3.000,3.000,1.782,1.801,1.788,1.804,1.819,1.827,1.835,1.841,1.847,1.852,1.855,1.860,1.864,1.867,1.871,1.874,1.878,1.882,1.885,1.888,1.891,1.895,1.898,1.901,1.905,1.910,1.913,1.915,1.917,1.920,1.924,1.927,1.930,1.933,1.936,1.939,1.943,1.946,1.949,1.953,1.958,1.962,1.966,1.969,1.972,1.974,1.976,1.980,1.984,1.989,1.993,1.996,2.000,2.005,2.009,2.013,2.017,2.020,2.024,2.026,2.029,2.033,2.038,2.044,2.047,2.053,2.057,2.062,2.069,2.076,2.082,2.088,2.092,2.098,2.103,2.107,2.111,2.115,2.120,2.126,2.132,2.139,2.145,2.148,2.153,2.159,2.170,2.176,2.182,2.187,2.192,2.197,2.203,2.210,2.217,2.223,2.224,2.229,3.000,3.000,3.000,3.000,3.000,3.000,3.000,3.000,3.000,3.000,3.000,3.000,3.000,3.000,3.000,3.000,3.000,3.000,3.000,3.000,3.000,3.000,3.000,3.000,3.000,3.000,3.000,3.000,3.000,3.000,3.000,3.000,3.000,3.000,3.000,3.000,3.000,3.000,3.000,3.000,3.000,3.000,3.000,3.000,3.000,3.000,3.000,3.000,3.000,3.000,3.000,3.000,3.000,3.000,3.000
3.000,3.000,3.000,3.000,3.000,3.000,3.000,2.319,2.319,2.319,2.315,2.302,2.291,2.285,2.274,2.268,2.263,2.260,2.254,2.243,2.233,2.225,2.219,2.214,2.209,2.204,2.197,2.192,2.186,2.182,2.174,2.168,2.162,2.155,2.148,2.141,2.135,2.128,2.119,2.111,2.106,2.100,2.096,2.092,2.087,2.084,2.079,2.075,2.071,2.068,2.064,2.060,2.055,2.050,2.045,2.039,2.034,2.028,2.023,2.017,2.012,2.007,2.001,1.996,1.990,1.985,1.982,1.978,1.975,1.970,1.966,1.962,1.959,1.954,1.950,1.948,1.944,1.941,1.936,1.934,1.931,1.928,1.925,1.922,1.920,1.917,1.913,1.911,1.907,1.906,1.901,1.898,1.894,1.892,1.889,1.888,1.885,1.883,1.880,1.877,1.875,1.872,1.869,1.867,1.865,1.862,1.859,1.855,1.853,1.851,1.848,1.846,1.842,1.840,1.836,1.834,1.830,1.827,1.823,1.819,1.814,1.808,1.802,1.796,1.788,1.778,1.765,1.775,3.000,3.000,3.000,3.000,1.006,1.006,0.985,0.972,0.955,0.945,0.933,0.927,0.919,0.914,0.909,0.908,0.905,0.903,0.902,0.903,0.903,0.902,0.905,0.907,0.909,0.914,0.914,0.917,0.921,0.925,0.931,0.939,0.956,0.967,0.982,1.000,0.983,3.000,3.000,3.000,1.788,1.804,1.793,1.809,1.820,1.829,1.836,1.841,1.846,1.850,1.855,1.859,1.863,1.867,1.870,1.874,1.878,1.881,1.885,1.888,1.892,1.895,1.898,1.902,1.906,1.910,1.911,1.914,1.917,1.921,1.924,1.927,1.931,1.934,1.937,1.940,1.943,1.947,1.951,1.956,1.960,1.964,1.968,1.971,1.973,1.976,1.979,1.983,1.986,1.991,1.994,1.998,2.003,2.008,2.011,2.015,2.018,2.022,2.024,2.027,2.031,2.037,2.042,2.045,2.050,2.054,2.060,2.066,2.073,2.080,2.084,2.089,2.094,2.099,2.104,2.108,2.112,2.117,2.123,2.129,2.135,2.141,2.144,2.149,2.155,2.165,2.171,2.176,2.182,2.188,2.193,2.198,2.204,2.211,2.217,2.219,2.224,3.000,3.000,3.000,3.000,3.000,3.000,3.000,3.000,3.000,3.000,3.000,3.000,3.000,3.000,3.000,3.000,3.000,3.000,3.000,3.000,3.000,3.000,3.000,3.000,3.000,3.000,3.000,3.000,3.000,3.000,3.000,3.000,3.000,3.000,3.000,3.000,3.000,3.000,3.000,3.000,3.000,3.000,3.000,3.000,3.000,3.000,3.000,3.000,3.000,3.000,3.000,3.000,3.000,3.000,3.000
3.000,3.000,3.000,3.000,3.000,3.000,3.000,2.319,2.308,2.308,2.306,2.294,2.284,2.279,2.270,2.264,2.259,2.256,2.250,2.238,2.227,2.219,2.212,2.210,2.205,2.200,2.193,2.188,2.181,2.175,2.170,2.164,2.158,2.151,2.144,2.138,2.132,2.125,2.118,2.110,2.104,2.099,2.095,2.091,2.086,2.083,2.077,2.074,2.069,2.066,2.062,2.058,2.052,2.047,2.043,2.037,2.031,2.026,2.020,2.014,2.008,2.003,1.997,1.991,1.986,1.981,1.978,1.974,1.971,1.967,1.963,1.959,1.956,1.951,1.947,1.945,1.941,1.939,1.935,1.932,1.930,1.927,1.923,1.920,1.918,1.914,1.910,1.908,1.905,1.903,1.898,1.894,1.891,1.889,1.887,1.885,1.882,1.880,1.877,1.874,1.872,1.869,1.866,1.864,1.862,1.859,1.856,1.852,1.850,1.848,1.845,1.842,1.839,1.837,1.833,1.830,1.826,1.823,1.819,1.814,1.809,1.803,1.797,1.789,1.781,1.770,1.754,1.765,3.000,3.000,3.000,3.000,1.006,0.986,0.971,0.957,0.942,0.936,0.925,0.919,0.912,0.908,0.903,0.902,0.899,0.897,0.897,0.897,0.897,0.897,0.898,0.899,0.901,0.906,0.905,0.909,0.912,0.916,0.922,0.929,0.943,0.953,0.967,0.983,0.993,0.993,3.000,3.000,3.000,1.793,1.778,1.799,1.811,1.822,1.830,1.836,1.841,1.845,1.850,1.856,1.859,1.863,1.867,1.871,1.875,1.879,1.882,1.885,1.889,1.893,1.896,1.900,1.903,1.906,1.908,1.912,1.915,1.918,1.921,1.925,1.929,1.931,1.934,1.937,1.940,1.945,1.949,1.953,1.958,1.963,1.966,1.969,1.972,1.975,1.978,1.981,1.985,1.990,1.993,1.997,2.002,2.006,2.010,2.013,2.016,2.019,2.022,2.025,2.030,2.035,2.040,2.043,2.048,2.052,2.057,2.064,2.069,2.077,2.081,2.086,2.091,2.096,2.100,2.105,2.109,2.114,2.120,2.125,2.131,2.137,2.141,2.146,2.152,2.162,2.167,2.173,2.178,2.185,2.189,2.195,2.201,2.207,2.212,2.214,2.219,3.000,3.000,3.000,3.000,3.000,3.000,3.000,3.000,3.000,3.000,3.000,3.000,3.000,3.000,3.000,3.000,3.000,3.000,3.000,3.000,3.000,3.000,3.000,3.000,3.000,3.000,3.000,3.000,3.000,3.000,3.000,3.000,3.000,3.000,3.000,3.000,3.000,3.000,3.000,3.000,3.000,3.000,3.000,3.000,3.000,3.000,3.000,3.000,3.000,3.000,3.000,3.000,3.000,3.000,3.000
3.000,3.000,3.000,3.000,3.000,3.000,3.000,2.308,2.306,2.301,2.296,2.288,2.280,2.275,2.267,2.261,2.256,2.253,2.248,2.236,2.224,2.215,2.208,2.206,2.201,2.194,2.190,2.183,2.177,2.171,2.166,2.159,2.153,2.147,2.140,2.135,2.129,2.123,2.116,2.108,2.103,2.097,2.093,2.090,2.085,2.081,2.076,2.072,2.068,2.064,2.059,2.055,2.049,2.045,2.040,2.035,2.028,2.022,2.017,2.010,2.003,1.998,1.993,1.987,1.982,1.978,1.975,1.972,1.969,1.965,1.961,1.957,1.954,1.949,1.945,1.942,1.939,1.937,1.933,1.931,1.928,1.926,1.922,1.919,1.916,1.912,1.908,1.906,1.903,1.901,1.895,1.892,1.888,1.886,1.884,1.882,1.879,1.877,1.874,1.871,1.868,1.865,1.862,1.860,1.858,1.855,1.852,1.848,1.846,1.843,1.841,1.838,1.835,1.833,1.830,1.827,1.822,1.819,1.815,1.810,1.805,1.798,1.792,1.784,1.775,1.763,1.743,1.754,3.000,3.000,3.000,0.978,0.986,0.973,0.955,0.943,0.931,0.924,0.916,0.911,0.904,0.901,0.897,0.897,0.894,0.893,0.892,0.892,0.892,0.892,0.893,0.894,0.895,0.898,0.899,0.903,0.905,0.909,0.915,0.921,0.932,0.944,0.957,0.972,0.993,1.007,1.007,3.000,3.000,1.778,1.799,1.787,1.803,1.814,1.822,1.830,1.835,1.840,1.845,1.850,1.855,1.859,1.863,1.868,1.872,1.876,1.879,1.882,1.886,1.890,1.893,1.897,1.901,1.904,1.906,1.909,1.911,1.915,1.918,1.922,1.926,1.929,1.931,1.934,1.937,1.942,1.945,1.950,1.955,1.960,1.964,1.967,1.970,1.973,1.976,1.979,1.983,1.987,1.991,1.995,2.000,2.004,2.008,2.011,2.013,2.017,2.020,2.024,2.029,2.034,2.038,2.041,2.046,2.051,2.055,2.061,2.066,2.072,2.076,2.082,2.087,2.092,2.096,2.101,2.106,2.111,2.117,2.123,2.128,2.134,2.138,2.144,2.150,2.158,2.163,2.169,2.174,2.181,2.186,2.190,2.195,2.203,2.207,2.209,2.214,3.000,3.000,3.000,3.000,3.000,3.000,3.000,3.000,3.000,3.000,3.000,3.000,3.000,3.000,3.000,3.000,3.000,3.000,3.000,3.000,3.000,3.000,3.000,3.000,3.000,3.000,3.000,3.000,3.000,3.000,3.000,3.000,3.000,3.000,3.000,3.000,3.000,3.000,3.000,3.000,3.000,3.000,3.000,3.000,3.000,3.000,3.000,3.000,3.000,3.000,3.000,3.000,3.000,3.000,3.000
3.000,3.000,3.000,3.000,3.000,3.000,3.000,2.307,2.307,2.304,2.297,2.286,2.279,2.273,2.265,2.259,2.254,2.256,2.253,2.248,2.236,2.224,2.205,2.203,2.196,2.191,2.186,2.181,2.174,2.168,2.162,2.156,2.149,2.142,2.136,2.131,2.126,2.120,2.112,2.106,2.100,2.096,2.092,2.089,2.084,2.080,2.075,2.071,2.066,2.061,2.057,2.051,2.046,2.042,2.038,2.031,2.025,2.019,2.014,2.007,2.000,1.994,1.990,1.984,1.980,1.976,1.974,1.971,1.968,1.964,1.959,1.955,1.951,1.947,1.943,1.940,1.937,1.935,1.930,1.929,1.927,1.925,1.920,1.917,1.914,1.910,1.906,1.904,1.900,1.898,1.893,1.890,1.886,1.884,1.882,1.879,1.877,1.875,1.872,1.870,1.867,1.864,1.860,1.858,1.855,1.853,1.848,1.844,1.842,1.840,1.837,1.833,1.830,1.827,1.825,1.819,1.816,1.813,1.809,1.805,1.800,1.792,1.785,1.777,1.768,1.755,1.733,1.743,3.000,3.000,3.000,0.978,0.978,0.960,0.942,0.931,0.922,0.916,0.908,0.903,0.896,0.893,0.892,0.892,0.889,0.888,0.887,0.888,0.888,0.889,0.890,0.891,0.892,0.895,0.896,0.899,0.901,0.905,0.910,0.916,0.925,0.935,0.950,0.964,0.983,1.007,1.007,3.000,3.000,3.000,1.787,1.775,1.794,1.807,1.816,1.823,1.829,1.835,1.841,1.847,1.851,1.855,1.860,1.865,1.869,1.873,1.876,1.879,1.883,1.887,1.890,1.893,1.897,1.900,1.902,1.905,1.908,1.912,1.915,1.918,1.923,1.926,1.928,1.931,1.934,1.937,1.940,1.946,1.950,1.957,1.960,1.964,1.967,1.969,1.972,1.975,1.979,1.984,1.988,1.992,1.997,2.001,2.005,2.008,2.010,2.014,2.017,2.021,2.026,2.031,2.036,2.039,2.044,2.048,2.052,2.057,2.062,2.069,2.073,2.078,2.084,2.089,2.094,2.099,2.104,2.109,2.115,2.121,2.127,2.132,2.137,2.142,2.147,2.155,2.160,2.166,2.172,2.178,2.183,2.187,2.192,2.199,2.203,2.206,2.209,3.000,3.000,3.000,3.000,3.000,3.000,3.000,3.000,3.000,3.000,3.000,3.000,3.000,3.000,3.000,3.000,3.000,3.000,3.000,3.000,3.000,3.000,3.000,3.000,3.000,3.000,3.000,3.000,3.000,3.000,3.000,3.000,3.000,3.000,3.000,3.000,3.000,3.000,3.000,3.000,3.000,3.000,3.000,3.000,3.000,3.000,3.000,3.000,3.000,3.000,3.000,3.000,3.000,3.000,3.000
3.000,3.000,3.000,3.000,3.000,3.000,3.000,2.307,2.306,2.304,2.296,2.285,2.278,2.271,2.263,2.255,2.251,2.254,3.000,3.000,3.000,2.205,2.200,2.198,2.191,2.187,2.183,2.177,2.171,2.166,2.160,2.154,2.147,2.140,2.134,2.129,2.124,2.119,2.111,2.104,2.098,2.093,2.090,2.088,2.084,2.079,2.073,2.068,2.063,2.058,2.052,2.047,2.042,2.039,2.035,2.028,2.022,2.017,2.011,2.003,1.997,1.992,1.987,1.982,1.978,1.974,1.971,1.968,1.965,1.962,1.956,1.953,1.949,1.944,1.940,1.937,1.934,1.932,1.928,1.927,1.924,1.922,1.916,1.913,1.910,1.906,1.903,1.901,1.898,1.896,1.890,1.887,1.884,1.882,1.879,1.877,1.875,1.873,1.870,1.867,1.864,1.861,1.857,1.855,1.852,1.849,1.844,1.840,1.838,1.835,1.832,1.829,1.826,1.823,1.820,1.815,1.812,1.809,1.805,1.801,1.795,1.787,1.779,1.771,1.760,1.742,1.721,1.733,3.000,3.000,3.000,0.978,0.970,0.952,0.935,0.924,0.915,0.909,0.901,0.896,0.889,0.886,0.885,0.887,0.884,0.884,0.883,0.883,0.884,0.885,0.886,0.888,0.889,0.890,0.891,0.894,0.896,0.900,0.906,0.911,0.920,0.930,0.944,0.957,0.976,0.998,1.019,1.019,3.000,3.000,1.775,1.794,1.787,1.800,1.809,1.817,1.824,1.831,1.836,1.842,1.847,1.852,1.856,1.862,1.866,1.870,1.873,1.876,1.880,1.883,1.886,1.889,1.894,1.897,1.899,1.902,1.905,1.909,1.913,1.916,1.920,1.923,1.925,1.928,1.931,1.934,1.937,1.942,1.946,1.952,1.955,1.958,1.961,1.964,1.968,1.971,1.976,1.980,1.984,1.989,1.994,1.998,2.001,2.004,2.007,2.011,2.014,2.019,2.023,2.028,2.033,2.036,2.041,2.045,2.049,2.054,2.058,2.065,2.069,2.074,2.080,2.086,2.091,2.096,2.102,2.107,2.114,2.119,2.125,2.130,2.135,2.140,2.145,2.152,2.158,2.164,2.170,2.176,2.180,2.185,2.190,2.196,2.201,2.204,2.206,3.000,3.000,3.000,3.000,3.000,3.000,3.000,3.000,3.000,3.000,3.000,3.000,3.000,3.000,3.000,3.000,3.000,3.000,3.000,3.000,3.000,3.000,3.000,3.000,3.000,3.000,3.000,3.000,3.000,3.000,3.000,3.000,3.000,3.000,3.000,3.000,3.000,3.000,3.000,3.000,3.000,3.000,3.000,3.000,3.000,3.000,3.000,3.000,3.000,3.000,3.000,3.000,3.000,3.000,3.000
3.000,3.000,3.000,3.000,3.000,3.000,2.300,2.306,2.305,2.303,2.296,2.284,2.275,2.266,2.259,2.252,2.255,2.251,3.000,3.000,3.000,2.200,2.193,2.191,2.187,2.183,2.179,2.174,2.168,2.163,2.157,2.151,2.144,2.137,2.132,2.127,2.122,2.117,2.110,2.102,2.095,2.090,2.086,2.085,2.082,2.078,2.072,2.066,2.060,2.054,2.049,2.044,2.040,2.036,2.031,2.026,2.020,2.015,2.008,2.001,1.995,1.990,1.985,1.980,1.976,1.971,1.968,1.965,1.962,1.958,1.952,1.949,1.945,1.941,1.937,1.934,1.931,1.929,1.925,1.923,1.920,1.918,1.913,1.910,1.907,1.902,1.900,1.898,1.895,1.893,1.888,1.885,1.882,1.879,1.877,1.876,1.873,1.871,1.868,1.864,1.860,1.858,1.854,1.852,1.849,1.845,1.841,1.837,1.835,1.832,1.829,1.825,1.822,1.818,1.816,1.811,1.808,1.804,1.800,1.795,1.786,1.778,1.769,1.762,1.746,1.730,1.742,1.721,3.000,3.000,3.000,0.970,0.962,0.945,0.929,0.917,0.908,0.902,0.894,0.888,0.882,0.879,0.878,0.880,0.878,0.877,0.877,0.878,0.879,0.881,0.881,0.883,0.884,0.886,0.887,0.889,0.892,0.897,0.902,0.907,0.916,0.926,0.939,0.951,0.969,0.989,1.019,1.019,3.000,3.000,3.000,1.787,1.778,1.793,1.804,1.812,1.819,1.827,1.833,1.838,1.843,1.848,1.853,1.859,1.863,1.867,1.870,1.873,1.877,1.880,1.883,1.886,1.890,1.894,1.897,1.899,1.902,1.906,1.910,1.913,1.917,1.920,1.923,1.925,1.928,1.932,1.935,1.939,1.944,1.949,1.952,1.955,1.959,1.961,1.966,1.969,1.973,1.978,1.983,1.988,1.992,1.996,1.999,2.002,2.005,2.008,2.011,2.017,2.021,2.025,2.031,2.034,2.038,2.041,2.045,2.050,2.055,2.061,2.065,2.071,2.076,2.081,2.088,2.093,2.098,2.105,2.112,2.117,2.123,2.129,2.134,2.139,2.143,2.149,2.155,2.163,2.169,2.175,2.179,2.185,2.190,2.196,2.201,2.204,2.205,2.205,3.000,3.000,3.000,3.000,3.000,3.000,3.000,3.000,3.000,3.000,3.000,3.000,3.000,3.000,3.000,3.000,3.000,3.000,3.000,3.000,3.000,3.000,3.000,3.000,3.000,3.000,3.000,3.000,3.000,3.000,3.000,3.000,3.000,3.000,3.000,3.000,3.000,3.000,3.000,3.000,3.000,3.000,3.000,3.000,3.000,3.000,3.000,3.000,3.000,3.000,3.000,3.000,3.000,3.000
3.000,3.000,3.000,3.000,3.000,3.000,2.300,2.300,2.299,2.301,2.293,2.281,2.271,2.261,2.255,2.246,2.252,3.000,3.000,3.000,3.000,2.193,2.189,2.187,2.183,2.180,2.176,2.171,2.166,2.162,2.155,2.149,2.142,2.134,2.129,2.124,2.119,2.115,2.108,2.099,2.093,2.088,2.084,2.083,2.079,2.075,2.069,2.063,2.057,2.050,2.046,2.042,2.037,2.033,2.028,2.023,2.018,2.013,2.006,1.999,1.993,1.988,1.983,1.977,1.973,1.968,1.964,1.962,1.959,1.953,1.948,1.945,1.941,1.937,1.934,1.932,1.929,1.926,1.922,1.920,1.917,1.915,1.911,1.907,1.903,1.899,1.897,1.895,1.892,1.889,1.885,1.882,1.879,1.877,1.875,1.873,1.870,1.868,1.865,1.862,1.858,1.855,1.852,1.849,1.846,1.843,1.839,1.834,1.831,1.828,1.824,1.820,1.817,1.813,1.811,1.807,1.803,1.799,1.795,1.789,1.781,1.772,1.762,1.751,1.737,1.718,1.730,3.000,3.000,3.000,3.000,0.962,0.954,0.937,0.921,0.909,0.900,0.893,0.885,0.879,0.872,0.870,0.869,0.872,0.868,0.870,0.870,0.871,0.873,0.875,0.875,0.878,0.879,0.881,0.882,0.884,0.888,0.893,0.898,0.903,0.911,0.921,0.935,0.946,0.963,0.982,1.009,1.019,3.000,3.000,3.000,1.778,1.769,1.787,1.798,1.807,1.814,1.823,1.828,1.834,1.839,1.843,1.848,1.854,1.859,1.863,1.866,1.869,1.873,1.877,1.879,1.882,1.887,1.890,1.893,1.896,1.899,1.904,1.907,1.910,1.914,1.917,1.920,1.923,1.926,1.930,1.933,1.937,1.941,1.946,1.949,1.952,1.956,1.959,1.963,1.967,1.971,1.976,1.979,1.985,1.989,1.993,1.996,1.999,2.002,2.005,2.009,2.013,2.018,2.022,2.027,2.030,2.034,2.038,2.042,2.047,2.051,2.058,2.062,2.066,2.071,2.078,2.085,2.089,2.094,2.100,2.108,2.113,2.120,2.126,2.131,2.136,2.140,2.146,2.153,2.160,2.167,2.173,2.178,2.183,2.188,2.194,2.199,2.202,2.205,2.205,3.000,3.000,3.000,3.000,3.000,3.000,3.000,3.000,3.000,3.000,3.000,3.000,3.000,3.000,3.000,3.000,3.000,3.000,3.000,3.000,3.000,3.000,3.000,3.000,3.000,3.000,3.000,3.000,3.000,3.000,3.000,3.000,3.000,3.000,3.000,3.000,3.000,3.000,3.000,3.000,3.000,3.000,3.000,3.000,3.000,3.000,3.000,3.000,3.000,3.000,3.000,3.000,3.000,3.000
3.000,3.000,3.000,3.000,3.000,3.000,2.302,2.300,2.297,2.297,2.288,2.277,2.266,2.256,2.250,2.240,2.246,3.000,3.000,3.000,3.000,2.189,2.184,2.183,2.180,2.177,2.173,2.168,2.163,2.159,2.153,2.146,2.137,2.131,2.125,2.121,2.115,2.111,2.105,2.096,2.090,2.084,2.080,2.077,2.075,2.072,2.065,2.060,2.053,2.048,2.044,2.040,2.035,2.031,2.025,2.020,2.015,2.011,2.004,1.997,1.991,1.985,1.981,1.974,1.969,1.965,1.962,1.960,1.957,1.952,1.947,1.943,1.940,1.936,1.933,1.930,1.927,1.924,1.919,1.917,1.914,1.912,1.908,1.905,1.901,1.897,1.895,1.893,1.889,1.886,1.883,1.879,1.876,1.874,1.871,1.870,1.866,1.864,1.860,1.857,1.854,1.851,1.849,1.847,1.844,1.840,1.836,1.831,1.827,1.824,1.821,1.816,1.813,1.810,1.807,1.803,1.799,1.795,1.791,1.785,1.777,1.768,1.757,1.745,1.730,1.710,1.718,3.000,3.000,3.000,3.000,0.954,0.939,0.926,0.908,0.898,0.888,0.882,0.873,0.866,0.859,0.857,0.857,0.861,0.857,0.861,0.861,0.864,0.866,0.869,0.869,0.872,0.873,0.875,0.876,0.879,0.884,0.889,0.894,0.899,0.906,0.915,0.929,0.940,0.955,0.975,1.001,1.009,3.000,3.000,3.000,1.769,1.761,1.781,1.793,1.802,1.810,1.818,1.824,1.830,1.835,1.839,1.844,1.849,1.854,1.858,1.862,1.866,1.870,1.873,1.876,1.879,1.884,1.887,1.890,1.893,1.896,1.901,1.904,1.907,1.912,1.914,1.917,1.920,1.923,1.928,1.931,1.935,1.938,1.943,1.946,1.950,1.953,1.956,1.961,1.964,1.968,1.973,1.976,1.982,1.987,1.990,1.993,1.996,2.000,2.003,2.006,2.011,2.016,2.020,2.025,2.028,2.033,2.036,2.040,2.045,2.049,2.056,2.059,2.064,2.068,2.075,2.081,2.085,2.091,2.096,2.104,2.109,2.115,2.123,2.128,2.133,2.137,2.143,2.149,2.157,2.165,2.170,2.175,2.181,2.186,2.191,2.196,2.199,2.202,2.205,3.000,3.000,3.000,3.000,3.000,3.000,3.000,3.000,3.000,3.000,3.000,3.000,3.000,3.000,3.000,3.000,3.000,3.000,3.000,3.000,3.000,3.000,3.000,3.000,3.000,3.000,3.000,3.000,3.000,3.000,3.000,3.000,3.000,3.000,3.000,3.000,3.000,3.000,3.000,3.000,3.000,3.000,3.000,3.000,3.000,3.000,3.000,3.000,3.000,3.000,3.000,3.000,3.000,3.000
3.000,3.000,3.000,3.000,3.000,3.000,2.310,2.302,2.298,2.297,2.288,2.275,2.262,2.252,2.245,2.237,2.240,3.000,3.000,3.000,3.000,2.184,2.180,2.181,2.177,2.174,2.170,2.165,2.160,2.156,2.149,2.142,2.132,2.127,2.121,2.116,2.110,2.106,2.101,2.094,2.087,2.082,2.077,2.074,2.072,2.069,2.063,2.057,2.051,2.046,2.042,2.038,2.033,2.028,2.023,2.018,2.013,2.009,2.002,1.994,1.987,1.981,1.976,1.970,1.966,1.962,1.959,1.957,1.954,1.950,1.944,1.941,1.937,1.934,1.930,1.928,1.923,1.920,1.915,1.914,1.911,1.909,1.905,1.902,1.898,1.894,1.892,1.889,1.886,1.883,1.879,1.876,1.873,1.870,1.868,1.865,1.859,1.856,1.854,1.853,1.850,1.847,1.845,1.843,1.840,1.836,1.833,1.827,1.823,1.820,1.816,1.813,1.809,1.806,1.803,1.799,1.794,1.790,1.786,1.780,1.771,1.763,1.751,1.738,1.723,1.703,1.710,3.000,3.000,3.000,3.000,0.939,0.924,0.911,0.893,0.883,0.871,0.865,0.882,0.873,0.866,0.859,0.861,0.842,0.843,0.848,0.849,0.854,0.857,0.861,0.861,0.864,0.866,0.868,0.870,0.874,0.879,0.885,0.890,0.896,0.903,0.911,0.926,0.937,0.952,0.972,0.998,1.001,3.000,3.000,3.000,1.761,1.756,1.776,1.789,1.798,1.806,1.814,1.819,1.826,1.832,1.836,1.841,1.846,1.851,1.855,1.858,1.863,1.867,1.871,1.874,1.877,1.881,1.884,1.887,1.890,1.893,1.898,1.901,1.904,1.909,1.911,1.913,1.916,1.921,1.926,1.929,1.933,1.936,1.941,1.944,1.947,1.951,1.954,1.959,1.963,1.967,1.971,1.974,1.980,1.984,1.988,1.992,1.995,1.998,2.002,2.005,2.009,2.014,2.017,2.023,2.026,2.031,2.035,2.039,2.043,2.048,2.054,2.057,2.062,2.066,2.073,2.079,2.083,2.087,2.092,2.100,2.106,2.111,2.118,2.125,2.130,2.134,2.140,2.146,2.155,2.162,2.167,2.173,2.179,2.184,2.188,2.192,2.196,2.199,2.202,3.000,3.000,3.000,3.000,3.000,3.000,3.000,3.000,3.000,3.000,3.000,3.000,3.000,3.000,3.000,3.000,3.000,3.000,3.000,3.000,3.000,3.000,3.000,3.000,3.000,3.000,3.000,3.000,3.000,3.000,3.000,3.000,3.000,3.000,3.000,3.000,3.000,3.000,3.000,3.000,3.000,3.000,3.000,3.000,3.000,3.000,3.000,3.000,3.000,3.000,3.000,3.000,3.000,3.000
3.000,3.000,3.000,3.000,3.000,2.313,2.313,2.310,2.306,2.301,2.292,2.280,2.263,2.253,2.246,2.238,2.238,3.000,3.000,3.000,2.182,2.182,2.179,2.179,2.175,2.171,2.167,2.160,2.154,2.151,2.143,2.134,2.127,2.122,2.116,2.112,2.106,2.102,2.098,2.092,2.086,2.080,2.076,2.073,2.070,2.067,2.060,2.054,2.049,2.045,2.040,2.037,2.031,2.026,2.021,2.016,2.011,2.006,2.000,1.991,1.984,1.978,1.974,1.968,1.964,1.960,1.956,1.954,1.951,1.947,1.942,1.938,1.934,1.931,1.927,1.924,1.919,1.917,1.913,1.911,1.908,1.907,1.903,1.900,1.894,1.892,1.889,1.887,1.883,1.880,1.877,1.873,1.870,1.868,1.865,1.862,1.856,1.853,1.851,1.850,1.847,1.844,1.841,1.839,1.837,1.833,1.829,1.824,1.821,1.817,1.813,1.809,1.805,1.802,1.798,1.794,1.789,1.785,1.780,1.774,1.766,1.756,1.744,1.730,1.714,1.689,1.703,3.000,3.000,3.000,3.000,0.924,0.903,0.889,0.872,0.893,0.883,0.871,0.865,3.000,3.000,3.000,0.842,0.843,0.848,0.849,0.831,0.838,0.844,0.849,0.850,0.854,0.858,0.860,0.863,0.867,0.873,0.879,0.884,0.890,0.897,0.907,0.923,0.934,0.950,0.972,0.999,0.999,3.000,3.000,3.000,1.756,1.753,1.773,1.786,1.795,1.803,1.810,1.816,1.823,1.829,1.833,1.838,1.843,1.848,1.852,1.856,1.860,1.865,1.869,1.872,1.875,1.879,1.882,1.884,1.887,1.890,1.894,1.898,1.901,1.905,1.907,1.910,1.913,1.918,1.924,1.927,1.931,1.934,1.939,1.942,1.945,1.949,1.952,1.958,1.961,1.965,1.969,1.973,1.979,1.983,1.987,1.990,1.994,1.997,2.000,2.004,2.008,2.013,2.016,2.022,2.024,2.029,2.033,2.037,2.042,2.047,2.052,2.056,2.060,2.065,2.072,2.077,2.081,2.085,2.090,2.097,2.103,2.109,2.115,2.121,2.127,2.132,2.138,2.144,2.152,2.159,2.165,2.172,2.178,2.183,2.187,2.191,2.195,2.198,2.199,3.000,3.000,3.000,3.000,3.000,3.000,3.000,3.000,3.000,3.000,3.000,3.000,3.000,3.000,3.000,3.000,3.000,3.000,3.000,3.000,3.000,3.000,3.000,3.000,3.000,3.000,3.000,3.000,3.000,3.000,3.000,3.000,3.000,3.000,3.000,3.000,3.000,3.000,3.000,3.000,3.000,3.000,3.000,3.000,3.000,3.000,3.000,3.000,3.000,3.000,3.000,3.000,3.000,3.000
3.000,3.000,3.000,3.000,3.000,2.313,2.313,2.309,2.305,2.299,2.291,2.276,2.262,2.251,2.244,2.237,2.238,2.228,3.000,2.188,2.188,2.182,2.179,2.177,2.173,2.168,2.162,2.155,2.149,2.145,2.138,2.131,2.124,2.119,2.112,2.108,2.102,2.098,2.094,2.090,2.084,2.078,2.074,2.071,2.067,2.064,2.058,2.052,2.046,2.042,2.037,2.033,2.027,2.022,2.018,2.013,2.008,2.003,1.996,1.986,1.980,1.975,1.971,1.965,1.961,1.957,1.953,1.950,1.947,1.944,1.939,1.935,1.931,1.928,1.923,1.920,1.916,1.914,1.910,1.908,1.906,1.905,1.901,1.898,1.892,1.890,1.886,1.884,1.880,1.878,1.875,1.871,1.868,1.864,1.861,1.858,1.852,1.849,1.847,1.847,1.844,1.841,1.839,1.836,1.833,1.829,1.826,1.821,1.818,1.814,1.809,1.805,1.801,1.798,1.793,1.789,1.784,1.779,1.774,1.768,1.759,1.750,1.737,1.722,1.705,1.675,1.689,3.000,3.000,3.000,3.000,0.903,0.903,0.903,0.889,0.872,3.000,3.000,3.000,3.000,3.000,3.000,3.000,3.000,3.000,0.831,0.838,0.816,0.825,0.832,0.835,0.839,0.845,0.849,0.852,0.857,0.865,0.872,0.877,0.883,0.891,0.901,0.918,0.931,0.948,0.972,0.999,0.999,3.000,3.000,3.000,1.753,1.748,1.769,1.782,1.792,1.800,1.807,1.813,1.820,1.826,1.830,1.835,1.841,1.845,1.850,1.853,1.857,1.862,1.866,1.869,1.873,1.876,1.879,1.882,1.884,1.887,1.891,1.895,1.899,1.902,1.905,1.907,1.911,1.916,1.922,1.925,1.929,1.932,1.936,1.939,1.943,1.947,1.950,1.956,1.959,1.963,1.967,1.971,1.976,1.981,1.984,1.988,1.992,1.995,1.998,2.002,2.006,2.009,2.012,2.018,2.022,2.026,2.030,2.035,2.040,2.044,2.050,2.053,2.057,2.062,2.070,2.075,2.079,2.083,2.088,2.095,2.101,2.107,2.113,2.120,2.125,2.130,2.136,2.142,2.150,2.157,2.164,2.170,2.176,2.181,2.185,2.189,2.193,2.197,2.198,3.000,3.000,3.000,3.000,3.000,3.000,3.000,3.000,3.000,3.000,3.000,3.000,3.000,3.000,3.000,3.000,3.000,3.000,3.000,3.000,3.000,3.000,3.000,3.000,3.000,3.000,3.000,3.000,3.000,3.000,3.000,3.000,3.000,3.000,3.000,3.000,3.000,3.000,3.000,3.000,3.000,3.000,3.000,3.000,3.000,3.000,3.000,3.000,3.000,3.000,3.000,3.000,3.000,3.000
3.000,3.000,3.000,3.000,3.000,2.313,2.306,2.300,2.295,2.290,2.282,2.267,2.258,2.247,2.240,2.233,2.228,2.228,2.218,2.211,2.188,2.187,2.179,2.177,2.172,2.167,2.162,2.154,2.147,2.143,2.135,2.128,2.122,2.116,2.107,2.103,2.097,2.093,2.089,2.086,2.082,2.076,2.071,2.068,2.064,2.061,2.055,2.050,2.043,2.039,2.034,2.030,2.024,2.019,2.015,2.009,2.004,1.999,1.990,1.982,1.977,1.972,1.968,1.963,1.958,1.954,1.950,1.946,1.943,1.940,1.936,1.933,1.929,1.925,1.920,1.917,1.913,1.911,1.908,1.906,1.904,1.904,1.900,1.897,1.892,1.889,1.886,1.883,1.879,1.876,1.873,1.869,1.866,1.863,1.860,1.856,1.851,1.848,1.845,1.845,1.841,1.839,1.836,1.834,1.831,1.827,1.823,1.818,1.814,1.810,1.804,1.802,1.798,1.794,1.789,1.784,1.779,1.774,1.769,1.762,1.754,1.745,1.730,1.713,1.692,1.705,1.675,3.000,3.000,3.000,3.000,3.000,3.000,3.000,3.000,3.000,3.000,3.000,0.527,0.527,0.527,0.516,0.516,0.514,3.000,3.000,0.816,0.825,0.832,0.805,0.813,0.819,0.825,0.832,0.838,0.844,0.853,0.863,0.869,0.875,0.883,0.894,0.910,0.926,0.945,0.971,0.999,0.999,3.000,3.000,3.000,1.748,1.746,1.766,1.778,1.789,1.797,1.804,1.811,1.817,1.823,1.827,1.832,1.837,1.842,1.846,1.850,1.854,1.858,1.863,1.866,1.869,1.873,1.876,1.879,1.882,1.885,1.889,1.893,1.896,1.899,1.902,1.905,1.908,1.912,1.919,1.922,1.926,1.929,1.934,1.937,1.941,1.944,1.948,1.953,1.957,1.961,1.965,1.969,1.974,1.978,1.982,1.986,1.989,1.992,1.996,2.000,2.003,2.006,2.010,2.015,2.019,2.024,2.029,2.033,2.038,2.042,2.047,2.049,2.053,2.059,2.066,2.073,2.077,2.082,2.087,2.094,2.100,2.106,2.112,2.118,2.125,2.129,2.136,2.142,2.149,2.155,2.162,2.168,2.174,2.179,2.183,2.187,2.190,2.194,2.197,3.000,3.000,3.000,3.000,3.000,3.000,3.000,3.000,3.000,3.000,3.000,3.000,3.000,3.000,3.000,3.000,3.000,3.000,3.000,3.000,3.000,3.000,3.000,3.000,3.000,3.000,3.000,3.000,3.000,3.000,3.000,3.000,3.000,3.000,3.000,3.000,3.000,3.000,3.000,3.000,3.000,3.000,3.000,3.000,3.000,3.000,3.000,3.000,3.000,3.000,3.000,3.000,3.000,3.000
3.000,3.000,3.000,3.000,3.000,2.306,2.304,2.298,2.293,2.287,2.278,2.265,2.257,2.248,2.241,2.232,2.227,2.218,2.211,2.203,2.191,2.187,2.179,2.175,2.170,2.166,2.160,2.152,2.145,2.140,2.132,2.127,2.120,2.114,2.104,2.099,2.094,2.090,2.086,2.083,2.078,2.073,2.068,2.065,2.062,2.058,2.052,2.047,2.041,2.036,2.031,2.027,2.021,2.016,2.012,2.007,2.001,1.996,1.987,1.980,1.974,1.969,1.965,1.960,1.956,1.952,1.948,1.943,1.940,1.937,1.933,1.930,1.926,1.923,1.918,1.915,1.911,1.909,1.905,1.903,1.901,1.900,1.897,1.894,1.890,1.888,1.885,1.882,1.877,1.874,1.871,1.867,1.863,1.861,1.858,1.854,1.849,1.846,1.843,1.842,1.838,1.836,1.834,1.832,1.828,1.824,1.820,1.815,1.810,1.805,1.800,1.797,1.793,1.788,1.783,1.778,1.773,1.768,1.762,1.756,1.746,1.735,1.722,1.697,1.673,1.692,3.000,3.000,3.000,3.000,3.000,3.000,3.000,3.000,3.000,0.516,0.516,0.516,0.527,0.527,0.527,0.516,0.514,0.514,0.498,0.498,0.498,3.000,0.805,0.813,0.819,0.825,0.832,0.838,0.844,0.825,0.836,0.849,0.857,0.864,0.874,0.886,0.903,0.921,0.941,0.971,0.971,3.000,3.000,3.000,1.712,1.746,1.740,1.759,1.772,1.784,1.793,1.800,1.807,1.813,1.819,1.823,1.827,1.833,1.838,1.842,1.846,1.850,1.854,1.858,1.863,1.867,1.870,1.874,1.877,1.880,1.883,1.887,1.890,1.893,1.897,1.900,1.903,1.905,1.909,1.914,1.919,1.923,1.926,1.931,1.934,1.938,1.942,1.945,1.951,1.955,1.959,1.963,1.967,1.971,1.975,1.979,1.983,1.986,1.989,1.993,1.997,2.001,2.004,2.007,2.012,2.017,2.022,2.027,2.032,2.036,2.039,2.044,2.047,2.051,2.057,2.065,2.070,2.075,2.080,2.086,2.092,2.098,2.104,2.111,2.116,2.122,2.127,2.134,2.140,2.147,2.153,2.159,2.166,2.172,2.177,2.182,2.185,2.188,2.193,2.194,2.193,3.000,3.000,3.000,3.000,3.000,3.000,3.000,3.000,3.000,3.000,3.000,3.000,3.000,3.000,3.000,3.000,3.000,3.000,3.000,3.000,3.000,3.000,3.000,3.000,3.000,3.000,3.000,3.000,3.000,3.000,3.000,3.000,3.000,3.000,3.000,3.000,3.000,3.000,3.000,3.000,3.000,3.000,3.000,3.000,3.000,3.000,3.000,3.000,3.000,3.000,3.000,3.000,3.000
3.000,3.000,3.000,3.000,3.000,2.304,2.301,2.299,2.294,2.288,2.273,2.263,2.257,2.248,2.241,2.233,2.228,2.219,2.211,2.203,2.193,2.187,2.179,2.174,2.168,2.163,2.157,2.150,2.142,2.137,2.130,2.124,2.117,2.109,2.101,2.097,2.091,2.087,2.083,2.079,2.074,2.068,2.063,2.061,2.057,2.053,2.049,2.044,2.038,2.034,2.029,2.024,2.018,2.013,2.009,2.003,1.997,1.990,1.983,1.976,1.971,1.966,1.962,1.958,1.954,1.949,1.946,1.940,1.937,1.934,1.930,1.928,1.924,1.920,1.916,1.913,1.910,1.908,1.904,1.901,1.898,1.898,1.894,1.891,1.888,1.886,1.883,1.880,1.875,1.872,1.869,1.864,1.861,1.859,1.856,1.852,1.848,1.844,1.841,1.840,1.836,1.834,1.832,1.829,1.826,1.822,1.817,1.813,1.808,1.802,1.797,1.793,1.789,1.785,1.779,1.773,1.768,1.762,1.757,1.749,1.738,1.726,1.711,1.681,1.697,1.673,3.000,3.000,3.000,0.517,0.517,0.517,0.509,0.503,0.499,0.516,0.516,0.512,0.506,0.501,0.495,0.492,0.489,0.484,0.493,0.498,0.498,0.498,0.503,0.503,0.503,3.000,3.000,3.000,0.825,0.836,0.849,0.857,0.837,0.847,0.859,0.873,0.894,0.914,0.936,0.971,0.971,3.000,3.000,3.000,1.712,1.712,1.736,1.754,1.767,1.778,1.787,1.796,1.802,1.809,1.815,1.820,1.824,1.830,1.835,1.839,1.842,1.846,1.851,1.855,1.859,1.864,1.867,1.871,1.874,1.877,1.881,1.884,1.889,1.892,1.896,1.899,1.901,1.904,1.908,1.913,1.918,1.921,1.925,1.929,1.932,1.936,1.940,1.944,1.949,1.953,1.957,1.961,1.964,1.968,1.972,1.976,1.979,1.984,1.988,1.992,1.996,2.000,2.004,2.007,2.011,2.016,2.021,2.026,2.030,2.035,2.038,2.042,2.046,2.051,2.057,2.064,2.069,2.073,2.079,2.085,2.090,2.096,2.102,2.108,2.114,2.120,2.125,2.132,2.138,2.145,2.151,2.157,2.163,2.170,2.175,2.180,2.183,2.186,2.189,2.193,2.197,2.197,2.194,2.198,2.217,2.224,2.231,2.237,2.237,2.237,3.000,3.000,3.000,3.000,3.000,3.000,3.000,3.000,3.000,3.000,3.000,3.000,3.000,3.000,3.000,3.000,3.000,3.000,3.000,3.000,3.000,3.000,3.000,3.000,3.000,3.000,3.000,3.000,3.000,3.000,3.000,3.000,3.000,3.000,3.000,3.000,3.000,3.000,3.000,3.000,3.000,3.000,3.000,3.000
3.000,3.000,3.000,3.000,3.000,2.301,2.299,2.297,2.292,2.281,2.269,2.260,2.256,2.247,2.240,2.232,2.227,2.219,2.211,2.203,2.193,2.187,2.179,2.173,2.167,2.161,2.155,2.148,2.140,2.135,2.128,2.123,2.115,2.107,2.099,2.095,2.089,2.086,2.082,2.078,2.072,2.066,2.062,2.059,2.055,2.051,2.046,2.042,2.036,2.032,2.027,2.021,2.015,2.011,2.006,1.999,1.994,1.988,1.981,1.974,1.968,1.963,1.960,1.956,1.952,1.946,1.942,1.938,1.934,1.931,1.928,1.925,1.921,1.918,1.914,1.911,1.907,1.905,1.900,1.897,1.895,1.894,1.892,1.889,1.886,1.884,1.881,1.878,1.872,1.869,1.866,1.862,1.859,1.856,1.854,1.851,1.846,1.842,1.839,1.837,1.832,1.831,1.829,1.827,1.823,1.819,1.815,1.811,1.806,1.800,1.795,1.791,1.787,1.782,1.776,1.770,1.764,1.757,1.750,1.742,1.731,1.715,1.696,1.665,1.681,3.000,3.000,3.000,0.517,0.517,0.517,0.509,0.503,0.499,0.495,0.497,0.497,0.494,0.489,0.487,0.482,0.479,0.477,0.473,0.478,0.481,0.490,0.495,0.498,0.503,0.504,0.504,0.504,3.000,3.000,3.000,3.000,0.837,0.847,0.859,0.873,0.894,0.914,0.902,0.936,0.936,3.000,3.000,3.000,3.000,1.712,1.710,1.732,1.748,1.762,1.773,1.782,1.790,1.798,1.805,1.810,1.816,1.820,1.826,1.831,1.835,1.839,1.842,1.847,1.852,1.856,1.861,1.864,1.868,1.872,1.875,1.879,1.882,1.887,1.890,1.894,1.897,1.900,1.902,1.906,1.911,1.915,1.919,1.922,1.927,1.931,1.934,1.938,1.943,1.947,1.951,1.955,1.959,1.963,1.967,1.970,1.974,1.978,1.983,1.987,1.991,1.995,1.999,2.003,2.006,2.010,2.015,2.020,2.025,2.028,2.033,2.037,2.041,2.044,2.049,2.056,2.062,2.067,2.071,2.076,2.083,2.088,2.094,2.099,2.105,2.112,2.118,2.124,2.130,2.136,2.143,2.150,2.155,2.162,2.168,2.174,2.180,2.183,2.186,2.190,2.193,2.197,2.194,2.190,2.192,2.198,2.217,2.224,2.231,2.237,2.306,2.318,2.332,2.332,2.332,3.000,3.000,3.000,3.000,3.000,3.000,3.000,3.000,3.000,3.000,3.000,3.000,3.000,3.000,3.000,3.000,3.000,3.000,3.000,3.000,3.000,3.000,3.000,3.000,3.000,3.000,3.000,3.000,3.000,3.000,3.000,3.000,3.000,3.000,3.000,3.000,3.000,3.000,3.000,3.000
3.000,3.000,3.000,3.000,3.000,2.299,2.297,2.295,2.287,2.279,2.272,2.261,2.257,2.248,2.241,2.234,2.228,2.220,2.210,2.203,2.194,2.187,2.179,2.173,2.165,2.159,2.153,2.146,2.139,2.134,2.126,2.120,2.112,2.105,2.097,2.093,2.088,2.084,2.080,2.077,2.071,2.065,2.061,2.057,2.053,2.049,2.044,2.041,2.034,2.030,2.025,2.020,2.014,2.008,2.002,1.996,1.991,1.985,1.979,1.971,1.966,1.962,1.958,1.954,1.950,1.944,1.941,1.936,1.932,1.928,1.925,1.923,1.919,1.916,1.912,1.909,1.905,1.902,1.898,1.896,1.893,1.893,1.891,1.889,1.885,1.883,1.880,1.875,1.870,1.867,1.863,1.860,1.857,1.855,1.852,1.849,1.845,1.840,1.837,1.835,1.829,1.827,1.826,1.824,1.820,1.817,1.813,1.809,1.804,1.799,1.794,1.789,1.785,1.780,1.773,1.767,1.760,1.752,1.745,1.735,1.722,1.705,1.684,1.696,1.665,3.000,3.000,0.521,0.521,0.517,0.504,0.497,0.491,0.487,0.485,0.486,0.485,0.483,0.480,0.477,0.473,0.471,0.469,0.466,0.470,0.471,0.478,0.481,0.480,0.483,0.497,0.504,0.504,0.494,3.000,3.000,3.000,3.000,3.000,3.000,3.000,3.000,0.902,0.902,0.902,3.000,3.000,3.000,3.000,3.000,1.711,1.711,1.730,1.745,1.759,1.770,1.778,1.786,1.795,1.802,1.808,1.813,1.817,1.823,1.828,1.832,1.835,1.839,1.844,1.849,1.853,1.857,1.861,1.866,1.869,1.872,1.877,1.880,1.884,1.888,1.891,1.894,1.897,1.900,1.904,1.909,1.913,1.917,1.920,1.924,1.929,1.932,1.937,1.941,1.945,1.949,1.953,1.957,1.961,1.965,1.969,1.973,1.978,1.982,1.987,1.990,1.994,1.998,2.002,2.005,2.009,2.014,2.019,2.023,2.027,2.032,2.035,2.039,2.042,2.047,2.053,2.060,2.064,2.069,2.074,2.081,2.087,2.092,2.097,2.103,2.110,2.117,2.122,2.129,2.135,2.142,2.149,2.155,2.161,2.168,2.174,2.180,2.185,2.188,2.193,2.200,2.207,2.210,2.215,2.220,2.229,2.241,2.249,2.259,2.273,2.283,2.306,2.318,2.332,2.352,2.361,2.368,2.379,2.391,2.404,2.415,2.422,2.429,2.429,2.429,3.000,3.000,3.000,3.000,3.000,3.000,3.000,3.000,3.000,3.000,2.626,2.639,2.639,2.639,3.000,3.000,3.000,3.000,3.000,3.000,3.000,3.000,3.000,3.000,3.000,3.000,3.000,3.000,3.000,3.000
3.000,3.000,3.000,3.000,3.000,2.297,2.296,2.296,2.296,2.287,2.279,2.272,2.261,2.254,2.244,2.237,2.228,2.219,2.208,2.201,2.192,2.186,2.177,2.171,2.163,2.156,2.149,2.143,2.135,2.130,2.123,2.117,2.109,2.100,2.094,2.090,2.086,2.082,2.079,2.075,2.070,2.064,2.060,2.056,2.051,2.047,2.042,2.039,2.033,2.029,2.023,2.018,2.012,2.006,2.000,1.994,1.988,1.983,1.977,1.969,1.964,1.960,1.956,1.952,1.947,1.942,1.939,1.934,1.930,1.927,1.924,1.921,1.918,1.914,1.910,1.906,1.903,1.900,1.897,1.894,1.890,1.892,1.890,1.887,1.882,1.881,1.877,1.874,1.868,1.865,1.861,1.857,1.855,1.852,1.850,1.847,1.842,1.838,1.835,1.832,1.827,1.825,1.823,1.821,1.818,1.814,1.810,1.806,1.802,1.797,1.792,1.787,1.782,1.777,1.770,1.763,1.756,1.747,1.739,1.728,1.711,1.692,1.705,1.684,3.000,3.000,3.000,0.521,0.521,0.507,0.496,0.490,0.484,0.481,0.478,0.479,0.478,0.476,0.473,0.471,0.467,0.466,0.464,0.461,0.464,0.465,0.469,0.471,0.470,0.471,0.480,0.484,0.494,0.494,0.496,0.496,0.496,0.500,0.510,0.510,0.510,3.000,3.000,3.000,3.000,3.000,3.000,3.000,3.000,3.000,1.711,1.708,1.727,1.741,1.754,1.765,1.774,1.782,1.791,1.799,1.804,1.810,1.814,1.820,1.824,1.828,1.832,1.836,1.841,1.846,1.850,1.855,1.859,1.864,1.868,1.871,1.875,1.878,1.882,1.886,1.889,1.893,1.895,1.898,1.902,1.907,1.911,1.915,1.918,1.922,1.927,1.931,1.935,1.939,1.943,1.947,1.951,1.955,1.959,1.963,1.968,1.972,1.976,1.980,1.984,1.988,1.992,1.996,2.000,2.003,2.007,2.012,2.017,2.021,2.026,2.030,2.034,2.037,2.040,2.044,2.050,2.057,2.061,2.065,2.071,2.079,2.084,2.089,2.094,2.101,2.108,2.115,2.121,2.127,2.134,2.141,2.147,2.153,2.160,2.166,2.173,2.179,2.185,2.189,2.194,2.203,2.210,2.216,2.221,2.227,2.238,2.248,2.256,2.268,2.281,2.292,2.308,2.319,2.332,2.343,2.352,2.361,2.368,2.379,2.391,2.404,2.415,2.422,2.429,2.442,2.442,2.442,3.000,3.000,3.000,3.000,3.000,3.000,3.000,2.613,2.626,2.626,2.639,2.639,2.636,2.636,3.000,3.000,3.000,3.000,3.000,3.000,3.000,3.000,3.000,3.000,3.000,3.000,3.000,3.000
3.000,3.000,3.000,3.000,2.300,2.300,2.296,2.296,2.296,3.000,3.000,3.000,2.254,2.254,2.237,2.230,2.221,2.213,2.202,2.196,2.189,2.182,2.174,2.166,2.158,2.152,2.145,2.139,2.132,2.127,2.121,2.115,2.105,2.096,2.090,2.087,2.083,2.080,2.077,2.074,2.069,2.063,2.058,2.055,2.050,2.046,2.040,2.037,2.030,2.027,2.020,2.015,2.009,2.003,1.998,1.991,1.985,1.980,1.974,1.968,1.963,1.958,1.955,1.949,1.945,1.941,1.937,1.932,1.928,1.925,1.922,1.919,1.916,1.913,1.909,1.905,1.901,1.898,1.895,1.891,1.888,1.890,1.888,1.885,1.881,1.879,1.876,1.873,1.867,1.863,1.859,1.856,1.852,1.850,1.848,1.844,1.840,1.837,1.834,1.831,1.825,1.823,1.822,1.819,1.816,1.812,1.808,1.804,1.800,1.794,1.790,1.785,1.780,1.774,1.767,1.760,1.753,1.742,1.733,1.720,1.699,1.681,1.692,3.000,3.000,3.000,3.000,0.521,0.510,0.500,0.491,0.485,0.480,0.476,0.473,0.474,0.473,0.471,0.469,0.466,0.464,0.462,0.460,0.458,0.460,0.460,0.463,0.464,0.463,0.464,0.470,0.473,0.479,0.485,0.494,0.496,0.495,0.495,0.500,0.510,0.510,0.497,3.000,3.000,3.000,3.000,3.000,3.000,3.000,3.000,1.708,1.705,1.723,1.737,1.750,1.760,1.769,1.779,1.787,1.795,1.801,1.807,1.811,1.816,1.820,1.825,1.829,1.833,1.838,1.843,1.848,1.852,1.856,1.862,1.866,1.869,1.872,1.875,1.879,1.883,1.887,1.890,1.893,1.896,1.900,1.905,1.909,1.913,1.916,1.921,1.925,1.929,1.933,1.937,1.941,1.945,1.949,1.952,1.956,1.960,1.965,1.969,1.974,1.978,1.982,1.986,1.990,1.994,1.998,2.002,2.006,2.011,2.016,2.020,2.024,2.029,2.032,2.035,2.038,2.042,2.047,2.053,2.057,2.062,2.067,2.075,2.081,2.086,2.092,2.099,2.105,2.112,2.119,2.125,2.132,2.139,2.145,2.151,2.158,2.164,2.172,2.179,2.185,2.190,2.195,2.203,2.212,2.218,2.225,2.233,2.241,2.251,2.260,2.272,2.284,2.295,2.309,2.318,2.329,2.341,2.349,2.360,2.368,2.378,2.389,2.399,2.412,2.420,2.427,2.434,2.442,2.442,3.000,3.000,3.000,3.000,3.000,3.000,3.000,2.613,2.613,2.622,2.633,2.635,2.636,2.644,3.000,3.000,3.000,3.000,3.000,3.000,3.000,3.000,3.000,3.000,2.672,2.672,2.672,2.672
3.000,3.000,3.000,3.000,2.300,2.300,2.295,2.296,3.000,3.000,3.000,3.000,3.000,2.237,2.233,2.227,2.218,2.211,2.200,2.194,2.186,2.180,2.171,2.164,2.155,2.150,2.143,2.136,2.129,2.124,2.117,2.111,2.104,2.094,2.087,2.083,2.079,2.077,2.074,2.071,2.066,2.060,2.055,2.052,2.047,2.043,2.037,2.034,2.028,2.024,2.018,2.012,2.007,2.001,1.995,1.988,1.982,1.977,1.972,1.966,1.961,1.957,1.953,1.948,1.944,1.939,1.935,1.931,1.927,1.923,1.920,1.918,1.915,1.911,1.907,1.903,1.900,1.896,1.893,1.888,1.886,1.886,1.885,1.882,1.878,1.877,1.874,1.871,1.865,1.861,1.857,1.852,1.849,1.848,1.845,1.842,1.837,1.834,1.832,1.829,1.823,1.821,1.819,1.817,1.813,1.809,1.805,1.801,1.797,1.792,1.787,1.782,1.777,1.771,1.764,1.756,1.749,1.737,1.728,1.714,1.691,1.669,1.681,3.000,3.000,3.000,0.513,0.513,0.504,0.495,0.487,0.481,0.476,0.472,0.470,0.470,0.470,0.468,0.465,0.463,0.461,0.459,0.458,0.456,0.457,0.457,0.459,0.460,0.459,0.459,0.463,0.466,0.469,0.473,0.479,0.480,0.480,0.480,0.483,0.490,0.497,0.497,0.488,3.000,3.000,3.000,3.000,3.000,3.000,3.000,1.705,1.698,1.716,1.730,1.744,1.755,1.764,1.774,1.783,1.791,1.797,1.803,1.807,1.812,1.817,1.821,1.825,1.830,1.835,1.841,1.845,1.849,1.854,1.859,1.863,1.866,1.869,1.873,1.876,1.880,1.884,1.887,1.890,1.893,1.897,1.902,1.907,1.911,1.914,1.919,1.923,1.926,1.930,1.934,1.938,1.942,1.946,1.950,1.954,1.958,1.961,1.966,1.971,1.976,1.980,1.984,1.988,1.991,1.996,2.000,2.004,2.009,2.014,2.018,2.023,2.027,2.030,2.033,2.036,2.040,2.046,2.051,2.055,2.060,2.064,2.071,2.078,2.084,2.089,2.096,2.104,2.111,2.117,2.123,2.130,2.137,2.143,2.149,2.155,2.162,2.169,2.177,2.184,2.189,2.195,2.203,2.211,2.218,2.227,2.234,2.243,2.253,2.264,2.275,2.286,2.296,2.307,2.317,2.328,2.339,2.347,2.358,2.366,2.375,2.385,2.396,2.407,2.418,2.426,2.434,2.442,2.442,2.442,3.000,3.000,3.000,3.000,3.000,3.000,2.613,2.634,2.628,2.638,2.641,2.644,2.658,2.663,2.670,2.670,2.670,3.000,3.000,3.000,3.000,3.000,3.000,2.672,2.672,2.672,2.672
3.000,3.000,3.000,3.000,2.305,2.300,2.295,2.300,3.000,3.000,3.000,3.000,2.233,2.233,2.230,2.223,2.216,2.210,2.200,2.194,2.186,2.181,2.171,2.163,2.155,2.149,2.142,2.135,2.128,2.122,2.116,2.110,2.103,2.094,2.086,2.082,2.078,2.075,2.072,2.069,2.063,2.057,2.053,2.049,2.045,2.041,2.034,2.031,2.026,2.023,2.016,2.011,2.006,1.999,1.992,1.986,1.980,1.976,1.971,1.965,1.960,1.956,1.952,1.947,1.942,1.938,1.934,1.930,1.924,1.921,1.919,1.917,1.913,1.911,1.906,1.902,1.898,1.894,1.891,1.886,1.884,1.885,1.883,1.881,1.877,1.875,1.872,1.869,1.863,1.859,1.854,1.850,1.847,1.846,1.844,1.841,1.836,1.833,1.830,1.827,1.822,1.819,1.817,1.815,1.811,1.807,1.803,1.799,1.794,1.789,1.783,1.779,1.774,1.768,1.760,1.753,1.743,1.733,1.722,1.707,1.681,1.691,1.669,3.000,3.000,3.000,0.513,0.513,0.499,0.490,0.483,0.478,0.473,0.469,0.466,0.466,0.466,0.464,0.462,0.460,0.458,0.456,0.455,0.454,0.454,0.454,0.456,0.456,0.455,0.455,0.458,0.460,0.463,0.466,0.469,0.469,0.469,0.469,0.471,0.475,0.480,0.488,0.490,0.490,3.000,3.000,3.000,3.000,3.000,3.000,1.698,1.690,1.709,1.723,1.738,1.749,1.759,1.768,1.778,1.786,1.792,1.798,1.803,1.809,1.813,1.817,1.821,1.826,1.832,1.838,1.843,1.847,1.851,1.855,1.860,1.862,1.866,1.870,1.873,1.877,1.881,1.884,1.887,1.890,1.894,1.899,1.903,1.908,1.912,1.916,1.920,1.924,1.927,1.931,1.936,1.940,1.944,1.947,1.951,1.955,1.958,1.963,1.968,1.973,1.978,1.982,1.986,1.989,1.994,1.998,2.002,2.006,2.012,2.016,2.020,2.026,2.029,2.032,2.035,2.040,2.043,2.049,2.053,2.057,2.062,2.068,2.076,2.081,2.087,2.095,2.103,2.110,2.116,2.122,2.129,2.136,2.142,2.147,2.154,2.161,2.168,2.175,2.183,2.188,2.194,2.202,2.211,2.219,2.227,2.235,2.244,2.255,2.266,2.275,2.286,2.295,2.306,2.316,2.328,2.338,2.345,2.355,2.362,2.373,2.383,2.393,2.406,2.415,2.423,2.431,2.440,2.442,2.442,2.441,3.000,3.000,3.000,3.000,3.000,3.000,2.640,2.634,2.641,2.645,2.648,2.652,2.658,2.663,2.670,2.670,3.000,3.000,3.000,3.000,3.000,3.000,2.672,2.668,2.668,2.669
3.000,3.000,3.000,3.000,2.315,2.305,2.300,2.307,3.000,3.000,3.000,3.000,2.233,2.233,2.227,2.221,2.213,2.208,2.200,2.194,2.187,2.181,2.171,2.163,2.155,2.149,2.142,2.135,2.127,2.122,2.116,2.110,2.103,2.095,2.086,2.081,2.077,2.074,2.070,2.067,2.062,2.055,2.051,2.048,2.044,2.039,2.033,2.030,2.025,2.021,2.015,2.010,2.004,1.997,1.990,1.984,1.979,1.974,1.970,1.964,1.959,1.955,1.950,1.945,1.940,1.936,1.933,1.929,1.923,1.920,1.917,1.915,1.912,1.910,1.906,1.902,1.897,1.894,1.890,1.886,1.884,1.884,1.883,1.880,1.877,1.875,1.871,1.868,1.863,1.858,1.853,1.849,1.846,1.845,1.843,1.840,1.835,1.831,1.829,1.825,1.821,1.818,1.815,1.813,1.809,1.805,1.801,1.797,1.792,1.786,1.780,1.776,1.770,1.764,1.755,1.748,1.738,1.728,1.716,1.700,1.667,1.681,3.000,3.000,3.000,0.527,0.527,0.507,0.495,0.487,0.481,0.476,0.471,0.467,0.464,0.464,0.463,0.462,0.459,0.457,0.455,0.454,0.453,0.452,0.452,0.452,0.453,0.454,0.453,0.453,0.456,0.457,0.459,0.461,0.463,0.463,0.463,0.463,0.464,0.466,0.469,0.474,0.490,0.490,3.000,3.000,3.000,3.000,3.000,3.000,1.690,1.680,1.702,1.717,1.732,1.744,1.753,1.763,1.773,1.782,1.789,1.795,1.800,1.805,1.809,1.814,1.818,1.823,1.828,1.835,1.840,1.844,1.848,1.853,1.856,1.859,1.863,1.867,1.870,1.874,1.877,1.881,1.884,1.887,1.891,1.896,1.901,1.905,1.909,1.913,1.917,1.920,1.924,1.928,1.933,1.937,1.941,1.945,1.949,1.952,1.956,1.960,1.964,1.970,1.975,1.979,1.983,1.987,1.992,1.996,2.000,2.005,2.010,2.014,2.019,2.024,2.028,2.031,2.034,2.039,2.042,2.048,2.052,2.057,2.061,2.067,2.074,2.079,2.085,2.093,2.101,2.108,2.114,2.120,2.128,2.134,2.140,2.146,2.153,2.160,2.167,2.174,2.181,2.187,2.193,2.201,2.209,2.217,2.226,2.234,2.243,2.254,2.264,2.274,2.285,2.293,2.304,2.313,2.325,2.335,2.342,2.352,2.359,2.368,2.377,2.390,2.403,2.412,2.419,2.427,2.437,2.439,2.441,2.441,3.000,3.000,3.000,3.000,3.000,3.000,2.643,2.640,2.646,2.648,2.650,2.653,2.658,2.663,2.669,2.670,3.000,3.000,3.000,3.000,3.000,3.000,2.668,2.656,2.662,2.662
3.000,3.000,3.000,3.000,2.315,2.315,2.307,2.307,3.000,3.000,3.000,2.227,2.233,2.228,2.221,2.216,2.208,2.205,2.196,2.192,2.185,2.180,2.171,2.163,2.155,2.148,2.141,2.134,2.127,2.121,2.116,2.110,2.103,2.096,2.087,2.082,2.077,2.074,2.069,2.066,2.062,2.057,2.052,2.048,2.044,2.040,2.033,2.030,2.025,2.022,2.015,2.009,2.003,1.997,1.990,1.983,1.976,1.972,1.968,1.963,1.958,1.953,1.949,1.943,1.939,1.935,1.931,1.928,1.922,1.919,1.916,1.914,1.911,1.908,1.905,1.902,1.898,1.894,1.891,1.887,1.885,1.885,1.884,1.881,1.878,1.875,1.872,1.869,1.863,1.858,1.854,1.850,1.846,1.845,1.843,1.839,1.834,1.829,1.827,1.823,1.819,1.816,1.814,1.811,1.807,1.803,1.799,1.795,1.790,1.785,1.779,1.775,1.768,1.762,1.751,1.743,1.734,1.723,1.710,1.687,1.700,1.667,3.000,3.000,3.000,0.527,0.527,0.502,0.492,0.484,0.478,0.474,0.469,0.465,0.462,0.462,0.461,0.459,0.458,0.455,0.454,0.453,0.452,0.451,0.451,0.451,0.452,0.452,0.452,0.452,0.454,0.455,0.457,0.458,0.459,0.459,0.459,0.458,0.458,0.460,0.461,0.464,0.476,0.490,0.477,3.000,3.000,3.000,3.000,3.000,1.680,1.671,1.693,1.710,1.726,1.738,1.748,1.758,1.767,1.778,1.784,1.791,1.796,1.802,1.806,1.811,1.815,1.820,1.825,1.831,1.837,1.841,1.846,1.851,1.854,1.857,1.861,1.865,1.869,1.872,1.876,1.879,1.883,1.886,1.890,1.894,1.898,1.902,1.907,1.911,1.915,1.918,1.921,1.925,1.930,1.935,1.939,1.942,1.946,1.950,1.954,1.957,1.961,1.967,1.973,1.977,1.981,1.985,1.990,1.995,1.999,2.004,2.009,2.013,2.018,2.023,2.027,2.032,2.035,2.039,2.042,2.048,2.052,2.057,2.061,2.067,2.073,2.078,2.083,2.091,2.100,2.107,2.113,2.118,2.125,2.133,2.139,2.144,2.152,2.159,2.166,2.173,2.180,2.185,2.191,2.199,2.208,2.216,2.223,2.232,2.241,2.252,2.263,2.273,2.283,2.291,2.301,2.312,2.323,2.332,2.339,2.348,2.356,2.365,2.374,2.387,2.398,2.409,2.417,2.424,2.435,2.438,2.441,2.441,2.434,3.000,3.000,3.000,3.000,3.000,2.644,2.643,2.648,2.650,2.651,2.653,2.658,2.662,2.665,2.670,2.670,3.000,3.000,3.000,3.000,3.000,2.661,2.661,2.663,2.663
3.000,3.000,3.000,3.000,2.315,2.312,2.306,2.307,3.000,3.000,3.000,2.227,2.227,2.224,2.218,2.213,2.206,2.201,2.195,2.191,2.185,2.180,2.171,2.163,2.155,2.148,2.141,2.134,2.127,2.121,2.116,2.109,2.103,2.095,2.087,2.082,2.077,2.074,2.069,2.066,2.061,2.057,2.052,2.049,2.044,2.039,2.032,2.029,2.024,2.021,2.015,2.009,2.003,1.997,1.990,1.982,1.975,1.971,1.966,1.962,1.957,1.952,1.947,1.942,1.938,1.933,1.930,1.926,1.921,1.918,1.915,1.913,1.910,1.907,1.905,1.901,1.897,1.894,1.891,1.888,1.886,1.885,1.884,1.881,1.876,1.874,1.870,1.867,1.862,1.857,1.852,1.849,1.845,1.843,1.840,1.837,1.831,1.827,1.825,1.820,1.817,1.814,1.812,1.809,1.805,1.801,1.797,1.792,1.787,1.782,1.776,1.772,1.763,1.756,1.747,1.738,1.729,1.718,1.702,1.674,1.687,3.000,3.000,3.000,3.000,0.527,0.514,0.497,0.487,0.481,0.475,0.471,0.466,0.462,0.461,0.460,0.459,0.458,0.456,0.454,0.453,0.452,0.451,0.450,0.450,0.450,0.451,0.451,0.451,0.451,0.453,0.454,0.455,0.456,0.456,0.456,0.455,0.455,0.455,0.456,0.457,0.459,0.467,0.477,0.477,3.000,3.000,3.000,3.000,3.000,1.671,1.693,1.680,1.699,1.717,1.731,1.741,1.751,1.762,1.772,1.779,1.787,1.793,1.798,1.803,1.807,1.812,1.817,1.823,1.828,1.834,1.838,1.843,1.848,1.852,1.855,1.858,1.862,1.867,1.870,1.873,1.876,1.880,1.884,1.888,1.892,1.896,1.900,1.904,1.908,1.912,1.916,1.919,1.923,1.928,1.933,1.937,1.941,1.945,1.949,1.953,1.956,1.960,1.965,1.971,1.975,1.980,1.985,1.989,1.994,1.998,2.004,2.008,2.013,2.017,2.022,2.026,2.030,2.033,2.038,2.041,2.047,2.051,2.055,2.059,2.065,2.070,2.076,2.081,2.089,2.098,2.105,2.111,2.117,2.123,2.130,2.136,2.142,2.151,2.158,2.165,2.172,2.178,2.184,2.190,2.198,2.207,2.214,2.221,2.229,2.239,2.251,2.260,2.271,2.282,2.290,2.300,2.311,2.321,2.330,2.337,2.347,2.355,2.365,2.374,2.386,2.397,2.408,2.416,2.423,2.433,2.436,2.440,2.434,2.439,3.000,3.000,3.000,3.000,3.000,2.644,2.644,2.648,2.650,2.651,2.653,2.658,2.664,2.665,2.670,2.674,3.000,3.000,3.000,3.000,3.000,2.661,2.658,2.660,2.660
3.000,3.000,3.000,3.000,2.312,2.306,2.299,2.306,3.000,3.000,2.234,2.234,2.224,2.222,2.217,2.211,2.205,2.201,2.195,2.191,2.185,2.180,2.171,2.162,2.155,2.148,2.141,2.134,2.127,2.121,2.115,2.108,2.101,2.093,2.087,2.082,2.078,2.074,2.069,2.066,2.061,2.057,2.051,2.048,2.042,2.036,2.031,2.027,2.023,2.019,2.014,2.008,2.002,1.995,1.987,1.980,1.974,1.969,1.965,1.961,1.956,1.951,1.947,1.941,1.937,1.933,1.928,1.924,1.919,1.916,1.914,1.912,1.908,1.906,1.903,1.899,1.896,1.893,1.889,1.885,1.883,1.883,1.880,1.877,1.873,1.870,1.867,1.864,1.859,1.854,1.850,1.846,1.842,1.840,1.838,1.834,1.828,1.824,1.822,1.818,1.815,1.812,1.810,1.806,1.803,1.799,1.794,1.788,1.783,1.778,1.773,1.768,1.758,1.752,1.743,1.734,1.725,1.713,1.694,1.702,1.674,3.000,3.000,3.000,0.517,0.517,0.506,0.492,0.483,0.478,0.472,0.468,0.463,0.461,0.459,0.458,0.457,0.456,0.454,0.453,0.452,0.451,0.451,0.450,0.450,0.449,0.450,0.450,0.450,0.450,0.451,0.452,0.454,0.454,0.454,0.453,0.453,0.453,0.453,0.453,0.454,0.455,0.462,0.470,0.483,0.483,3.000,3.000,3.000,3.000,3.000,1.680,1.662,1.687,1.703,1.722,1.734,1.744,1.755,1.766,1.774,1.781,1.788,1.794,1.798,1.803,1.808,1.814,1.820,1.825,1.831,1.835,1.841,1.846,1.850,1.853,1.857,1.861,1.865,1.868,1.871,1.874,1.878,1.881,1.886,1.891,1.895,1.899,1.902,1.906,1.911,1.915,1.918,1.922,1.927,1.931,1.936,1.940,1.944,1.948,1.952,1.955,1.959,1.965,1.970,1.975,1.979,1.984,1.989,1.993,1.997,2.002,2.006,2.011,2.016,2.021,2.024,2.028,2.032,2.036,2.040,2.045,2.049,2.052,2.055,2.061,2.066,2.073,2.078,2.087,2.096,2.103,2.109,2.114,2.121,2.128,2.134,2.140,2.147,2.157,2.164,2.171,2.178,2.184,2.190,2.199,2.207,2.214,2.221,2.230,2.240,2.251,2.261,2.272,2.282,2.290,2.300,2.310,2.321,2.329,2.337,2.346,2.355,2.365,2.375,2.387,2.397,2.407,2.415,2.422,2.430,2.434,2.440,2.439,2.439,3.000,3.000,3.000,3.000,3.000,2.644,2.644,2.647,2.649,2.651,2.654,2.660,2.668,2.669,2.674,2.674,3.000,3.000,3.000,3.000,3.000,2.658,2.654,2.658,2.658
3.000,3.000,3.000,3.000,2.306,2.296,2.287,2.299,2.274,2.250,2.246,2.234,2.226,2.223,2.217,2.211,2.205,2.201,2.195,2.191,2.185,2.179,2.169,2.161,2.153,2.147,2.140,2.133,2.125,2.119,2.114,2.106,2.098,2.092,2.086,2.082,2.077,2.074,2.069,2.066,2.061,2.056,2.051,2.047,2.041,2.035,2.030,2.026,2.021,2.017,2.012,2.006,2.000,1.993,1.985,1.978,1.973,1.968,1.964,1.959,1.955,1.951,1.946,1.941,1.936,1.932,1.927,1.924,1.919,1.916,1.913,1.911,1.907,1.903,1.901,1.898,1.895,1.892,1.887,1.884,1.881,1.880,1.876,1.874,1.871,1.868,1.865,1.861,1.857,1.852,1.848,1.844,1.841,1.839,1.836,1.832,1.827,1.822,1.820,1.815,1.813,1.810,1.808,1.804,1.801,1.796,1.792,1.785,1.779,1.774,1.768,1.763,1.755,1.748,1.740,1.731,1.722,1.708,1.688,1.694,3.000,3.000,3.000,3.000,0.517,0.517,0.499,0.487,0.479,0.473,0.467,0.464,0.460,0.458,0.457,0.456,0.455,0.453,0.452,0.451,0.450,0.450,0.450,0.449,0.449,0.448,0.449,0.449,0.449,0.449,0.450,0.451,0.452,0.452,0.452,0.451,0.451,0.451,0.451,0.452,0.452,0.454,0.459,0.466,0.483,0.488,0.488,3.000,3.000,3.000,3.000,1.662,1.687,1.658,1.681,1.705,1.722,1.736,1.747,1.759,1.767,1.775,1.782,1.789,1.793,1.799,1.804,1.810,1.816,1.821,1.827,1.832,1.837,1.843,1.847,1.851,1.854,1.858,1.863,1.866,1.869,1.873,1.876,1.880,1.885,1.889,1.893,1.897,1.900,1.904,1.909,1.913,1.917,1.921,1.926,1.930,1.934,1.938,1.943,1.946,1.951,1.954,1.958,1.963,1.969,1.973,1.978,1.983,1.987,1.992,1.996,2.001,2.005,2.010,2.014,2.019,2.022,2.027,2.030,2.034,2.037,2.042,2.045,2.048,2.052,2.057,2.063,2.070,2.076,2.084,2.094,2.100,2.106,2.112,2.118,2.125,2.131,2.137,2.145,2.155,2.163,2.170,2.176,2.182,2.189,2.197,2.206,2.214,2.220,2.228,2.239,2.250,2.260,2.270,2.281,2.289,2.299,2.308,2.319,2.328,2.335,2.344,2.355,2.365,2.374,2.386,2.397,2.405,2.414,2.421,2.428,2.432,2.439,2.438,2.439,3.000,3.000,3.000,3.000,3.000,2.644,2.638,2.643,2.644,2.646,2.650,2.656,2.664,2.664,2.672,2.674,3.000,3.000,3.000,3.000,3.000,2.655,2.653,2.656,2.657
3.000,3.000,3.000,3.000,2.296,2.286,2.279,2.274,2.250,2.246,2.237,2.230,2.224,2.220,2.215,2.210,2.204,2.199,2.192,2.189,2.182,2.176,2.166,2.158,2.150,2.144,2.137,2.130,2.122,2.115,2.110,2.102,2.094,2.088,2.083,2.080,2.075,2.071,2.066,2.063,2.059,2.054,2.049,2.044,2.038,2.032,2.027,2.023,2.019,2.015,2.009,2.004,1.998,1.992,1.984,1.977,1.972,1.967,1.963,1.958,1.954,1.950,1.945,1.940,1.935,1.930,1.927,1.923,1.919,1.916,1.913,1.911,1.907,1.904,1.901,1.898,1.895,1.892,1.888,1.884,1.881,1.880,1.876,1.873,1.870,1.867,1.864,1.859,1.855,1.851,1.847,1.844,1.840,1.838,1.836,1.832,1.825,1.821,1.818,1.814,1.811,1.809,1.807,1.804,1.800,1.795,1.791,1.784,1.778,1.773,1.766,1.760,1.753,1.746,1.738,1.728,1.719,1.704,1.678,1.688,3.000,3.000,3.000,3.000,0.517,0.511,0.495,0.484,0.476,0.470,0.465,0.462,0.459,0.457,0.455,0.454,0.453,0.451,0.450,0.449,0.449,0.449,0.448,0.448,0.448,0.447,0.448,0.448,0.449,0.449,0.449,0.451,0.451,0.451,0.451,0.450,0.450,0.450,0.450,0.450,0.451,0.452,0.457,0.463,0.476,0.488,0.488,3.000,3.000,3.000,3.000,3.000,1.658,1.681,1.705,1.692,1.708,1.724,1.738,1.751,1.762,1.770,1.778,1.784,1.789,1.794,1.801,1.806,1.813,1.818,1.823,1.828,1.834,1.840,1.844,1.848,1.852,1.856,1.861,1.864,1.868,1.871,1.875,1.879,1.883,1.887,1.891,1.895,1.898,1.902,1.907,1.912,1.915,1.920,1.924,1.928,1.932,1.937,1.941,1.945,1.948,1.951,1.956,1.961,1.966,1.971,1.976,1.981,1.985,1.990,1.994,2.000,2.004,2.008,2.013,2.017,2.020,2.024,2.027,2.031,2.034,2.039,2.043,2.046,2.049,2.055,2.060,2.068,2.074,2.082,2.090,2.097,2.104,2.109,2.116,2.123,2.129,2.135,2.142,2.151,2.161,2.168,2.174,2.180,2.187,2.194,2.203,2.210,2.217,2.224,2.233,2.245,2.256,2.266,2.278,2.286,2.296,2.306,2.317,2.326,2.334,2.344,2.353,2.363,2.372,2.386,2.396,2.404,2.412,2.419,2.426,2.430,2.436,2.435,2.438,3.000,3.000,3.000,3.000,3.000,2.638,2.634,2.639,2.639,2.643,2.647,2.652,2.658,2.660,2.664,2.672,3.000,3.000,3.000,3.000,3.000,2.655,2.655,2.656,2.656
3.000,3.000,3.000,3.000,2.286,2.281,2.276,2.270,2.250,2.248,2.236,2.230,2.222,2.219,2.214,2.209,2.203,2.197,2.190,2.186,2.178,2.171,2.163,2.156,2.147,2.141,2.135,2.128,2.119,2.111,2.106,2.099,2.092,2.086,2.081,2.078,2.073,2.069,2.064,2.061,2.057,2.052,2.047,2.042,2.036,2.030,2.025,2.022,2.017,2.013,2.007,2.002,1.996,1.990,1.982,1.976,1.971,1.966,1.961,1.957,1.952,1.948,1.943,1.938,1.933,1.928,1.925,1.922,1.917,1.915,1.912,1.910,1.907,1.903,1.900,1.897,1.894,1.891,1.887,1.883,1.881,1.879,1.876,1.872,1.869,1.866,1.863,1.859,1.855,1.851,1.846,1.843,1.840,1.838,1.835,1.831,1.824,1.820,1.817,1.813,1.810,1.808,1.806,1.802,1.798,1.794,1.789,1.783,1.777,1.772,1.764,1.759,1.751,1.744,1.736,1.726,1.715,1.700,1.673,1.678,3.000,3.000,3.000,0.526,0.526,0.506,0.491,0.481,0.473,0.467,0.463,0.460,0.457,0.456,0.454,0.452,0.451,0.449,0.449,0.448,0.448,0.448,0.448,0.448,0.447,0.447,0.447,0.447,0.448,0.448,0.449,0.450,0.451,0.451,0.450,0.450,0.449,0.449,0.449,0.450,0.450,0.452,0.457,0.463,0.473,0.483,0.503,0.503,3.000,3.000,3.000,3.000,3.000,3.000,1.692,1.708,1.685,1.708,1.723,1.742,1.753,1.763,1.771,1.778,1.784,1.790,1.797,1.803,1.809,1.814,1.820,1.824,1.831,1.836,1.841,1.845,1.850,1.854,1.858,1.862,1.866,1.870,1.874,1.877,1.881,1.886,1.889,1.893,1.897,1.901,1.906,1.911,1.915,1.919,1.923,1.927,1.931,1.935,1.939,1.943,1.946,1.950,1.954,1.959,1.964,1.969,1.974,1.979,1.983,1.988,1.992,1.998,2.002,2.007,2.011,2.015,2.018,2.021,2.024,2.028,2.031,2.037,2.040,2.043,2.046,2.052,2.058,2.066,2.072,2.080,2.087,2.093,2.101,2.107,2.114,2.121,2.127,2.133,2.140,2.149,2.157,2.165,2.172,2.178,2.185,2.192,2.200,2.207,2.214,2.221,2.231,2.241,2.250,2.262,2.274,2.283,2.294,2.304,2.315,2.324,2.332,2.343,2.352,2.361,2.371,2.384,2.395,2.403,2.411,2.418,2.424,2.428,2.432,2.431,2.435,3.000,3.000,3.000,3.000,3.000,2.634,2.641,2.640,2.640,2.644,2.648,2.654,2.658,2.661,2.664,2.669,3.000,3.000,3.000,3.000,3.000,2.655,2.659,2.658,2.658
3.000,3.000,3.000,2.280,2.281,2.280,2.275,2.270,2.256,2.251,2.243,2.233,2.226,2.221,2.216,2.210,2.203,2.197,2.191,2.185,2.177,2.170,2.162,2.156,2.146,2.140,2.135,2.128,2.116,2.109,2.104,2.098,2.091,2.084,2.080,2.077,2.072,2.067,2.062,2.059,2.055,2.050,2.043,2.038,2.033,2.028,2.023,2.020,2.015,2.011,2.004,1.999,1.993,1.987,1.980,1.974,1.968,1.964,1.958,1.953,1.949,1.945,1.941,1.935,1.930,1.925,1.922,1.919,1.916,1.914,1.911,1.909,1.906,1.902,1.899,1.896,1.893,1.890,1.885,1.882,1.880,1.878,1.874,1.870,1.867,1.864,1.861,1.858,1.854,1.850,1.846,1.842,1.839,1.837,1.834,1.829,1.823,1.819,1.816,1.811,1.809,1.806,1.804,1.800,1.797,1.793,1.788,1.782,1.777,1.771,1.763,1.758,1.750,1.742,1.734,1.724,1.713,1.697,1.669,1.673,3.000,3.000,3.000,0.526,0.526,0.503,0.489,0.479,0.472,0.466,0.462,0.459,0.457,0.455,0.453,0.451,0.450,0.448,0.448,0.447,0.447,0.447,0.447,0.447,0.447,0.446,0.446,0.446,0.447,0.448,0.449,0.450,0.451,0.451,0.450,0.449,0.449,0.449,0.450,0.450,0.451,0.453,0.458,0.466,0.475,0.484,0.503,0.567,0.567,0.628,0.628,0.628,3.000,3.000,3.000,1.685,1.708,1.723,1.712,1.732,1.746,1.756,1.766,1.774,1.781,1.787,1.794,1.800,1.806,1.811,1.817,1.821,1.827,1.833,1.838,1.842,1.847,1.852,1.857,1.860,1.864,1.867,1.872,1.876,1.880,1.885,1.888,1.892,1.896,1.900,1.905,1.909,1.913,1.918,1.922,1.926,1.930,1.933,1.938,1.941,1.945,1.948,1.953,1.958,1.963,1.968,1.973,1.977,1.981,1.986,1.990,1.996,2.000,2.005,2.009,2.013,2.016,2.019,2.022,2.026,2.029,2.034,2.037,2.040,2.044,2.050,2.056,2.064,2.070,2.078,2.085,2.091,2.098,2.105,2.113,2.120,2.125,2.130,2.137,2.146,2.153,2.162,2.170,2.176,2.182,2.190,2.198,2.206,2.212,2.220,2.229,2.239,2.247,2.257,2.272,2.281,2.291,2.303,2.313,2.324,2.333,2.343,2.351,2.362,2.372,2.383,2.393,2.402,2.410,2.416,2.422,2.425,2.429,2.428,2.431,2.423,3.000,3.000,3.000,3.000,3.000,2.641,2.641,2.643,2.646,2.652,2.658,2.662,2.666,2.669,2.680,2.680,3.000,3.000,3.000,3.000,3.000,2.659,2.659,2.659
3.000,3.000,3.000,2.280,2.280,2.277,2.273,2.268,2.256,2.251,2.243,2.235,2.226,2.222,2.216,2.211,2.203,2.197,2.190,2.185,2.176,2.169,2.161,2.154,2.144,2.138,2.132,2.124,2.112,2.105,2.100,2.094,2.085,2.081,2.077,2.074,2.070,2.065,2.060,2.057,2.052,2.047,2.039,2.035,2.030,2.026,2.021,2.018,2.014,2.009,2.001,1.997,1.991,1.985,1.978,1.973,1.967,1.962,1.957,1.952,1.947,1.944,1.939,1.933,1.928,1.924,1.921,1.918,1.915,1.912,1.910,1.908,1.905,1.901,1.897,1.894,1.891,1.887,1.883,1.880,1.879,1.877,1.874,1.868,1.866,1.863,1.861,1.858,1.854,1.851,1.846,1.842,1.839,1.836,1.833,1.829,1.823,1.818,1.816,1.812,1.809,1.806,1.803,1.800,1.796,1.792,1.788,1.781,1.776,1.770,1.763,1.757,1.749,1.741,1.732,1.720,1.708,1.693,1.664,1.669,3.000,3.000,3.000,0.526,0.522,0.501,0.487,0.478,0.471,0.466,0.461,0.459,0.457,0.455,0.453,0.451,0.449,0.448,0.447,0.447,0.447,0.447,0.447,0.447,0.446,0.445,0.446,0.446,0.447,0.447,0.448,0.450,0.451,0.451,0.450,0.449,0.449,0.449,0.450,0.450,0.452,0.454,0.459,0.467,0.475,0.483,0.499,0.541,0.567,0.628,0.628,0.640,0.640,0.640,3.000,3.000,3.000,1.712,1.693,1.717,1.737,1.748,1.760,1.769,1.777,1.784,1.792,1.798,1.804,1.809,1.814,1.819,1.825,1.830,1.835,1.840,1.845,1.849,1.855,1.859,1.862,1.866,1.870,1.875,1.879,1.884,1.887,1.891,1.894,1.899,1.903,1.908,1.912,1.916,1.921,1.925,1.928,1.932,1.936,1.940,1.944,1.947,1.951,1.956,1.962,1.967,1.972,1.976,1.980,1.984,1.988,1.993,1.997,2.002,2.006,2.010,2.013,2.017,2.020,2.024,2.027,2.032,2.035,2.038,2.042,2.048,2.054,2.062,2.069,2.077,2.084,2.090,2.096,2.104,2.112,2.118,2.124,2.129,2.136,2.144,2.151,2.159,2.168,2.174,2.180,2.188,2.197,2.204,2.209,2.217,2.227,2.236,2.245,2.254,2.268,2.278,2.289,2.301,2.312,2.323,2.332,2.342,2.350,2.361,2.370,2.381,2.392,2.400,2.408,2.414,2.419,2.422,2.427,2.426,2.423,2.423,3.000,3.000,3.000,3.000,3.000,2.641,2.640,2.643,2.647,2.653,2.661,2.666,2.672,2.673,2.680,2.685,3.000,3.000,3.000,3.000,3.000,2.659,2.659,2.659
3.000,3.000,3.000,2.280,2.273,2.272,2.268,2.264,2.253,2.249,2.240,2.234,2.225,2.220,2.214,2.209,2.201,2.196,2.189,2.184,2.175,2.167,2.157,2.150,2.140,2.134,2.127,2.117,2.108,2.100,2.095,2.090,2.080,2.077,2.074,2.071,2.066,2.062,2.057,2.054,2.050,2.043,2.037,2.033,2.028,2.024,2.019,2.016,2.012,2.006,1.999,1.995,1.988,1.983,1.976,1.971,1.965,1.961,1.955,1.950,1.945,1.941,1.937,1.932,1.927,1.923,1.920,1.916,1.912,1.911,1.908,1.906,1.902,1.899,1.895,1.892,1.889,1.885,1.880,1.878,1.877,1.875,1.872,1.866,1.864,1.862,1.859,1.857,1.854,1.851,1.846,1.843,1.839,1.837,1.834,1.830,1.824,1.820,1.817,1.813,1.810,1.807,1.804,1.800,1.796,1.792,1.787,1.782,1.776,1.771,1.763,1.757,1.749,1.741,1.730,1.718,1.705,1.688,1.693,1.664,3.000,3.000,3.000,0.522,0.519,0.499,0.486,0.477,0.470,0.465,0.461,0.459,0.457,0.455,0.452,0.450,0.449,0.448,0.447,0.446,0.447,0.447,0.447,0.447,0.446,0.445,0.445,0.445,0.446,0.446,0.448,0.449,0.450,0.450,0.449,0.449,0.449,0.449,0.450,0.451,0.453,0.456,0.462,0.471,0.479,0.486,0.500,0.537,0.556,0.583,0.612,0.621,0.640,0.640,0.637,3.000,3.000,1.693,1.717,1.705,1.723,1.741,1.754,1.764,1.773,1.781,1.789,1.795,1.802,1.807,1.813,1.817,1.823,1.828,1.833,1.837,1.843,1.848,1.853,1.857,1.861,1.865,1.869,1.874,1.878,1.882,1.885,1.889,1.892,1.897,1.902,1.906,1.910,1.915,1.919,1.923,1.927,1.931,1.934,1.938,1.942,1.946,1.950,1.955,1.961,1.965,1.970,1.974,1.979,1.983,1.986,1.991,1.995,1.999,2.004,2.007,2.011,2.015,2.018,2.022,2.026,2.030,2.034,2.037,2.041,2.047,2.052,2.060,2.068,2.075,2.082,2.088,2.095,2.102,2.110,2.117,2.123,2.128,2.135,2.143,2.150,2.157,2.164,2.171,2.178,2.186,2.194,2.201,2.207,2.215,2.225,2.234,2.242,2.253,2.265,2.275,2.286,2.300,2.310,2.320,2.329,2.340,2.347,2.358,2.367,2.379,2.390,2.398,2.406,2.411,2.416,2.418,2.424,2.422,2.423,2.423,3.000,3.000,3.000,3.000,3.000,2.640,2.637,2.641,2.644,2.654,2.665,2.670,2.674,2.676,2.685,2.685,3.000,3.000,3.000,3.000,3.000,2.659,2.659,2.660
3.000,3.000,3.000,2.273,2.269,2.266,2.262,2.261,2.249,2.245,2.236,2.231,2.223,2.218,2.211,2.206,2.198,2.193,2.187,2.182,2.172,2.164,2.154,2.147,2.136,2.130,2.121,2.112,2.104,2.096,2.089,2.084,2.076,2.074,2.071,2.069,2.064,2.059,2.056,2.053,2.048,2.042,2.036,2.032,2.027,2.023,2.018,2.015,2.010,2.005,1.997,1.994,1.987,1.982,1.975,1.970,1.964,1.959,1.953,1.948,1.943,1.939,1.935,1.931,1.926,1.922,1.918,1.914,1.910,1.908,1.905,1.903,1.900,1.897,1.893,1.891,1.887,1.884,1.879,1.877,1.876,1.874,1.870,1.866,1.864,1.861,1.859,1.857,1.853,1.851,1.846,1.843,1.839,1.836,1.833,1.829,1.824,1.820,1.817,1.814,1.810,1.806,1.803,1.800,1.796,1.791,1.786,1.780,1.775,1.770,1.762,1.756,1.748,1.739,1.728,1.715,1.700,1.682,1.688,3.000,3.000,3.000,3.000,0.519,0.519,0.498,0.486,0.476,0.469,0.464,0.460,0.458,0.457,0.455,0.452,0.450,0.449,0.448,0.447,0.447,0.447,0.447,0.448,0.447,0.446,0.445,0.445,0.445,0.446,0.446,0.447,0.449,0.451,0.450,0.449,0.449,0.449,0.450,0.451,0.453,0.455,0.459,0.467,0.474,0.482,0.488,0.502,0.535,0.551,0.575,0.600,0.611,0.624,0.637,0.640,0.640,3.000,3.000,1.705,1.723,1.711,1.729,1.746,1.758,1.768,1.775,1.785,1.792,1.798,1.803,1.809,1.814,1.819,1.825,1.830,1.835,1.840,1.844,1.851,1.855,1.859,1.863,1.867,1.872,1.876,1.880,1.884,1.888,1.891,1.895,1.900,1.905,1.909,1.913,1.917,1.921,1.926,1.929,1.933,1.937,1.941,1.945,1.948,1.953,1.959,1.963,1.969,1.973,1.978,1.982,1.985,1.990,1.994,1.998,2.002,2.006,2.010,2.014,2.017,2.021,2.025,2.029,2.032,2.036,2.040,2.045,2.051,2.059,2.066,2.074,2.081,2.087,2.093,2.101,2.108,2.116,2.122,2.128,2.134,2.142,2.149,2.156,2.164,2.170,2.177,2.185,2.193,2.200,2.206,2.214,2.224,2.233,2.241,2.251,2.263,2.273,2.284,2.298,2.308,2.318,2.327,2.338,2.346,2.357,2.365,2.376,2.387,2.395,2.402,2.408,2.412,2.416,2.421,2.421,2.424,2.423,3.000,3.000,3.000,3.000,3.000,2.637,2.633,2.638,2.641,2.652,2.665,2.669,2.674,2.675,2.684,2.685,3.000,3.000,3.000,3.000,3.000,2.659,2.657,2.657
3.000,3.000,3.000,2.270,2.270,2.267,2.262,2.261,2.249,2.243,2.233,2.228,2.221,2.216,2.208,2.203,2.195,2.190,2.183,2.178,2.166,2.159,2.151,2.143,2.134,2.128,2.120,2.110,2.102,2.093,2.087,2.082,2.076,2.074,2.071,2.069,2.064,2.060,2.056,2.053,2.048,2.042,2.036,2.032,2.027,2.023,2.018,2.014,2.010,2.004,1.997,1.992,1.986,1.982,1.975,1.970,1.964,1.958,1.953,1.947,1.942,1.939,1.935,1.930,1.926,1.921,1.918,1.914,1.909,1.907,1.904,1.902,1.899,1.896,1.892,1.889,1.886,1.883,1.878,1.876,1.875,1.873,1.869,1.865,1.863,1.861,1.858,1.856,1.852,1.849,1.845,1.841,1.837,1.834,1.831,1.827,1.822,1.818,1.816,1.812,1.808,1.805,1.802,1.798,1.794,1.789,1.784,1.779,1.774,1.768,1.760,1.754,1.747,1.737,1.726,1.712,1.695,1.673,1.682,3.000,3.000,3.000,3.000,0.521,0.519,0.499,0.486,0.477,0.469,0.464,0.460,0.458,0.457,0.455,0.453,0.451,0.449,0.448,0.447,0.447,0.447,0.448,0.448,0.447,0.446,0.445,0.445,0.445,0.446,0.447,0.448,0.449,0.451,0.451,0.450,0.450,0.450,0.451,0.453,0.455,0.459,0.463,0.474,0.480,0.486,0.493,0.507,0.535,0.549,0.568,0.582,0.603,0.616,0.627,0.640,0.640,0.638,3.000,3.000,1.711,1.693,1.716,1.738,1.751,1.762,1.771,1.779,1.788,1.794,1.800,1.805,1.811,1.817,1.822,1.826,1.831,1.837,1.842,1.848,1.852,1.857,1.861,1.866,1.870,1.874,1.879,1.882,1.886,1.889,1.894,1.899,1.903,1.907,1.911,1.916,1.920,1.924,1.927,1.932,1.936,1.940,1.943,1.947,1.952,1.957,1.962,1.967,1.972,1.977,1.981,1.985,1.989,1.994,1.998,2.002,2.005,2.010,2.014,2.017,2.022,2.025,2.029,2.032,2.036,2.039,2.045,2.051,2.058,2.065,2.073,2.081,2.087,2.094,2.100,2.107,2.114,2.121,2.127,2.133,2.142,2.148,2.155,2.163,2.169,2.175,2.183,2.192,2.200,2.206,2.214,2.223,2.232,2.240,2.251,2.264,2.274,2.286,2.297,2.307,2.317,2.326,2.337,2.344,2.355,2.362,2.372,2.383,2.392,2.400,2.405,2.411,2.415,2.423,2.424,2.425,3.000,3.000,3.000,3.000,3.000,3.000,2.635,2.634,2.638,2.640,2.648,2.663,2.668,2.671,2.673,2.680,2.684,3.000,3.000,3.000,3.000,3.000,2.659,2.659,2.661
3.000,3.000,3.000,2.270,2.268,2.265,2.261,2.259,2.249,2.241,2.231,2.225,2.218,2.212,2.205,2.200,2.192,2.185,2.180,2.175,2.163,2.156,2.148,2.142,2.133,2.127,2.120,2.112,2.103,2.093,2.087,2.082,2.077,2.075,2.071,2.069,2.064,2.060,2.056,2.053,2.048,2.042,2.036,2.032,2.027,2.022,2.017,2.013,2.009,2.003,1.996,1.991,1.985,1.980,1.973,1.968,1.962,1.958,1.952,1.946,1.942,1.938,1.934,1.930,1.926,1.921,1.917,1.913,1.908,1.906,1.903,1.901,1.898,1.894,1.890,1.888,1.885,1.882,1.877,1.875,1.874,1.871,1.867,1.864,1.862,1.860,1.857,1.855,1.851,1.847,1.842,1.839,1.835,1.833,1.829,1.825,1.821,1.818,1.815,1.812,1.808,1.804,1.801,1.798,1.793,1.788,1.783,1.778,1.773,1.767,1.759,1.753,1.745,1.735,1.724,1.710,1.690,1.695,1.673,3.000,3.000,3.000,3.000,0.521,0.521,0.500,0.487,0.478,0.471,0.466,0.462,0.460,0.459,0.457,0.454,0.452,0.451,0.450,0.449,0.448,0.448,0.449,0.449,0.448,0.447,0.446,0.446,0.446,0.447,0.448,0.449,0.451,0.452,0.452,0.451,0.451,0.452,0.453,0.455,0.458,0.463,0.470,0.479,0.485,0.491,0.499,0.513,0.536,0.548,0.564,0.577,0.597,0.611,0.620,0.631,0.638,0.638,0.638,3.000,1.693,1.716,1.701,1.726,1.745,1.757,1.766,1.775,1.783,1.791,1.797,1.802,1.808,1.814,1.819,1.824,1.829,1.835,1.840,1.845,1.850,1.855,1.859,1.864,1.868,1.872,1.877,1.881,1.885,1.888,1.893,1.898,1.902,1.906,1.910,1.914,1.918,1.922,1.926,1.930,1.934,1.939,1.942,1.946,1.950,1.956,1.961,1.966,1.970,1.975,1.980,1.984,1.989,1.993,1.997,2.001,2.005,2.010,2.014,2.017,2.021,2.025,2.029,2.032,2.035,2.039,2.045,2.051,2.057,2.064,2.072,2.080,2.087,2.093,2.100,2.106,2.113,2.120,2.126,2.133,2.141,2.148,2.154,2.162,2.168,2.174,2.182,2.191,2.200,2.206,2.213,2.222,2.231,2.239,2.250,2.262,2.272,2.281,2.292,2.302,2.313,2.324,2.335,2.342,2.352,2.360,2.369,2.378,2.388,2.396,2.403,2.409,2.414,2.423,2.425,2.426,3.000,3.000,3.000,3.000,3.000,3.000,2.635,2.635,2.637,2.638,2.645,2.663,2.667,2.670,2.672,2.677,2.680,3.000,3.000,3.000,3.000,3.000,2.661,2.659,2.660
3.000,3.000,3.000,2.268,2.266,2.264,2.259,2.256,2.248,2.242,2.232,2.226,2.217,2.211,2.204,2.198,2.190,2.184,2.178,2.173,2.164,2.158,2.149,2.143,2.134,2.128,2.122,2.113,2.105,2.095,2.087,2.082,2.077,2.075,2.071,2.067,2.062,2.059,2.055,2.053,2.048,2.043,2.037,2.032,2.027,2.021,2.016,2.012,2.007,2.001,1.995,1.990,1.984,1.978,1.971,1.966,1.962,1.957,1.952,1.946,1.942,1.938,1.934,1.930,1.925,1.920,1.917,1.912,1.908,1.905,1.902,1.900,1.898,1.894,1.890,1.888,1.885,1.881,1.876,1.874,1.873,1.870,1.866,1.862,1.860,1.858,1.856,1.853,1.849,1.845,1.841,1.838,1.834,1.831,1.828,1.824,1.820,1.817,1.814,1.811,1.808,1.804,1.801,1.797,1.792,1.787,1.782,1.776,1.772,1.766,1.759,1.751,1.743,1.732,1.720,1.706,1.681,1.690,3.000,3.000,3.000,3.000,3.000,0.521,0.521,0.502,0.489,0.480,0.473,0.468,0.465,0.463,0.461,0.460,0.457,0.455,0.453,0.452,0.451,0.450,0.451,0.451,0.451,0.450,0.449,0.448,0.448,0.448,0.449,0.450,0.451,0.454,0.455,0.454,0.453,0.453,0.455,0.456,0.459,0.462,0.468,0.479,0.486,0.491,0.497,0.505,0.520,0.540,0.551,0.564,0.575,0.590,0.606,0.617,0.625,0.631,0.638,0.638,3.000,3.000,1.701,1.726,1.714,1.736,1.752,1.762,1.772,1.781,1.789,1.795,1.801,1.806,1.812,1.817,1.822,1.827,1.832,1.838,1.843,1.849,1.853,1.857,1.862,1.866,1.870,1.875,1.879,1.884,1.887,1.892,1.896,1.901,1.905,1.909,1.913,1.918,1.922,1.925,1.929,1.933,1.937,1.941,1.945,1.949,1.955,1.960,1.965,1.969,1.973,1.978,1.982,1.987,1.992,1.996,2.000,2.005,2.009,2.013,2.017,2.021,2.024,2.028,2.032,2.035,2.038,2.044,2.050,2.055,2.063,2.070,2.078,2.085,2.092,2.099,2.106,2.112,2.118,2.125,2.132,2.140,2.146,2.153,2.160,2.166,2.173,2.181,2.189,2.198,2.205,2.213,2.221,2.230,2.240,2.249,2.262,2.272,2.281,2.290,2.300,2.313,2.325,2.336,2.343,2.351,2.359,2.368,2.377,2.386,2.396,2.403,2.409,2.415,2.423,2.426,2.426,3.000,3.000,3.000,3.000,3.000,3.000,2.635,2.634,2.636,2.638,2.646,2.662,2.666,2.670,2.672,2.676,2.677,3.000,3.000,3.000,3.000,3.000,2.661,2.661,2.662
3.000,3.000,3.000,2.266,2.265,2.262,2.257,2.255,2.247,2.241,2.232,2.226,2.216,2.210,2.202,2.197,2.188,2.182,2.177,2.172,2.163,2.157,2.149,2.143,2.135,2.128,2.122,2.114,2.106,2.096,2.088,2.083,2.078,2.075,2.070,2.065,2.061,2.058,2.055,2.052,2.048,2.043,2.037,2.032,2.026,2.021,2.015,2.011,2.005,2.000,1.994,1.990,1.984,1.978,1.971,1.966,1.961,1.957,1.952,1.947,1.942,1.939,1.934,1.930,1.925,1.920,1.917,1.911,1.907,1.905,1.902,1.900,1.898,1.894,1.890,1.888,1.884,1.880,1.875,1.874,1.872,1.869,1.864,1.861,1.859,1.857,1.855,1.852,1.848,1.844,1.840,1.837,1.834,1.831,1.828,1.824,1.820,1.817,1.814,1.811,1.807,1.803,1.800,1.796,1.791,1.786,1.780,1.775,1.770,1.764,1.757,1.750,1.741,1.730,1.717,1.703,1.676,1.681,3.000,3.000,3.000,3.000,3.000,0.516,0.516,0.500,0.489,0.480,0.474,0.470,0.466,0.465,0.464,0.463,0.460,0.458,0.456,0.455,0.454,0.453,0.453,0.454,0.454,0.453,0.451,0.450,0.450,0.450,0.451,0.452,0.454,0.457,0.458,0.457,0.456,0.457,0.458,0.460,0.464,0.467,0.477,0.486,0.493,0.498,0.505,0.512,0.529,0.543,0.552,0.564,0.574,0.587,0.602,0.613,0.621,0.624,0.628,0.638,0.630,3.000,3.000,1.714,1.697,1.727,1.745,1.757,1.768,1.778,1.786,1.793,1.799,1.804,1.810,1.816,1.821,1.826,1.831,1.837,1.842,1.847,1.852,1.856,1.860,1.864,1.868,1.872,1.877,1.882,1.886,1.890,1.895,1.900,1.904,1.908,1.912,1.917,1.921,1.925,1.928,1.932,1.936,1.940,1.944,1.948,1.954,1.959,1.964,1.967,1.972,1.977,1.981,1.985,1.991,1.995,1.999,2.003,2.007,2.011,2.015,2.019,2.023,2.027,2.031,2.034,2.037,2.042,2.048,2.054,2.061,2.069,2.077,2.084,2.091,2.098,2.105,2.111,2.117,2.124,2.131,2.139,2.145,2.151,2.158,2.164,2.171,2.179,2.188,2.197,2.204,2.212,2.221,2.231,2.239,2.248,2.261,2.271,2.279,2.289,2.299,2.312,2.323,2.335,2.342,2.351,2.358,2.367,2.376,2.386,2.395,2.402,2.408,2.414,2.422,2.425,2.426,3.000,3.000,3.000,3.000,3.000,3.000,2.634,2.636,2.634,2.637,2.646,2.660,2.665,2.668,2.671,2.675,2.676,3.000,3.000,3.000,3.000,3.000,2.661,2.664,2.663
3.000,3.000,3.000,2.265,2.265,2.261,2.255,2.253,2.245,2.240,2.228,2.224,2.213,2.208,2.200,2.195,2.187,2.181,2.175,2.170,2.161,2.155,2.148,2.142,2.134,2.127,2.121,2.112,2.105,2.094,2.087,2.083,2.078,2.075,2.068,2.065,2.060,2.057,2.054,2.052,2.047,2.042,2.036,2.031,2.025,2.019,2.014,2.009,2.004,2.000,1.994,1.989,1.983,1.978,1.970,1.966,1.961,1.957,1.953,1.948,1.943,1.940,1.935,1.931,1.926,1.921,1.917,1.912,1.908,1.905,1.902,1.899,1.897,1.893,1.889,1.885,1.881,1.878,1.874,1.872,1.870,1.868,1.863,1.860,1.858,1.856,1.854,1.852,1.848,1.844,1.840,1.837,1.834,1.831,1.828,1.825,1.820,1.817,1.814,1.810,1.807,1.802,1.798,1.794,1.790,1.784,1.779,1.774,1.769,1.762,1.756,1.748,1.737,1.726,1.713,1.695,1.668,1.676,3.000,3.000,3.000,3.000,0.517,0.517,0.510,0.497,0.488,0.480,0.475,0.471,0.468,0.467,0.467,0.467,0.465,0.462,0.460,0.459,0.458,0.457,0.457,0.458,0.458,0.457,0.455,0.454,0.454,0.453,0.455,0.457,0.459,0.463,0.463,0.462,0.461,0.461,0.463,0.465,0.470,0.474,0.486,0.494,0.500,0.505,0.512,0.519,0.534,0.545,0.553,0.563,0.573,0.584,0.598,0.610,0.617,0.621,0.623,0.630,0.630,3.000,3.000,1.697,1.727,1.711,1.735,1.751,1.763,1.772,1.783,1.790,1.796,1.802,1.809,1.814,1.819,1.824,1.830,1.836,1.841,1.846,1.851,1.854,1.859,1.863,1.867,1.871,1.876,1.881,1.885,1.889,1.894,1.898,1.902,1.907,1.911,1.916,1.920,1.923,1.927,1.931,1.935,1.939,1.943,1.947,1.953,1.958,1.963,1.967,1.971,1.976,1.980,1.985,1.990,1.994,1.998,2.002,2.005,2.009,2.012,2.017,2.021,2.025,2.029,2.031,2.035,2.040,2.047,2.053,2.060,2.067,2.075,2.083,2.090,2.097,2.104,2.110,2.117,2.124,2.130,2.138,2.143,2.150,2.156,2.163,2.169,2.177,2.185,2.194,2.201,2.210,2.220,2.230,2.239,2.248,2.259,2.270,2.279,2.288,2.298,2.312,2.322,2.334,2.342,2.351,2.358,2.368,2.377,2.386,2.394,2.401,2.407,2.412,2.421,2.424,2.425,2.423,3.000,3.000,3.000,3.000,3.000,3.000,2.634,2.632,2.634,2.649,2.659,2.663,2.667,2.671,2.674,2.675,2.672,3.000,3.000,3.000,3.000,3.000,2.668,2.664
3.000,3.000,3.000,2.265,2.262,2.255,2.250,2.250,2.244,2.237,2.225,2.219,2.210,2.205,2.198,2.194,2.186,2.180,2.175,2.170,2.162,2.157,2.150,2.144,2.134,2.128,2.121,2.112,2.103,2.094,2.088,2.083,2.078,2.075,2.068,2.064,2.060,2.056,2.053,2.050,2.046,2.041,2.035,2.030,2.023,2.018,2.012,2.008,2.003,1.998,1.993,1.988,1.981,1.976,1.970,1.965,1.961,1.956,1.952,1.948,1.943,1.940,1.935,1.931,1.926,1.921,1.917,1.913,1.909,1.906,1.903,1.899,1.896,1.893,1.888,1.885,1.880,1.877,1.873,1.872,1.870,1.867,1.863,1.860,1.858,1.856,1.854,1.852,1.847,1.844,1.840,1.836,1.833,1.831,1.828,1.824,1.820,1.816,1.813,1.809,1.805,1.800,1.797,1.793,1.789,1.784,1.778,1.773,1.768,1.762,1.756,1.748,1.739,1.725,1.712,1.693,1.662,1.668,3.000,3.000,3.000,0.524,0.524,0.517,0.503,0.493,0.485,0.479,0.475,0.472,0.470,0.470,0.472,0.472,0.471,0.470,0.466,0.465,0.464,0.463,0.465,0.465,0.464,0.464,0.462,0.460,0.459,0.458,0.460,0.462,0.465,0.469,0.470,0.468,0.468,0.468,0.470,0.473,0.481,0.489,0.500,0.506,0.510,0.515,0.524,0.530,0.539,0.548,0.556,0.565,0.574,0.584,0.597,0.608,0.615,0.619,0.620,0.624,0.635,0.635,3.000,3.000,1.711,1.735,1.725,1.743,1.757,1.768,1.779,1.787,1.794,1.801,1.807,1.812,1.817,1.822,1.828,1.834,1.839,1.844,1.849,1.853,1.857,1.862,1.866,1.870,1.875,1.880,1.884,1.888,1.892,1.897,1.901,1.905,1.909,1.914,1.918,1.921,1.925,1.929,1.934,1.937,1.941,1.945,1.952,1.957,1.962,1.966,1.970,1.975,1.979,1.983,1.988,1.993,1.996,2.000,2.003,2.006,2.010,2.014,2.018,2.023,2.026,2.029,2.033,2.038,2.045,2.052,2.059,2.066,2.074,2.081,2.088,2.096,2.103,2.109,2.116,2.123,2.129,2.136,2.142,2.148,2.155,2.162,2.168,2.175,2.183,2.191,2.198,2.207,2.219,2.230,2.239,2.247,2.259,2.270,2.279,2.289,2.301,2.313,2.323,2.335,2.342,2.351,2.359,2.368,2.378,2.386,2.393,2.400,2.406,2.411,2.418,2.422,2.423,2.424,3.000,3.000,3.000,3.000,3.000,3.000,2.632,2.625,2.630,2.644,2.654,2.658,2.662,2.668,2.671,2.672,2.672,3.000,3.000,3.000,3.000,3.000,2.680,2.668
3.000,3.000,3.000,2.262,2.257,2.258,2.252,2.250,2.244,2.237,2.225,2.219,2.210,2.205,2.200,2.195,2.187,2.181,2.176,2.171,2.165,2.160,2.153,2.147,2.137,2.129,2.122,2.115,2.106,2.096,2.089,2.084,2.079,2.075,2.068,2.064,2.059,2.055,2.051,2.048,2.044,2.040,2.034,2.029,2.023,2.017,2.011,2.007,2.001,1.996,1.989,1.985,1.979,1.974,1.968,1.964,1.959,1.956,1.951,1.947,1.942,1.939,1.934,1.930,1.925,1.921,1.916,1.913,1.908,1.906,1.901,1.898,1.895,1.892,1.888,1.884,1.879,1.876,1.873,1.871,1.869,1.866,1.863,1.860,1.858,1.856,1.854,1.851,1.847,1.843,1.839,1.835,1.832,1.830,1.827,1.824,1.819,1.815,1.812,1.806,1.803,1.799,1.796,1.792,1.789,1.783,1.778,1.773,1.768,1.762,1.756,1.748,1.739,1.726,1.710,1.691,1.657,1.662,3.000,3.000,3.000,0.524,0.524,0.510,0.498,0.490,0.484,0.479,0.476,0.474,0.473,0.474,0.478,0.480,0.483,0.484,0.484,0.484,0.484,0.483,0.483,0.481,0.474,0.473,0.471,0.468,0.467,0.466,0.468,0.471,0.476,0.479,0.479,0.478,0.476,0.477,0.479,0.483,0.493,0.500,0.510,0.514,0.518,0.523,0.530,0.535,0.543,0.550,0.558,0.566,0.575,0.584,0.597,0.607,0.615,0.619,0.619,0.622,0.635,0.635,3.000,3.000,3.000,1.725,1.708,1.733,1.750,1.762,1.774,1.784,1.791,1.799,1.805,1.810,1.815,1.821,1.826,1.833,1.838,1.843,1.847,1.851,1.856,1.860,1.864,1.869,1.874,1.879,1.883,1.887,1.892,1.896,1.900,1.904,1.909,1.913,1.917,1.920,1.924,1.927,1.932,1.936,1.940,1.944,1.949,1.955,1.959,1.963,1.969,1.973,1.977,1.982,1.986,1.991,1.995,1.999,2.002,2.006,2.009,2.014,2.018,2.023,2.026,2.029,2.033,2.038,2.044,2.051,2.058,2.065,2.073,2.080,2.087,2.094,2.101,2.109,2.115,2.122,2.128,2.135,2.140,2.146,2.153,2.160,2.167,2.175,2.182,2.190,2.197,2.206,2.217,2.229,2.238,2.247,2.260,2.271,2.280,2.290,2.302,2.314,2.323,2.334,2.342,2.350,2.358,2.366,2.376,2.385,2.393,2.400,2.406,2.411,2.420,2.424,2.424,2.425,2.423,3.000,3.000,3.000,3.000,3.000,2.625,2.620,2.626,2.637,2.650,2.654,2.658,2.662,2.666,2.665,2.672,3.000,3.000,3.000,3.000,3.000,2.680,2.680
3.000,3.000,3.000,2.257,2.256,2.259,2.254,2.251,2.244,2.235,2.225,2.219,2.211,2.205,2.200,2.196,2.186,2.180,2.176,2.171,2.165,2.160,2.153,2.147,2.137,2.130,2.123,2.116,2.108,2.097,2.089,2.084,2.079,2.075,2.068,2.064,2.059,2.055,2.051,2.048,2.043,2.038,2.033,2.028,2.022,2.016,2.010,2.006,1.999,1.995,1.988,1.983,1.978,1.973,1.967,1.962,1.958,1.954,1.950,1.946,1.941,1.937,1.932,1.928,1.923,1.919,1.915,1.912,1.909,1.906,1.901,1.898,1.895,1.892,1.889,1.885,1.879,1.876,1.873,1.871,1.869,1.866,1.863,1.860,1.858,1.856,1.854,1.851,1.847,1.843,1.838,1.834,1.831,1.829,1.826,1.823,1.818,1.814,1.812,1.806,1.803,1.799,1.795,1.791,1.788,1.782,1.777,1.772,1.767,1.761,1.755,1.747,1.738,1.724,1.709,1.690,1.691,1.657,3.000,3.000,0.537,0.537,0.517,0.505,0.495,0.488,0.483,0.480,0.476,0.475,0.475,0.476,0.481,0.484,0.487,0.488,0.488,0.488,0.489,0.489,0.488,0.487,0.480,0.480,0.480,0.479,0.478,0.477,0.480,0.487,0.491,0.492,0.493,0.493,0.490,0.489,0.496,0.502,0.511,0.516,0.522,0.524,0.527,0.532,0.537,0.541,0.548,0.554,0.562,0.569,0.577,0.585,0.597,0.607,0.614,0.617,0.617,0.619,0.629,0.642,0.642,3.000,3.000,1.708,1.733,1.724,1.743,1.756,1.769,1.778,1.787,1.794,1.801,1.807,1.812,1.818,1.824,1.831,1.836,1.841,1.845,1.850,1.854,1.859,1.863,1.868,1.873,1.878,1.882,1.886,1.891,1.895,1.899,1.903,1.907,1.912,1.915,1.918,1.922,1.925,1.930,1.933,1.937,1.942,1.948,1.952,1.957,1.962,1.967,1.972,1.976,1.981,1.985,1.989,1.993,1.997,2.001,2.005,2.008,2.013,2.017,2.022,2.025,2.028,2.032,2.037,2.043,2.049,2.057,2.063,2.071,2.078,2.085,2.092,2.099,2.107,2.113,2.120,2.126,2.132,2.137,2.144,2.151,2.159,2.166,2.174,2.182,2.189,2.197,2.205,2.216,2.229,2.238,2.247,2.260,2.271,2.280,2.290,2.302,2.313,2.323,2.333,2.341,2.349,2.357,2.365,2.374,2.384,2.392,2.399,2.405,2.411,2.419,2.424,2.425,2.423,2.428,3.000,3.000,3.000,3.000,3.000,2.621,2.620,2.626,2.636,2.646,2.651,2.655,2.658,2.661,2.662,2.665,3.000,3.000,3.000,3.000,3.000,2.680,2.680
3.000,3.000,2.255,2.256,2.255,2.257,2.251,2.249,2.241,2.233,2.225,2.219,2.212,2.207,2.202,2.198,2.192,2.184,2.178,2.173,2.166,2.161,2.154,2.147,2.137,2.129,2.122,2.115,2.108,2.097,2.090,2.085,2.079,2.075,2.068,2.064,2.059,2.055,2.050,2.046,2.042,2.037,2.032,2.026,2.020,2.015,2.010,2.004,1.998,1.993,1.988,1.983,1.977,1.972,1.966,1.961,1.957,1.953,1.949,1.945,1.941,1.937,1.931,1.927,1.921,1.918,1.915,1.912,1.909,1.906,1.901,1.898,1.896,1.892,1.889,1.885,1.880,1.877,1.873,1.871,1.868,1.866,1.863,1.860,1.858,1.856,1.854,1.851,1.847,1.843,1.838,1.834,1.830,1.828,1.826,1.822,1.819,1.815,1.812,1.807,1.804,1.800,1.796,1.791,1.787,1.781,1.776,1.771,1.766,1.760,1.752,1.744,1.735,1.721,1.708,1.688,1.690,3.000,3.000,3.000,0.537,0.537,0.514,0.503,0.494,0.488,0.484,0.482,0.478,0.476,0.476,0.478,0.483,0.486,0.488,0.488,0.487,0.488,0.488,0.489,0.489,0.489,0.484,0.486,0.488,0.490,0.496,0.499,0.501,0.501,0.503,0.505,0.507,0.508,0.511,0.514,0.516,0.519,0.523,0.527,0.531,0.534,0.535,0.538,0.542,0.545,0.552,0.558,0.566,0.572,0.578,0.585,0.597,0.605,0.613,0.616,0.616,0.617,0.626,0.642,0.642,3.000,3.000,3.000,1.724,1.705,1.734,1.749,1.763,1.774,1.783,1.791,1.797,1.803,1.809,1.815,1.822,1.828,1.835,1.840,1.844,1.849,1.853,1.858,1.862,1.867,1.871,1.877,1.881,1.885,1.889,1.893,1.898,1.902,1.906,1.911,1.914,1.918,1.921,1.925,1.930,1.933,1.937,1.941,1.947,1.952,1.957,1.961,1.966,1.971,1.975,1.980,1.984,1.988,1.992,1.997,2.000,2.004,2.008,2.012,2.016,2.022,2.025,2.028,2.032,2.037,2.042,2.048,2.055,2.062,2.069,2.075,2.083,2.090,2.098,2.104,2.111,2.118,2.124,2.130,2.135,2.142,2.150,2.158,2.166,2.174,2.182,2.190,2.197,2.206,2.218,2.229,2.238,2.247,2.259,2.269,2.279,2.288,2.300,2.312,2.321,2.332,2.340,2.348,2.356,2.364,2.373,2.382,2.391,2.398,2.405,2.411,2.420,2.426,2.428,2.428,2.431,3.000,3.000,3.000,3.000,3.000,2.621,2.621,2.627,2.635,2.644,2.649,2.652,2.655,2.658,2.658,2.662,3.000,3.000,3.000,3.000,3.000,2.680,2.671
3.000,3.000,2.257,2.255,2.255,2.257,2.252,2.248,2.241,2.234,2.226,2.220,2.214,2.209,2.204,2.200,2.194,2.187,2.180,2.173,2.167,2.161,2.154,2.147,2.137,2.128,2.122,2.115,2.107,2.097,2.090,2.084,2.078,2.075,2.068,2.064,2.058,2.054,2.050,2.046,2.041,2.036,2.031,2.025,2.019,2.014,2.009,2.004,1.998,1.993,1.988,1.983,1.977,1.972,1.966,1.961,1.957,1.953,1.949,1.945,1.941,1.937,1.931,1.927,1.921,1.918,1.915,1.912,1.909,1.905,1.901,1.898,1.896,1.892,1.889,1.886,1.882,1.878,1.875,1.873,1.869,1.867,1.864,1.861,1.859,1.857,1.855,1.852,1.848,1.844,1.838,1.834,1.831,1.829,1.826,1.823,1.819,1.816,1.813,1.808,1.805,1.801,1.797,1.791,1.787,1.781,1.777,1.772,1.766,1.760,1.752,1.744,1.733,1.721,1.708,1.688,1.688,3.000,3.000,3.000,0.540,0.536,0.515,0.504,0.495,0.490,0.487,0.485,0.482,0.480,0.481,0.483,0.489,0.491,0.492,0.492,0.492,0.492,0.493,0.494,0.494,0.494,0.491,0.493,0.496,0.499,0.505,0.508,0.512,0.512,0.514,0.515,0.518,0.522,0.524,0.525,0.526,0.529,0.532,0.535,0.538,0.539,0.540,0.542,0.546,0.549,0.555,0.562,0.569,0.574,0.580,0.586,0.597,0.604,0.612,0.615,0.615,0.615,0.623,0.636,0.658,0.658,3.000,3.000,1.705,1.734,1.722,1.742,1.758,1.770,1.780,1.788,1.795,1.801,1.808,1.814,1.821,1.828,1.834,1.839,1.844,1.849,1.853,1.858,1.862,1.867,1.871,1.876,1.880,1.885,1.889,1.893,1.897,1.901,1.905,1.910,1.914,1.917,1.921,1.925,1.929,1.933,1.937,1.941,1.947,1.952,1.956,1.961,1.966,1.970,1.974,1.979,1.983,1.987,1.992,1.997,2.000,2.004,2.008,2.012,2.016,2.022,2.026,2.029,2.033,2.037,2.043,2.050,2.056,2.062,2.069,2.076,2.083,2.090,2.097,2.104,2.110,2.117,2.123,2.129,2.134,2.141,2.149,2.157,2.166,2.173,2.182,2.190,2.198,2.206,2.218,2.228,2.237,2.245,2.257,2.267,2.276,2.285,2.297,2.309,2.319,2.329,2.336,2.346,2.354,2.363,2.372,2.381,2.389,2.396,2.404,2.410,2.418,2.426,2.429,2.431,2.431,3.000,3.000,3.000,3.000,3.000,2.621,2.621,2.626,2.634,2.642,2.646,2.649,2.652,2.655,2.655,2.658,3.000,3.000,3.000,3.000,3.000,2.671,2.664
3.000,3.000,2.258,2.257,2.256,2.257,2.253,2.250,2.242,2.235,2.226,2.220,2.213,2.206,2.201,2.198,2.192,2.186,2.178,2.172,2.166,2.160,2.153,2.146,2.135,2.127,2.120,2.114,2.105,2.097,2.089,2.084,2.078,2.075,2.069,2.065,2.059,2.055,2.050,2.045,2.040,2.036,2.031,2.025,2.019,2.014,2.009,2.004,1.998,1.993,1.988,1.983,1.977,1.972,1.966,1.962,1.957,1.953,1.949,1.945,1.940,1.935,1.931,1.927,1.922,1.918,1.915,1.912,1.909,1.905,1.901,1.898,1.895,1.893,1.890,1.887,1.884,1.881,1.878,1.876,1.873,1.871,1.867,1.863,1.861,1.859,1.856,1.853,1.850,1.846,1.840,1.835,1.832,1.829,1.827,1.823,1.820,1.816,1.813,1.809,1.806,1.801,1.797,1.791,1.787,1.782,1.777,1.772,1.767,1.760,1.753,1.743,1.733,1.721,1.706,1.684,1.688,3.000,3.000,3.000,0.551,0.540,0.520,0.509,0.501,0.495,0.493,0.493,0.489,0.488,0.490,0.496,0.501,0.501,0.501,0.501,0.501,0.500,0.501,0.502,0.502,0.502,0.500,0.502,0.505,0.508,0.515,0.518,0.522,0.523,0.526,0.530,0.535,0.539,0.542,0.542,0.540,0.541,0.542,0.543,0.545,0.546,0.546,0.548,0.550,0.554,0.560,0.567,0.572,0.577,0.582,0.589,0.597,0.604,0.611,0.613,0.614,0.614,0.622,0.633,0.658,0.687,0.687,3.000,3.000,1.722,1.709,1.735,1.754,1.767,1.778,1.787,1.795,1.801,1.808,1.815,1.821,1.828,1.834,1.840,1.845,1.850,1.854,1.858,1.863,1.868,1.872,1.877,1.881,1.886,1.890,1.894,1.898,1.901,1.905,1.911,1.915,1.918,1.921,1.925,1.929,1.933,1.937,1.941,1.947,1.951,1.956,1.960,1.965,1.970,1.974,1.978,1.982,1.987,1.992,1.997,2.001,2.005,2.009,2.014,2.018,2.024,2.027,2.031,2.034,2.039,2.044,2.051,2.057,2.063,2.070,2.076,2.084,2.091,2.097,2.103,2.110,2.116,2.122,2.128,2.133,2.140,2.147,2.156,2.164,2.173,2.182,2.189,2.197,2.205,2.218,2.227,2.235,2.243,2.255,2.265,2.275,2.283,2.295,2.308,2.318,2.327,2.334,2.344,2.351,2.360,2.369,2.379,2.387,2.393,2.401,2.407,2.414,2.420,2.423,2.426,2.431,3.000,3.000,3.000,3.000,3.000,2.621,2.618,2.623,2.632,2.640,2.642,2.645,2.647,2.648,2.648,2.655,3.000,3.000,3.000,3.000,3.000,2.664,2.658
3.000,3.000,2.259,2.258,2.257,2.258,2.256,2.252,2.243,2.237,2.228,2.220,2.212,2.205,2.200,2.196,2.191,2.185,2.178,2.172,2.166,2.160,2.152,2.144,2.134,2.126,2.119,2.113,2.104,2.097,2.089,2.084,2.077,2.074,2.069,2.065,2.059,2.055,2.050,2.045,2.040,2.036,2.031,2.025,2.019,2.014,2.009,2.004,1.998,1.993,1.988,1.983,1.977,1.972,1.967,1.962,1.958,1.954,1.949,1.945,1.940,1.935,1.930,1.927,1.922,1.918,1.915,1.912,1.908,1.904,1.901,1.898,1.895,1.892,1.890,1.888,1.884,1.882,1.879,1.877,1.874,1.872,1.868,1.865,1.862,1.859,1.857,1.853,1.850,1.846,1.841,1.836,1.833,1.830,1.827,1.824,1.820,1.816,1.813,1.809,1.806,1.801,1.797,1.791,1.787,1.782,1.778,1.772,1.767,1.759,1.752,1.743,1.733,1.721,1.706,1.683,1.684,3.000,3.000,3.000,0.551,0.551,0.530,0.519,0.510,0.506,0.505,0.506,0.503,0.502,0.509,0.519,0.521,0.519,0.514,0.514,0.514,0.514,0.515,0.515,0.514,0.515,0.513,0.515,0.517,0.520,0.526,0.529,0.534,0.535,0.540,0.543,0.546,0.552,0.553,0.551,0.550,0.549,0.549,0.549,0.550,0.551,0.550,0.552,0.555,0.559,0.566,0.570,0.575,0.579,0.584,0.590,0.598,0.604,0.610,0.612,0.613,0.614,0.621,0.632,0.654,0.687,0.687,3.000,3.000,1.709,1.735,1.722,1.747,1.761,1.774,1.784,1.792,1.799,1.807,1.814,1.820,1.827,1.833,1.840,1.845,1.850,1.854,1.858,1.863,1.868,1.872,1.877,1.881,1.886,1.890,1.894,1.898,1.901,1.905,1.911,1.915,1.918,1.922,1.925,1.930,1.933,1.938,1.942,1.947,1.952,1.956,1.961,1.965,1.970,1.974,1.978,1.982,1.986,1.992,1.997,2.001,2.006,2.010,2.015,2.020,2.025,2.028,2.032,2.035,2.040,2.045,2.052,2.058,2.064,2.070,2.077,2.084,2.091,2.097,2.103,2.109,2.115,2.122,2.128,2.133,2.140,2.147,2.155,2.164,2.172,2.181,2.188,2.197,2.205,2.217,2.225,2.233,2.241,2.253,2.263,2.273,2.282,2.292,2.305,2.316,2.325,2.333,2.343,2.350,2.360,2.369,2.378,2.387,2.394,2.401,2.409,2.415,2.422,2.425,2.428,2.431,3.000,3.000,3.000,3.000,3.000,2.618,2.616,2.621,2.630,2.638,2.640,2.643,2.645,2.647,2.644,2.648,3.000,3.000,3.000,3.000,3.000,2.658,2.656
3.000,3.000,2.260,2.259,2.259,2.260,2.257,2.253,2.245,2.236,2.227,2.219,2.210,2.203,2.198,2.194,2.189,2.183,2.178,2.171,2.166,2.158,2.151,2.142,2.133,2.125,2.118,2.112,2.103,2.096,2.088,2.082,2.075,2.072,2.067,2.063,2.058,2.054,2.048,2.045,2.040,2.036,2.030,2.024,2.019,2.014,2.009,2.004,1.998,1.993,1.988,1.983,1.977,1.972,1.967,1.963,1.958,1.954,1.949,1.944,1.939,1.934,1.929,1.926,1.922,1.918,1.914,1.911,1.908,1.905,1.900,1.897,1.894,1.892,1.889,1.887,1.884,1.880,1.878,1.877,1.874,1.871,1.867,1.864,1.861,1.859,1.856,1.853,1.850,1.846,1.841,1.837,1.833,1.831,1.828,1.825,1.820,1.817,1.813,1.809,1.806,1.802,1.797,1.791,1.787,1.781,1.777,1.771,1.765,1.758,1.750,1.741,1.732,1.720,1.704,1.680,1.683,3.000,3.000,3.000,0.551,0.551,0.551,0.535,0.525,0.520,0.521,0.522,0.520,0.525,0.534,0.539,0.539,0.540,0.535,0.531,0.531,0.536,0.536,0.536,0.537,0.538,0.538,0.538,0.539,0.541,0.547,0.548,0.554,0.554,0.557,0.556,0.560,0.561,0.561,0.559,0.557,0.555,0.555,0.554,0.555,0.555,0.554,0.556,0.559,0.563,0.570,0.574,0.578,0.582,0.587,0.593,0.599,0.604,0.608,0.610,0.610,0.613,0.620,0.632,0.652,0.679,0.698,0.698,3.000,3.000,1.722,1.706,1.732,1.754,1.767,1.779,1.788,1.796,1.804,1.812,1.819,1.825,1.832,1.838,1.844,1.848,1.853,1.858,1.862,1.867,1.871,1.876,1.880,1.885,1.889,1.893,1.897,1.901,1.905,1.910,1.915,1.918,1.922,1.926,1.930,1.933,1.938,1.942,1.947,1.952,1.956,1.960,1.965,1.970,1.974,1.978,1.982,1.987,1.992,1.997,2.001,2.006,2.010,2.015,2.020,2.025,2.028,2.032,2.035,2.040,2.044,2.050,2.055,2.063,2.069,2.076,2.083,2.090,2.096,2.102,2.108,2.115,2.122,2.128,2.133,2.140,2.147,2.156,2.164,2.171,2.180,2.187,2.197,2.206,2.217,2.225,2.233,2.241,2.253,2.262,2.271,2.281,2.291,2.304,2.315,2.324,2.332,2.342,2.350,2.360,2.369,2.378,2.388,2.395,2.403,2.410,2.417,2.424,2.428,2.431,2.431,3.000,3.000,3.000,3.000,3.000,2.616,2.616,2.621,2.628,2.635,2.637,2.642,2.645,2.647,2.646,2.646,3.000,3.000,3.000,3.000,3.000,2.657,2.657
3.000,3.000,2.260,2.260,2.261,2.261,2.257,2.253,2.244,2.235,2.226,2.217,2.207,2.200,2.195,2.192,2.187,2.182,2.176,2.170,2.164,2.156,2.149,2.139,2.130,2.123,2.116,2.109,2.102,2.095,2.087,2.080,2.074,2.071,2.066,2.062,2.056,2.052,2.047,2.044,2.039,2.035,2.030,2.024,2.019,2.013,2.009,2.004,1.998,1.993,1.988,1.983,1.976,1.971,1.967,1.962,1.958,1.953,1.948,1.943,1.937,1.932,1.928,1.925,1.921,1.917,1.914,1.911,1.908,1.903,1.900,1.896,1.893,1.891,1.888,1.886,1.883,1.880,1.878,1.876,1.873,1.870,1.866,1.863,1.860,1.858,1.855,1.852,1.849,1.846,1.841,1.836,1.833,1.830,1.828,1.825,1.820,1.816,1.813,1.808,1.805,1.801,1.797,1.791,1.786,1.781,1.776,1.770,1.763,1.756,1.749,1.740,1.731,1.720,1.703,1.680,1.681,3.000,3.000,3.000,3.000,3.000,0.535,0.535,0.535,0.525,0.522,0.522,0.525,0.534,0.539,0.539,0.540,0.540,0.540,0.535,0.536,0.536,0.536,0.537,0.538,0.538,0.538,0.562,0.562,0.561,0.565,0.567,0.568,0.571,0.572,0.570,0.569,0.569,0.569,0.565,0.564,0.562,0.560,0.560,0.560,0.560,0.560,0.562,0.569,0.572,0.575,0.578,0.582,0.585,0.590,0.596,0.600,0.605,0.608,0.609,0.609,0.613,0.621,0.632,0.650,0.675,0.698,0.698,3.000,3.000,1.706,1.732,1.722,1.743,1.760,1.773,1.783,1.792,1.801,1.809,1.817,1.824,1.830,1.837,1.843,1.847,1.852,1.857,1.862,1.866,1.871,1.875,1.880,1.884,1.889,1.893,1.897,1.901,1.905,1.910,1.916,1.919,1.923,1.927,1.931,1.934,1.939,1.943,1.948,1.952,1.956,1.960,1.965,1.970,1.974,1.978,1.982,1.987,1.992,1.997,2.001,2.005,2.011,2.015,2.020,2.025,2.028,2.032,2.035,2.039,2.043,2.049,2.055,2.062,2.069,2.075,2.083,2.089,2.096,2.102,2.108,2.114,2.121,2.128,2.133,2.140,2.147,2.157,2.165,2.172,2.179,2.186,2.196,2.205,2.215,2.224,2.232,2.240,2.252,2.261,2.271,2.280,2.291,2.303,2.313,2.322,2.331,2.341,2.349,2.359,2.369,2.378,2.388,2.396,2.404,2.410,2.417,2.424,2.429,2.431,2.433,3.000,3.000,3.000,3.000,3.000,2.616,2.616,2.620,2.627,2.632,2.634,2.637,2.642,2.644,2.644,2.646,3.000,3.000,3.000,3.000,3.000,2.657,2.654
3.000,3.000,2.260,2.260,2.261,2.261,2.258,2.252,2.242,2.233,2.223,2.217,2.206,2.199,2.193,2.189,2.185,2.179,2.174,2.168,2.162,2.154,2.147,2.136,2.128,2.120,2.113,2.107,2.100,2.093,2.085,2.078,2.073,2.070,2.066,2.062,2.057,2.052,2.047,2.043,2.039,2.034,2.029,2.023,2.019,2.013,2.008,2.003,1.997,1.993,1.987,1.982,1.976,1.970,1.966,1.961,1.957,1.952,1.947,1.942,1.937,1.932,1.928,1.925,1.921,1.917,1.914,1.911,1.907,1.903,1.899,1.895,1.892,1.889,1.886,1.884,1.881,1.879,1.877,1.875,1.872,1.868,1.864,1.862,1.859,1.857,1.854,1.851,1.848,1.845,1.841,1.836,1.833,1.830,1.827,1.824,1.820,1.815,1.812,1.808,1.805,1.800,1.796,1.790,1.785,1.780,1.775,1.769,1.763,1.755,1.747,1.739,1.730,1.719,1.704,1.681,1.681,3.000,3.000,3.000,3.000,3.000,3.000,3.000,3.000,3.000,3.000,3.000,3.000,3.000,3.000,3.000,3.000,3.000,3.000,3.000,3.000,3.000,3.000,3.000,3.000,3.000,3.000,0.562,0.589,0.589,0.591,0.585,0.584,0.585,0.584,0.583,0.577,0.576,0.575,0.572,0.569,0.567,0.566,0.564,0.565,0.565,0.565,0.568,0.574,0.576,0.579,0.582,0.585,0.589,0.593,0.598,0.601,0.606,0.607,0.607,0.609,0.614,0.623,0.633,0.649,0.672,0.689,0.705,0.705,3.000,3.000,1.722,1.743,1.734,1.753,1.768,1.779,1.789,1.799,1.807,1.815,1.822,1.829,1.836,1.841,1.846,1.851,1.855,1.861,1.865,1.870,1.875,1.880,1.884,1.889,1.893,1.897,1.900,1.906,1.911,1.916,1.919,1.923,1.927,1.931,1.934,1.939,1.942,1.947,1.951,1.955,1.960,1.964,1.969,1.974,1.979,1.983,1.987,1.992,1.997,2.001,2.006,2.011,2.016,2.020,2.024,2.028,2.032,2.035,2.039,2.043,2.048,2.054,2.061,2.069,2.075,2.081,2.088,2.096,2.102,2.108,2.114,2.120,2.128,2.133,2.140,2.148,2.156,2.165,2.172,2.179,2.186,2.196,2.203,2.214,2.223,2.232,2.239,2.252,2.261,2.270,2.280,2.291,2.302,2.312,2.321,2.330,2.340,2.349,2.358,2.369,2.378,2.388,2.397,2.404,2.411,2.418,2.425,2.430,2.433,2.433,3.000,3.000,3.000,3.000,3.000,2.616,2.616,2.621,2.627,2.631,2.632,2.633,2.636,2.640,2.637,2.644,2.634,3.000,3.000,3.000,3.000,2.654,2.652
3.000,3.000,2.260,2.259,2.259,2.258,2.255,2.250,2.236,2.228,2.220,2.214,2.205,2.198,2.192,2.189,2.184,2.178,2.173,2.168,2.162,2.153,2.146,2.135,2.126,2.119,2.112,2.106,2.099,2.093,2.084,2.078,2.073,2.070,2.067,2.063,2.058,2.054,2.048,2.044,2.039,2.034,2.030,2.024,2.019,2.013,2.008,2.003,1.997,1.993,1.987,1.982,1.975,1.970,1.965,1.961,1.956,1.951,1.946,1.941,1.937,1.932,1.928,1.924,1.921,1.917,1.914,1.911,1.907,1.903,1.899,1.895,1.892,1.888,1.885,1.883,1.880,1.878,1.876,1.874,1.870,1.867,1.863,1.861,1.859,1.856,1.853,1.850,1.847,1.844,1.840,1.835,1.832,1.829,1.826,1.823,1.819,1.815,1.811,1.807,1.804,1.799,1.795,1.789,1.784,1.779,1.774,1.767,1.761,1.754,1.746,1.738,1.729,1.718,1.703,1.679,1.681,3.000,3.000,3.000,3.000,3.000,3.000,3.000,3.000,3.000,3.000,3.000,3.000,3.000,3.000,3.000,3.000,3.000,3.000,3.000,3.000,3.000,3.000,3.000,3.000,3.000,3.000,3.000,0.589,0.611,0.611,0.601,0.597,0.596,0.594,0.589,0.583,0.581,0.579,0.576,0.572,0.571,0.570,0.569,0.570,0.570,0.574,0.576,0.579,0.581,0.583,0.587,0.589,0.594,0.597,0.600,0.603,0.607,0.608,0.608,0.610,0.616,0.627,0.636,0.651,0.671,0.686,0.705,0.705,3.000,3.000,3.000,1.734,1.753,1.741,1.760,1.773,1.784,1.795,1.803,1.812,1.820,1.827,1.834,1.840,1.845,1.850,1.854,1.859,1.863,1.869,1.874,1.879,1.884,1.888,1.892,1.896,1.900,1.906,1.911,1.916,1.919,1.923,1.927,1.931,1.934,1.938,1.942,1.946,1.951,1.955,1.959,1.964,1.969,1.974,1.979,1.983,1.987,1.992,1.997,2.001,2.005,2.010,2.014,2.018,2.022,2.027,2.031,2.035,2.038,2.043,2.048,2.054,2.063,2.069,2.075,2.082,2.088,2.096,2.103,2.109,2.115,2.121,2.128,2.134,2.141,2.148,2.157,2.165,2.172,2.180,2.187,2.196,2.204,2.213,2.222,2.231,2.239,2.251,2.260,2.270,2.280,2.291,2.301,2.311,2.321,2.329,2.340,2.349,2.358,2.369,2.377,2.387,2.395,2.403,2.410,2.417,2.423,2.429,2.432,2.433,3.000,3.000,3.000,3.000,3.000,2.616,2.621,2.620,2.625,2.629,2.630,2.631,2.634,2.636,2.635,2.634,2.635,3.000,3.000,3.000,3.000,2.653,2.652
3.000,3.000,2.259,2.258,2.258,2.257,2.254,2.249,2.240,2.229,2.221,2.215,2.206,2.200,2.193,2.190,2.185,2.178,2.173,2.168,2.162,2.153,2.145,2.133,2.125,2.118,2.111,2.104,2.097,2.091,2.084,2.078,2.074,2.071,2.068,2.065,2.059,2.055,2.049,2.044,2.039,2.034,2.030,2.024,2.019,2.013,2.008,2.002,1.996,1.992,1.986,1.980,1.974,1.969,1.964,1.960,1.955,1.949,1.944,1.940,1.935,1.931,1.928,1.924,1.920,1.916,1.913,1.910,1.907,1.903,1.899,1.895,1.892,1.888,1.885,1.883,1.880,1.878,1.876,1.873,1.870,1.867,1.863,1.861,1.858,1.855,1.852,1.849,1.846,1.843,1.839,1.833,1.830,1.827,1.824,1.822,1.818,1.814,1.810,1.806,1.803,1.799,1.794,1.788,1.784,1.778,1.773,1.766,1.759,1.752,1.744,1.735,1.726,1.715,1.698,1.676,1.679,3.000,3.000,3.000,3.000,0.934,0.934,0.934,0.921,0.911,0.900,0.892,0.887,0.887,0.884,0.877,0.871,0.865,0.862,0.857,0.857,0.853,0.851,0.846,0.844,0.841,0.836,0.829,3.000,0.611,0.622,0.622,0.613,0.609,0.603,0.597,0.594,0.587,0.583,0.579,0.574,0.573,0.573,0.572,0.573,0.573,0.579,0.580,0.583,0.585,0.587,0.590,0.593,0.597,0.599,0.603,0.604,0.607,0.608,0.608,0.612,0.620,0.630,0.639,0.653,0.673,0.685,0.702,0.705,3.000,3.000,3.000,3.000,1.741,1.760,1.749,1.766,1.778,1.790,1.799,1.809,1.817,1.825,1.833,1.838,1.843,1.848,1.853,1.857,1.862,1.867,1.873,1.878,1.883,1.888,1.892,1.896,1.900,1.906,1.911,1.916,1.919,1.922,1.926,1.930,1.934,1.938,1.941,1.946,1.950,1.954,1.959,1.963,1.968,1.974,1.978,1.982,1.986,1.992,1.996,2.000,2.004,2.008,2.013,2.016,2.020,2.024,2.030,2.034,2.038,2.042,2.048,2.055,2.064,2.070,2.076,2.082,2.089,2.097,2.104,2.110,2.116,2.122,2.130,2.135,2.142,2.150,2.157,2.165,2.173,2.180,2.188,2.197,2.205,2.213,2.222,2.231,2.239,2.250,2.259,2.268,2.278,2.289,2.299,2.310,2.320,2.329,2.339,2.349,2.358,2.368,2.376,2.385,2.393,2.401,2.408,2.415,2.421,2.427,2.428,2.432,3.000,3.000,3.000,3.000,3.000,3.000,2.620,2.619,2.624,2.627,2.629,2.631,2.633,2.636,2.635,2.635,2.635,3.000,3.000,3.000,3.000,2.653,2.653
3.000,3.000,2.258,2.256,2.256,2.253,2.252,2.247,2.239,2.229,2.220,2.215,2.206,2.200,2.193,2.190,2.185,2.178,2.172,2.167,2.161,2.152,2.144,2.132,2.124,2.117,2.110,2.104,2.098,2.093,2.085,2.080,2.075,2.072,2.069,2.066,2.061,2.056,2.050,2.044,2.039,2.034,2.029,2.024,2.019,2.013,2.008,2.002,1.996,1.991,1.985,1.980,1.973,1.968,1.964,1.959,1.955,1.949,1.944,1.939,1.935,1.931,1.928,1.924,1.920,1.916,1.913,1.910,1.906,1.903,1.898,1.895,1.891,1.888,1.885,1.883,1.880,1.878,1.876,1.873,1.870,1.867,1.863,1.861,1.858,1.854,1.850,1.847,1.845,1.841,1.837,1.832,1.829,1.825,1.822,1.820,1.816,1.813,1.809,1.805,1.802,1.798,1.793,1.787,1.783,1.777,1.771,1.764,1.757,1.750,1.742,1.733,1.723,1.711,1.694,1.671,1.676,3.000,3.000,3.000,3.000,0.945,0.934,0.921,0.911,0.900,0.892,0.886,0.887,0.884,0.877,0.871,0.865,0.862,0.857,0.857,0.853,0.851,0.846,0.844,0.841,0.836,0.829,0.845,0.837,0.824,0.622,0.630,0.630,0.622,0.613,0.604,0.599,0.591,0.586,0.582,0.577,0.577,0.577,0.577,0.580,0.580,0.584,0.585,0.588,0.590,0.593,0.597,0.599,0.601,0.602,0.605,0.606,0.608,0.609,0.610,0.616,0.625,0.634,0.644,0.656,0.674,0.686,0.700,0.715,0.715,3.000,3.000,3.000,3.000,1.749,1.733,1.755,1.771,1.784,1.794,1.805,1.814,1.823,1.831,1.837,1.842,1.846,1.851,1.856,1.861,1.866,1.872,1.877,1.882,1.887,1.891,1.895,1.899,1.905,1.910,1.915,1.918,1.922,1.926,1.930,1.933,1.937,1.941,1.945,1.949,1.954,1.958,1.963,1.967,1.973,1.977,1.982,1.986,1.991,1.996,2.000,2.004,2.008,2.013,2.017,2.020,2.024,2.030,2.034,2.038,2.042,2.049,2.056,2.064,2.070,2.076,2.082,2.089,2.098,2.104,2.110,2.117,2.123,2.130,2.136,2.142,2.150,2.157,2.165,2.172,2.181,2.188,2.197,2.205,2.213,2.221,2.230,2.238,2.249,2.258,2.267,2.277,2.288,2.298,2.309,2.319,2.327,2.339,2.348,2.357,2.367,2.375,2.383,2.391,2.399,2.406,2.414,2.420,2.425,2.426,2.428,3.000,3.000,3.000,3.000,3.000,3.000,2.619,2.619,2.624,2.627,2.629,2.631,2.633,2.636,2.635,2.635,2.636,3.000,3.000,3.000,3.000,2.653,2.653
3.000,3.000,2.256,2.254,2.255,2.252,2.251,2.246,2.237,2.230,2.220,2.214,2.206,2.198,2.190,2.187,2.180,2.174,2.168,2.163,2.158,2.150,2.142,2.130,2.122,2.116,2.109,2.104,2.097,2.092,2.086,2.080,2.075,2.072,2.069,2.066,2.061,2.056,2.049,2.043,2.038,2.033,2.028,2.023,2.018,2.012,2.007,2.001,1.994,1.989,1.983,1.978,1.973,1.967,1.963,1.958,1.954,1.948,1.944,1.939,1.935,1.931,1.928,1.924,1.920,1.916,1.913,1.910,1.906,1.902,1.897,1.894,1.890,1.887,1.885,1.882,1.879,1.877,1.875,1.872,1.869,1.866,1.862,1.859,1.856,1.852,1.849,1.845,1.843,1.839,1.835,1.830,1.827,1.824,1.821,1.818,1.815,1.811,1.808,1.804,1.801,1.797,1.792,1.786,1.782,1.775,1.770,1.761,1.755,1.747,1.738,1.729,1.719,1.706,1.688,1.662,1.671,3.000,3.000,3.000,0.974,0.974,0.945,0.932,0.923,0.913,0.905,0.899,0.901,0.897,0.892,0.886,0.882,0.879,0.876,0.873,0.869,0.866,0.863,0.860,0.857,0.851,0.845,0.837,0.824,0.840,0.827,0.630,0.630,0.630,0.626,0.615,0.608,0.599,0.593,0.590,0.585,0.585,0.584,0.583,0.587,0.586,0.590,0.591,0.594,0.596,0.600,0.602,0.603,0.605,0.605,0.606,0.607,0.609,0.610,0.613,0.620,0.629,0.637,0.648,0.659,0.677,0.687,0.699,0.715,0.715,3.000,3.000,3.000,3.000,1.733,1.755,1.740,1.762,1.777,1.790,1.802,1.811,1.821,1.829,1.835,1.840,1.845,1.850,1.855,1.860,1.865,1.871,1.876,1.880,1.886,1.890,1.894,1.899,1.904,1.910,1.914,1.918,1.921,1.925,1.929,1.933,1.937,1.941,1.945,1.949,1.954,1.959,1.963,1.968,1.973,1.977,1.981,1.986,1.991,1.996,2.000,2.004,2.009,2.014,2.018,2.021,2.026,2.031,2.035,2.039,2.043,2.050,2.057,2.064,2.070,2.076,2.082,2.088,2.097,2.104,2.110,2.117,2.124,2.131,2.136,2.142,2.150,2.157,2.165,2.173,2.181,2.188,2.196,2.204,2.211,2.219,2.228,2.236,2.247,2.256,2.266,2.277,2.287,2.297,2.307,2.317,2.325,2.338,2.348,2.357,2.366,2.374,2.381,2.389,2.399,2.405,2.413,2.418,2.423,2.422,2.426,3.000,3.000,3.000,3.000,3.000,3.000,2.619,2.618,2.623,2.627,2.627,2.630,2.633,2.636,2.636,2.636,2.637,3.000,3.000,3.000,3.000,3.000,3.000
3.000,3.000,2.254,2.252,2.252,2.246,2.247,2.244,2.235,2.229,2.219,2.213,2.206,2.199,2.190,2.185,2.179,2.173,2.167,2.162,2.157,2.149,2.141,2.129,2.122,2.115,2.108,2.103,2.097,2.092,2.086,2.080,2.075,2.072,2.069,2.065,2.061,2.056,2.049,2.043,2.037,2.033,2.028,2.023,2.017,2.012,2.007,2.001,1.993,1.988,1.983,1.977,1.972,1.966,1.962,1.958,1.953,1.948,1.943,1.939,1.935,1.931,1.928,1.924,1.920,1.916,1.912,1.909,1.904,1.900,1.896,1.892,1.889,1.886,1.884,1.880,1.877,1.875,1.873,1.871,1.868,1.865,1.861,1.859,1.855,1.851,1.847,1.844,1.842,1.838,1.834,1.830,1.826,1.823,1.820,1.817,1.814,1.811,1.807,1.803,1.800,1.795,1.791,1.785,1.781,1.774,1.768,1.759,1.752,1.743,1.734,1.723,1.712,1.698,1.678,1.688,1.662,3.000,3.000,1.004,1.004,0.974,0.951,0.939,0.930,0.920,0.913,0.907,0.908,0.905,0.899,0.895,0.891,0.888,0.884,0.882,0.878,0.875,0.872,0.870,0.867,0.862,0.857,0.850,0.840,0.827,0.840,0.826,0.815,0.626,0.626,0.626,0.624,0.613,0.607,0.601,0.596,0.596,0.597,0.595,0.596,0.595,0.596,0.599,0.602,0.603,0.605,0.607,0.607,0.608,0.607,0.608,0.608,0.610,0.613,0.616,0.627,0.633,0.641,0.651,0.663,0.679,0.688,0.699,0.713,0.715,3.000,3.000,3.000,3.000,3.000,1.740,1.762,1.749,1.769,1.784,1.798,1.808,1.818,1.827,1.834,1.839,1.844,1.849,1.854,1.859,1.864,1.870,1.875,1.879,1.885,1.889,1.893,1.898,1.903,1.908,1.912,1.916,1.920,1.924,1.929,1.933,1.937,1.941,1.945,1.949,1.953,1.958,1.962,1.967,1.972,1.976,1.980,1.984,1.991,1.996,2.000,2.004,2.009,2.015,2.019,2.022,2.026,2.032,2.036,2.040,2.044,2.050,2.057,2.064,2.069,2.075,2.081,2.088,2.096,2.103,2.109,2.116,2.123,2.130,2.135,2.141,2.148,2.156,2.164,2.172,2.180,2.187,2.195,2.201,2.208,2.216,2.226,2.235,2.247,2.256,2.266,2.276,2.286,2.295,2.306,2.315,2.324,2.337,2.347,2.356,2.365,2.373,2.381,2.389,2.400,2.406,2.414,2.418,2.424,2.423,2.423,3.000,3.000,3.000,3.000,3.000,3.000,2.618,2.618,2.624,2.628,2.628,2.630,2.633,2.637,2.636,2.637,2.638,3.000,3.000,3.000,3.000,3.000,3.000
3.000,3.000,2.252,2.248,2.247,2.241,2.242,2.241,2.234,2.225,2.217,2.212,2.206,2.199,2.191,2.185,2.179,2.174,2.168,2.163,2.158,2.150,2.142,2.129,2.122,2.114,2.107,2.101,2.096,2.091,2.086,2.081,2.075,2.071,2.068,2.065,2.061,2.056,2.048,2.043,2.037,2.033,2.028,2.023,2.018,2.013,2.007,2.000,1.994,1.987,1.982,1.977,1.972,1.966,1.962,1.957,1.952,1.947,1.943,1.939,1.935,1.931,1.927,1.923,1.918,1.914,1.911,1.907,1.903,1.899,1.895,1.891,1.887,1.885,1.882,1.878,1.875,1.873,1.872,1.869,1.867,1.863,1.861,1.858,1.855,1.851,1.847,1.844,1.841,1.838,1.834,1.830,1.826,1.822,1.819,1.817,1.814,1.810,1.807,1.803,1.799,1.794,1.789,1.783,1.778,1.771,1.764,1.754,1.746,1.736,1.727,1.714,1.703,1.685,1.698,1.678,3.000,3.000,3.000,1.004,1.004,0.975,0.957,0.945,0.936,0.927,0.919,0.913,0.913,0.909,0.904,0.900,0.896,0.893,0.889,0.886,0.883,0.880,0.877,0.875,0.873,0.869,0.864,0.858,0.850,0.840,0.826,0.815,0.834,0.822,3.000,0.624,0.677,0.644,0.632,0.624,0.616,0.614,0.613,0.609,0.608,0.606,0.606,0.607,0.608,0.609,0.609,0.610,0.610,0.611,0.609,0.610,0.611,0.614,0.618,0.621,0.633,0.639,0.647,0.656,0.669,0.681,0.689,0.698,0.711,0.772,0.772,0.772,3.000,3.000,3.000,3.000,1.749,1.769,1.759,1.777,1.793,1.805,1.815,1.825,1.832,1.838,1.843,1.848,1.853,1.858,1.864,1.869,1.875,1.879,1.884,1.888,1.893,1.897,1.902,1.907,1.911,1.915,1.919,1.923,1.927,1.932,1.936,1.940,1.944,1.948,1.952,1.957,1.961,1.966,1.971,1.974,1.978,1.982,1.988,1.994,1.998,2.003,2.007,2.013,2.017,2.021,2.024,2.029,2.033,2.038,2.043,2.049,2.056,2.063,2.069,2.074,2.080,2.087,2.095,2.103,2.108,2.115,2.121,2.128,2.134,2.140,2.147,2.155,2.163,2.172,2.179,2.186,2.195,2.201,2.208,2.215,2.226,2.236,2.247,2.256,2.267,2.276,2.285,2.294,2.305,2.316,2.325,2.338,2.348,2.357,2.367,2.374,2.383,2.390,2.403,2.408,2.416,2.419,2.425,2.423,2.425,3.000,3.000,3.000,3.000,3.000,3.000,2.618,2.618,2.622,2.626,2.627,2.631,2.631,2.637,2.636,2.638,2.638,3.000,3.000,3.000,3.000,3.000,3.000
3.000,3.000,2.248,2.245,2.245,2.240,2.240,2.239,2.234,2.225,2.216,2.210,2.205,2.199,2.192,2.185,2.179,2.173,2.168,2.163,2.158,2.150,2.142,2.129,2.121,2.114,2.105,2.100,2.093,2.090,2.084,2.080,2.074,2.070,2.068,2.064,2.060,2.054,2.048,2.042,2.037,2.032,2.028,2.023,2.018,2.013,2.006,2.000,1.994,1.987,1.982,1.976,1.971,1.966,1.961,1.956,1.951,1.947,1.942,1.938,1.934,1.931,1.926,1.922,1.917,1.913,1.909,1.905,1.901,1.897,1.892,1.888,1.885,1.883,1.880,1.876,1.873,1.871,1.869,1.867,1.866,1.862,1.859,1.856,1.854,1.850,1.847,1.843,1.840,1.837,1.833,1.829,1.825,1.821,1.818,1.816,1.813,1.809,1.805,1.801,1.797,1.792,1.787,1.781,1.774,1.767,1.760,1.748,1.740,1.727,1.716,1.700,1.687,1.663,1.685,3.000,3.000,3.000,1.015,1.015,0.998,0.976,0.961,0.952,0.942,0.935,0.927,0.920,0.918,0.914,0.909,0.904,0.900,0.897,0.893,0.890,0.887,0.884,0.882,0.880,0.878,0.874,0.870,0.866,0.859,0.853,0.842,0.834,0.822,0.838,0.828,0.815,0.677,0.677,0.652,0.641,0.628,0.626,0.623,0.619,0.617,0.612,0.612,0.611,0.612,0.612,0.611,0.613,0.612,0.613,0.612,0.613,0.615,0.619,0.628,0.632,0.640,0.645,0.653,0.662,0.672,0.683,0.690,0.698,0.710,0.740,0.772,0.785,0.785,3.000,3.000,3.000,3.000,1.759,1.777,1.768,1.788,1.801,1.812,1.823,1.830,1.836,1.842,1.847,1.852,1.857,1.863,1.868,1.873,1.878,1.883,1.887,1.891,1.896,1.901,1.906,1.910,1.914,1.918,1.922,1.926,1.931,1.935,1.939,1.942,1.946,1.951,1.956,1.960,1.964,1.969,1.972,1.976,1.981,1.986,1.992,1.997,2.002,2.006,2.012,2.016,2.020,2.024,2.029,2.033,2.038,2.043,2.049,2.056,2.062,2.067,2.073,2.079,2.086,2.094,2.101,2.107,2.114,2.120,2.128,2.133,2.139,2.146,2.154,2.162,2.171,2.179,2.185,2.194,2.201,2.208,2.215,2.225,2.234,2.246,2.255,2.266,2.275,2.285,2.294,2.305,2.317,2.328,2.339,2.349,2.358,2.368,2.375,2.385,2.394,2.404,2.409,2.417,2.420,2.427,2.425,2.426,3.000,3.000,3.000,3.000,3.000,3.000,2.618,2.617,2.620,2.624,2.625,2.629,2.630,2.637,2.634,2.638,2.642,3.000,3.000,3.000,3.000,3.000,3.000
3.000,3.000,2.252,2.248,2.249,2.242,2.242,2.240,2.234,2.227,2.216,2.211,2.205,2.199,2.193,2.187,2.179,2.174,2.167,2.163,2.157,2.149,2.142,2.131,2.121,2.113,2.104,2.098,2.091,2.087,2.083,2.078,2.072,2.069,2.066,2.063,2.059,2.054,2.047,2.042,2.037,2.032,2.027,2.022,2.017,2.011,2.006,2.000,1.993,1.988,1.982,1.976,1.971,1.965,1.961,1.956,1.951,1.945,1.941,1.937,1.934,1.930,1.925,1.921,1.916,1.912,1.907,1.903,1.899,1.895,1.890,1.886,1.883,1.881,1.879,1.875,1.872,1.870,1.868,1.866,1.864,1.861,1.858,1.855,1.853,1.849,1.846,1.842,1.839,1.835,1.832,1.827,1.823,1.819,1.816,1.814,1.811,1.807,1.803,1.798,1.794,1.788,1.783,1.776,1.769,1.762,1.751,1.739,1.730,1.716,1.702,1.683,1.700,1.687,1.663,3.000,3.000,1.023,1.023,1.015,0.994,0.977,0.964,0.956,0.949,0.943,0.935,0.928,0.924,0.919,0.914,0.909,0.904,0.901,0.897,0.894,0.891,0.888,0.886,0.884,0.883,0.879,0.876,0.873,0.868,0.862,0.854,0.848,0.838,0.828,0.815,0.832,0.820,0.677,0.687,0.655,0.641,0.635,0.630,0.626,0.622,0.616,0.614,0.613,0.613,0.613,0.612,0.614,0.613,0.614,0.613,0.615,0.618,0.622,0.631,0.636,0.643,0.649,0.657,0.667,0.675,0.684,0.691,0.698,0.708,0.735,0.761,0.785,0.797,0.797,3.000,3.000,3.000,3.000,1.768,1.757,1.780,1.796,1.809,1.820,1.828,1.835,1.840,1.846,1.851,1.856,1.862,1.866,1.872,1.876,1.881,1.886,1.890,1.895,1.899,1.904,1.908,1.913,1.917,1.921,1.925,1.930,1.934,1.938,1.941,1.945,1.949,1.954,1.959,1.963,1.967,1.971,1.975,1.980,1.985,1.991,1.996,2.001,2.006,2.012,2.016,2.020,2.024,2.029,2.033,2.037,2.043,2.049,2.054,2.061,2.066,2.072,2.078,2.085,2.093,2.100,2.106,2.113,2.120,2.127,2.133,2.139,2.146,2.154,2.163,2.173,2.180,2.187,2.195,2.201,2.208,2.214,2.223,2.231,2.243,2.252,2.265,2.274,2.284,2.294,2.306,2.319,2.329,2.340,2.350,2.359,2.369,2.377,2.390,2.399,2.407,2.411,2.418,2.422,2.429,2.426,2.429,3.000,3.000,3.000,3.000,3.000,3.000,2.617,2.615,2.618,2.622,2.624,2.627,2.628,2.636,2.637,2.642,2.642,3.000,3.000,3.000,3.000,3.000,3.000
3.000,3.000,2.256,2.252,2.252,2.245,2.244,2.241,2.235,2.228,2.217,2.212,2.205,2.200,2.193,2.187,2.180,2.174,2.167,2.162,2.156,2.148,2.140,2.128,2.120,2.112,2.103,2.097,2.090,2.086,2.081,2.077,2.069,2.067,2.064,2.062,2.057,2.052,2.046,2.041,2.036,2.031,2.026,2.021,2.016,2.011,2.005,2.000,1.993,1.987,1.982,1.976,1.970,1.965,1.960,1.955,1.950,1.944,1.940,1.936,1.933,1.930,1.925,1.921,1.916,1.911,1.907,1.903,1.898,1.894,1.888,1.885,1.882,1.879,1.877,1.874,1.871,1.869,1.867,1.865,1.863,1.860,1.857,1.854,1.852,1.849,1.846,1.841,1.839,1.835,1.831,1.826,1.822,1.818,1.815,1.812,1.809,1.805,1.801,1.795,1.790,1.783,1.777,1.769,1.762,1.751,1.741,1.727,1.715,1.696,1.716,1.702,1.683,3.000,3.000,3.000,1.030,1.030,1.023,1.005,0.989,0.976,0.965,0.958,0.952,0.946,0.940,0.934,0.930,0.925,0.919,0.914,0.909,0.904,0.900,0.897,0.894,0.892,0.889,0.887,0.886,0.883,0.880,0.877,0.873,0.869,0.863,0.858,0.850,0.843,0.832,0.820,0.832,0.817,0.687,0.687,0.655,0.647,0.641,0.634,0.628,0.620,0.616,0.615,0.614,0.614,0.613,0.615,0.615,0.616,0.617,0.620,0.626,0.630,0.636,0.641,0.648,0.654,0.660,0.670,0.678,0.685,0.691,0.697,0.707,0.731,0.754,0.773,0.797,0.797,3.000,3.000,3.000,3.000,1.757,1.780,1.772,1.790,1.806,1.817,1.826,1.833,1.839,1.845,1.850,1.855,1.860,1.865,1.871,1.875,1.880,1.885,1.890,1.894,1.898,1.903,1.908,1.913,1.917,1.921,1.925,1.930,1.934,1.938,1.941,1.945,1.949,1.954,1.958,1.962,1.966,1.970,1.975,1.980,1.985,1.990,1.995,2.000,2.005,2.011,2.015,2.019,2.023,2.027,2.032,2.036,2.042,2.048,2.053,2.058,2.063,2.070,2.076,2.084,2.091,2.099,2.105,2.112,2.119,2.126,2.132,2.138,2.145,2.153,2.162,2.172,2.179,2.186,2.194,2.200,2.207,2.214,2.222,2.230,2.242,2.251,2.265,2.274,2.285,2.295,2.307,2.319,2.330,2.340,2.350,2.360,2.369,2.377,2.390,2.400,2.407,2.412,2.419,2.423,2.430,2.429,2.430,3.000,3.000,3.000,3.000,3.000,3.000,2.615,2.613,2.617,2.621,2.623,2.627,2.628,2.636,2.636,2.640,2.642,3.000,3.000,3.000,3.000,3.000,3.000
3.000,3.000,2.258,2.256,2.257,2.247,2.246,2.241,2.237,2.230,2.221,2.213,2.207,2.201,2.194,2.187,2.180,2.173,2.166,2.161,2.155,2.147,2.138,2.127,2.118,2.109,2.101,2.096,2.089,2.085,2.080,2.074,2.067,2.064,2.063,2.060,2.056,2.051,2.045,2.040,2.035,2.030,2.025,2.020,2.015,2.009,2.004,1.999,1.993,1.987,1.980,1.974,1.969,1.964,1.959,1.955,1.948,1.943,1.939,1.936,1.933,1.930,1.926,1.921,1.917,1.912,1.907,1.903,1.898,1.894,1.888,1.884,1.881,1.879,1.876,1.873,1.871,1.869,1.866,1.865,1.863,1.860,1.857,1.855,1.852,1.848,1.846,1.842,1.839,1.835,1.831,1.826,1.822,1.817,1.814,1.810,1.807,1.802,1.798,1.790,1.785,1.777,1.770,1.761,1.752,1.738,1.727,1.709,1.727,1.715,1.696,3.000,3.000,3.000,1.048,1.048,1.048,1.030,1.011,0.997,0.984,0.973,0.964,0.958,0.953,0.948,0.943,0.938,0.933,0.928,0.923,0.918,0.912,0.907,0.903,0.900,0.896,0.894,0.892,0.890,0.888,0.885,0.883,0.880,0.877,0.873,0.868,0.864,0.858,0.851,0.843,0.832,0.817,0.834,0.812,0.687,0.693,0.665,0.655,0.642,0.634,0.621,0.615,0.612,0.611,0.612,0.612,0.615,0.616,0.618,0.620,0.626,0.630,0.635,0.640,0.646,0.652,0.657,0.664,0.673,0.680,0.686,0.692,0.698,0.707,0.729,0.747,0.766,0.786,0.803,0.803,3.000,3.000,3.000,3.000,1.772,1.764,1.785,1.801,1.813,1.823,1.830,1.838,1.844,1.850,1.854,1.860,1.865,1.871,1.875,1.880,1.885,1.889,1.894,1.898,1.903,1.908,1.913,1.917,1.921,1.925,1.930,1.935,1.938,1.941,1.945,1.949,1.954,1.958,1.962,1.967,1.970,1.975,1.980,1.985,1.990,1.994,2.001,2.005,2.011,2.015,2.019,2.022,2.027,2.031,2.036,2.041,2.047,2.052,2.058,2.063,2.069,2.075,2.083,2.090,2.098,2.104,2.111,2.118,2.124,2.130,2.137,2.144,2.152,2.161,2.171,2.178,2.185,2.192,2.199,2.206,2.212,2.221,2.229,2.240,2.250,2.264,2.273,2.284,2.293,2.306,2.318,2.329,2.338,2.348,2.359,2.367,2.377,2.387,2.399,2.407,2.412,2.419,2.423,2.430,2.430,2.435,2.435,3.000,3.000,3.000,3.000,3.000,2.613,2.613,2.618,2.622,2.624,2.628,2.629,2.636,2.636,2.639,2.640,3.000,3.000,3.000,3.000,3.000,3.000
3.000,3.000,2.264,2.258,2.259,2.249,2.248,2.242,2.238,2.231,2.223,2.218,2.208,2.203,2.194,2.187,2.180,2.172,2.165,2.159,2.153,2.141,2.134,2.125,2.116,2.108,2.100,2.095,2.089,2.084,2.079,2.074,2.068,2.065,2.063,2.060,2.056,2.050,2.044,2.039,2.034,2.030,2.024,2.020,2.014,2.009,2.004,1.999,1.992,1.986,1.979,1.973,1.968,1.963,1.959,1.954,1.948,1.943,1.939,1.935,1.933,1.930,1.925,1.921,1.917,1.912,1.907,1.903,1.898,1.894,1.888,1.884,1.880,1.877,1.876,1.873,1.871,1.869,1.867,1.865,1.863,1.861,1.858,1.855,1.852,1.848,1.846,1.842,1.839,1.835,1.831,1.826,1.822,1.816,1.812,1.808,1.804,1.798,1.793,1.786,1.779,1.770,1.761,1.750,1.739,1.715,1.738,1.727,1.709,3.000,3.000,3.000,1.052,1.052,1.052,1.048,1.028,1.014,1.001,0.990,0.979,0.969,0.963,0.958,0.953,0.948,0.944,0.939,0.935,0.930,0.925,0.921,0.915,0.909,0.905,0.901,0.898,0.895,0.893,0.891,0.889,0.887,0.885,0.882,0.879,0.877,0.873,0.870,0.865,0.859,0.853,0.845,0.834,0.812,0.828,0.806,0.781,0.693,0.673,0.661,0.645,0.630,0.623,0.619,0.617,0.617,0.618,0.621,0.622,0.624,0.628,0.632,0.636,0.640,0.647,0.652,0.657,0.662,0.668,0.676,0.682,0.687,0.692,0.699,0.707,0.727,0.743,0.760,0.779,0.803,0.803,3.000,3.000,3.000,3.000,1.764,1.785,1.780,1.797,1.810,1.820,1.828,1.836,1.843,1.849,1.854,1.859,1.864,1.870,1.875,1.880,1.884,1.889,1.893,1.897,1.902,1.907,1.913,1.917,1.921,1.925,1.929,1.934,1.938,1.941,1.944,1.949,1.954,1.958,1.963,1.967,1.970,1.975,1.980,1.985,1.990,1.994,2.001,2.005,2.011,2.015,2.019,2.022,2.026,2.030,2.035,2.040,2.046,2.051,2.058,2.063,2.071,2.076,2.083,2.090,2.098,2.104,2.111,2.117,2.124,2.130,2.137,2.143,2.152,2.161,2.171,2.178,2.184,2.192,2.199,2.206,2.213,2.221,2.229,2.241,2.251,2.264,2.274,2.285,2.294,2.306,2.317,2.329,2.338,2.348,2.359,2.367,2.376,2.386,2.399,2.407,2.412,2.419,2.424,2.430,2.431,2.435,2.437,3.000,3.000,3.000,3.000,3.000,2.613,2.610,2.616,2.622,2.624,2.628,2.630,2.636,2.638,2.639,2.639,3.000,3.000,3.000,3.000,3.000,3.000
3.000,3.000,2.264,2.264,2.266,2.256,2.250,2.243,2.239,2.233,2.225,2.220,2.209,2.203,2.195,2.188,2.180,2.171,2.164,2.157,2.151,2.140,2.132,2.124,2.116,2.107,2.101,2.095,2.090,2.084,2.080,2.076,2.071,2.067,2.064,2.061,2.056,2.050,2.045,2.040,2.034,2.030,2.024,2.019,2.013,2.008,2.004,1.998,1.992,1.985,1.979,1.972,1.967,1.962,1.958,1.953,1.947,1.942,1.939,1.935,1.932,1.929,1.925,1.921,1.916,1.912,1.907,1.903,1.898,1.894,1.887,1.883,1.879,1.877,1.875,1.873,1.871,1.869,1.867,1.865,1.864,1.862,1.859,1.856,1.853,1.849,1.846,1.842,1.839,1.835,1.831,1.826,1.821,1.815,1.811,1.807,1.802,1.795,1.789,1.781,1.773,1.762,1.752,1.737,1.750,1.739,1.715,3.000,3.000,3.000,1.045,1.045,1.052,1.052,1.037,1.028,1.013,1.003,0.992,0.982,0.974,0.966,0.960,0.956,0.951,0.948,0.943,0.939,0.935,0.930,0.926,0.921,0.916,0.910,0.906,0.902,0.899,0.896,0.894,0.892,0.890,0.888,0.886,0.884,0.881,0.879,0.876,0.873,0.869,0.864,0.859,0.852,0.843,0.828,0.806,0.781,0.803,0.782,0.702,0.687,0.667,0.656,0.645,0.640,0.635,0.633,0.631,0.630,0.633,0.634,0.636,0.639,0.642,0.646,0.653,0.657,0.662,0.667,0.672,0.680,0.685,0.689,0.694,0.700,0.708,0.727,0.740,0.754,0.771,0.790,0.803,3.000,3.000,3.000,3.000,3.000,1.780,1.773,1.793,1.807,1.818,1.827,1.835,1.842,1.848,1.853,1.859,1.865,1.871,1.875,1.880,1.884,1.888,1.892,1.896,1.901,1.906,1.912,1.917,1.921,1.925,1.929,1.934,1.937,1.940,1.944,1.948,1.954,1.958,1.962,1.966,1.970,1.975,1.980,1.985,1.990,1.994,2.000,2.005,2.011,2.015,2.018,2.021,2.025,2.030,2.034,2.040,2.045,2.052,2.058,2.064,2.071,2.077,2.083,2.090,2.098,2.104,2.111,2.118,2.124,2.130,2.137,2.143,2.151,2.161,2.170,2.178,2.185,2.192,2.200,2.207,2.214,2.222,2.232,2.243,2.253,2.266,2.276,2.286,2.296,2.306,2.317,2.328,2.338,2.350,2.360,2.368,2.376,2.386,2.397,2.406,2.412,2.419,2.425,2.431,2.433,2.437,2.437,3.000,3.000,3.000,3.000,3.000,2.610,2.605,2.610,2.618,2.621,2.625,2.627,2.636,2.638,2.639,2.641,3.000,3.000,3.000,3.000,3.000,3.000
3.000,3.000,2.264,2.264,2.265,2.256,2.251,2.242,2.240,2.233,2.226,2.221,2.211,2.205,2.196,2.190,2.182,2.171,2.163,2.155,2.147,2.138,2.132,2.124,2.116,2.108,2.101,2.096,2.090,2.084,2.080,2.076,2.072,2.068,2.065,2.061,2.057,2.050,2.045,2.040,2.034,2.029,2.024,2.019,2.013,2.008,2.003,1.998,1.992,1.985,1.979,1.972,1.967,1.962,1.957,1.952,1.947,1.942,1.939,1.936,1.933,1.930,1.925,1.921,1.916,1.912,1.908,1.904,1.898,1.894,1.887,1.883,1.879,1.877,1.875,1.874,1.871,1.869,1.868,1.866,1.864,1.862,1.859,1.856,1.852,1.848,1.845,1.841,1.838,1.834,1.830,1.824,1.820,1.813,1.809,1.804,1.799,1.792,1.784,1.775,1.764,1.751,1.736,1.752,1.737,3.000,3.000,3.000,1.043,1.043,1.045,1.045,1.034,1.026,1.017,1.012,1.001,0.993,0.985,0.977,0.969,0.963,0.958,0.954,0.949,0.946,0.942,0.938,0.934,0.930,0.925,0.921,0.916,0.911,0.906,0.903,0.900,0.897,0.895,0.893,0.891,0.889,0.887,0.885,0.883,0.881,0.878,0.876,0.872,0.868,0.863,0.857,0.850,0.837,0.820,0.803,0.782,0.757,0.730,0.716,0.694,0.681,0.664,0.656,0.649,0.645,0.644,0.643,0.643,0.643,0.644,0.646,0.652,0.655,0.659,0.663,0.667,0.672,0.678,0.683,0.688,0.692,0.697,0.702,0.711,0.727,0.738,0.751,0.764,0.783,0.790,3.000,3.000,3.000,3.000,3.000,1.773,1.769,1.791,1.805,1.818,1.827,1.835,1.842,1.848,1.853,1.859,1.865,1.870,1.875,1.880,1.883,1.888,1.891,1.895,1.900,1.905,1.911,1.915,1.920,1.924,1.928,1.933,1.936,1.939,1.943,1.948,1.953,1.957,1.962,1.966,1.970,1.974,1.980,1.985,1.990,1.994,2.000,2.005,2.010,2.013,2.017,2.020,2.023,2.027,2.032,2.038,2.044,2.051,2.058,2.064,2.071,2.076,2.082,2.089,2.097,2.104,2.110,2.117,2.124,2.130,2.137,2.143,2.151,2.161,2.170,2.177,2.185,2.192,2.200,2.207,2.213,2.221,2.232,2.243,2.253,2.265,2.275,2.286,2.295,2.305,2.315,2.327,2.336,2.346,2.358,2.366,2.374,2.384,2.394,2.404,2.411,2.419,2.424,2.430,2.433,2.436,2.437,3.000,3.000,3.000,3.000,3.000,2.605,2.604,2.609,2.616,2.621,2.627,2.630,2.639,2.639,2.641,2.641,3.000,3.000,3.000,3.000,3.000,3.000
3.000,3.000,2.264,2.263,2.263,2.256,2.253,2.245,2.241,2.234,2.224,2.219,2.212,2.206,2.197,2.190,2.183,2.172,2.163,2.155,2.147,2.138,2.132,2.124,2.117,2.110,2.103,2.097,2.091,2.085,2.081,2.076,2.073,2.068,2.065,2.061,2.056,2.051,2.045,2.040,2.034,2.029,2.024,2.020,2.014,2.009,2.004,1.999,1.993,1.986,1.980,1.972,1.967,1.963,1.958,1.954,1.948,1.944,1.940,1.937,1.934,1.931,1.927,1.924,1.918,1.914,1.910,1.906,1.902,1.898,1.890,1.887,1.881,1.878,1.876,1.875,1.872,1.870,1.868,1.866,1.864,1.862,1.858,1.855,1.851,1.847,1.843,1.839,1.836,1.832,1.828,1.822,1.817,1.811,1.807,1.800,1.795,1.788,1.780,1.769,1.755,1.739,1.751,1.736,3.000,3.000,1.049,1.049,1.049,1.043,1.029,1.021,1.012,1.006,1.002,0.997,0.990,0.985,0.978,0.971,0.965,0.959,0.955,0.951,0.947,0.944,0.940,0.936,0.933,0.929,0.925,0.920,0.916,0.911,0.907,0.904,0.900,0.898,0.895,0.893,0.891,0.889,0.887,0.886,0.884,0.882,0.880,0.877,0.874,0.870,0.866,0.861,0.854,0.843,0.829,0.814,0.799,0.775,0.749,0.733,0.711,0.695,0.678,0.668,0.662,0.657,0.655,0.652,0.652,0.652,0.654,0.656,0.659,0.661,0.664,0.668,0.672,0.676,0.682,0.687,0.691,0.695,0.699,0.705,0.713,0.727,0.737,0.749,0.761,0.776,0.788,0.788,3.000,3.000,3.000,3.000,1.769,1.791,1.786,1.803,1.816,1.825,1.834,1.841,1.847,1.852,1.858,1.864,1.870,1.874,1.879,1.883,1.887,1.890,1.895,1.900,1.904,1.910,1.915,1.919,1.923,1.927,1.931,1.934,1.938,1.942,1.947,1.952,1.957,1.961,1.965,1.969,1.975,1.980,1.985,1.989,1.994,1.999,2.004,2.008,2.012,2.015,2.018,2.021,2.025,2.029,2.036,2.042,2.049,2.056,2.062,2.069,2.075,2.080,2.087,2.095,2.102,2.108,2.116,2.123,2.129,2.136,2.143,2.151,2.162,2.170,2.177,2.185,2.192,2.199,2.206,2.212,2.220,2.230,2.243,2.252,2.264,2.274,2.285,2.294,2.303,2.313,2.324,2.333,2.344,2.355,2.363,2.371,2.382,2.392,2.402,2.410,2.418,2.424,2.429,2.433,2.436,2.436,3.000,3.000,3.000,3.000,3.000,2.604,2.602,2.608,2.618,2.623,2.628,2.632,2.638,2.639,2.641,2.641,3.000,3.000,3.000,3.000,3.000,3.000
3.000,3.000,2.264,2.264,2.264,2.258,2.255,2.247,2.242,2.234,2.225,2.220,2.215,2.208,2.199,2.193,2.185,2.175,2.163,2.156,2.148,2.139,2.132,2.125,2.118,2.111,2.104,2.098,2.092,2.086,2.082,2.077,2.073,2.069,2.065,2.062,2.057,2.051,2.046,2.041,2.034,2.030,2.025,2.020,2.014,2.010,2.005,1.999,1.993,1.987,1.980,1.973,1.968,1.963,1.959,1.954,1.948,1.944,1.941,1.938,1.935,1.933,1.928,1.925,1.920,1.915,1.911,1.907,1.903,1.899,1.891,1.889,1.883,1.880,1.877,1.876,1.873,1.871,1.869,1.867,1.865,1.862,1.858,1.855,1.851,1.846,1.842,1.838,1.834,1.830,1.826,1.821,1.816,1.810,1.805,1.798,1.792,1.784,1.775,1.761,1.744,1.755,1.739,3.000,3.000,1.045,1.049,1.049,1.031,1.019,1.009,1.003,0.994,0.989,0.984,0.980,0.979,0.975,0.969,0.963,0.959,0.954,0.950,0.947,0.943,0.940,0.937,0.934,0.931,0.927,0.923,0.919,0.915,0.911,0.907,0.904,0.901,0.898,0.896,0.894,0.892,0.890,0.888,0.886,0.885,0.883,0.881,0.878,0.875,0.872,0.868,0.863,0.857,0.847,0.835,0.824,0.811,0.795,0.774,0.755,0.731,0.718,0.704,0.690,0.679,0.673,0.668,0.663,0.663,0.663,0.663,0.665,0.667,0.668,0.671,0.674,0.680,0.684,0.687,0.692,0.696,0.700,0.704,0.709,0.716,0.728,0.737,0.748,0.759,0.772,0.788,0.788,3.000,3.000,3.000,3.000,3.000,1.786,1.783,1.801,1.814,1.823,1.832,1.840,1.846,1.852,1.858,1.864,1.869,1.874,1.879,1.883,1.887,1.890,1.894,1.900,1.904,1.910,1.915,1.919,1.923,1.927,1.931,1.934,1.938,1.942,1.947,1.952,1.956,1.961,1.965,1.969,1.974,1.980,1.984,1.989,1.993,1.999,2.003,2.007,2.010,2.013,2.016,2.020,2.024,2.028,2.034,2.040,2.046,2.052,2.058,2.066,2.073,2.079,2.085,2.093,2.099,2.106,2.114,2.122,2.128,2.136,2.143,2.152,2.162,2.171,2.178,2.186,2.193,2.199,2.206,2.212,2.221,2.230,2.243,2.253,2.265,2.275,2.286,2.294,2.303,2.313,2.323,2.332,2.343,2.353,2.362,2.370,2.381,2.391,2.400,2.409,2.419,2.425,2.430,2.434,2.436,2.437,3.000,3.000,3.000,3.000,3.000,2.604,2.602,2.609,2.618,2.623,2.628,2.632,2.638,2.639,2.641,2.641,3.000,3.000,3.000,3.000,3.000,3.000
3.000,3.000,2.264,2.264,2.263,2.258,2.254,2.245,2.241,2.230,2.226,2.221,2.216,2.209,2.199,2.192,2.184,2.172,2.163,2.156,2.149,2.140,2.133,2.125,2.118,2.112,2.105,2.100,2.094,2.087,2.083,2.078,2.075,2.070,2.066,2.062,2.057,2.051,2.046,2.041,2.036,2.030,2.026,2.021,2.015,2.011,2.006,2.000,1.994,1.987,1.981,1.973,1.968,1.963,1.959,1.954,1.948,1.944,1.941,1.938,1.935,1.933,1.928,1.925,1.920,1.916,1.912,1.908,1.904,1.900,1.892,1.890,1.884,1.882,1.878,1.876,1.874,1.872,1.869,1.868,1.866,1.863,1.859,1.855,1.851,1.846,1.842,1.837,1.833,1.829,1.826,1.820,1.815,1.809,1.804,1.796,1.789,1.780,1.769,1.753,1.732,1.744,3.000,3.000,1.041,1.045,1.045,1.031,1.015,1.006,0.997,0.990,0.983,0.979,0.975,0.971,0.966,0.964,0.960,0.957,0.953,0.950,0.946,0.943,0.940,0.937,0.935,0.932,0.929,0.925,0.922,0.918,0.915,0.911,0.907,0.904,0.901,0.898,0.896,0.894,0.892,0.890,0.888,0.887,0.885,0.883,0.881,0.879,0.876,0.873,0.869,0.864,0.859,0.850,0.840,0.832,0.821,0.808,0.792,0.772,0.748,0.735,0.719,0.708,0.697,0.689,0.683,0.679,0.677,0.676,0.674,0.674,0.674,0.675,0.677,0.680,0.685,0.689,0.692,0.696,0.700,0.704,0.708,0.713,0.721,0.730,0.737,0.748,0.758,0.770,0.785,0.788,3.000,3.000,3.000,3.000,3.000,1.783,1.780,1.798,1.812,1.822,1.832,1.839,1.846,1.852,1.858,1.863,1.869,1.874,1.879,1.883,1.887,1.890,1.894,1.899,1.904,1.909,1.914,1.918,1.922,1.926,1.931,1.934,1.938,1.943,1.947,1.952,1.956,1.961,1.965,1.969,1.973,1.979,1.983,1.988,1.993,1.997,2.002,2.006,2.010,2.012,2.016,2.020,2.024,2.028,2.033,2.038,2.044,2.050,2.056,2.064,2.071,2.077,2.084,2.090,2.097,2.104,2.113,2.122,2.128,2.136,2.143,2.153,2.162,2.170,2.177,2.186,2.192,2.199,2.205,2.213,2.221,2.233,2.245,2.255,2.266,2.278,2.287,2.296,2.305,2.314,2.325,2.334,2.343,2.354,2.363,2.372,2.382,2.392,2.400,2.410,2.420,2.428,2.432,2.436,2.437,2.437,3.000,3.000,3.000,3.000,3.000,2.604,2.604,2.610,2.619,2.624,2.628,2.632,2.638,2.640,2.641,2.641,3.000,3.000,3.000,3.000,3.000,3.000
3.000,3.000,2.264,2.264,2.262,2.257,2.253,2.244,2.239,2.229,2.225,2.221,2.216,2.208,2.199,2.192,2.182,2.171,2.163,2.156,2.149,2.140,2.133,2.125,2.118,2.112,2.106,2.100,2.094,2.088,2.083,2.078,2.075,2.070,2.067,2.062,2.058,2.052,2.047,2.042,2.036,2.031,2.026,2.022,2.016,2.011,2.007,2.001,1.994,1.988,1.981,1.974,1.969,1.964,1.960,1.954,1.948,1.944,1.941,1.939,1.936,1.933,1.928,1.925,1.921,1.916,1.912,1.909,1.904,1.900,1.893,1.890,1.885,1.882,1.879,1.877,1.875,1.872,1.870,1.868,1.866,1.864,1.859,1.855,1.851,1.846,1.842,1.838,1.834,1.829,1.825,1.820,1.815,1.809,1.802,1.794,1.786,1.776,1.762,1.744,1.753,1.732,3.000,1.042,1.042,1.041,1.024,1.012,1.000,0.992,0.985,0.979,0.972,0.968,0.965,0.961,0.956,0.954,0.951,0.949,0.947,0.944,0.941,0.938,0.936,0.933,0.931,0.929,0.926,0.923,0.920,0.917,0.913,0.910,0.906,0.904,0.901,0.898,0.896,0.894,0.892,0.890,0.888,0.886,0.884,0.882,0.880,0.878,0.876,0.873,0.869,0.863,0.858,0.852,0.845,0.838,0.830,0.820,0.810,0.795,0.773,0.758,0.737,0.725,0.714,0.706,0.697,0.691,0.688,0.686,0.683,0.683,0.683,0.683,0.686,0.688,0.691,0.694,0.697,0.701,0.705,0.709,0.714,0.720,0.724,0.732,0.739,0.749,0.759,0.771,0.785,0.787,3.000,3.000,3.000,3.000,3.000,1.780,1.778,1.797,1.811,1.821,1.830,1.839,1.845,1.851,1.857,1.862,1.868,1.873,1.877,1.881,1.885,1.888,1.893,1.898,1.903,1.908,1.912,1.916,1.921,1.925,1.930,1.934,1.938,1.942,1.947,1.951,1.955,1.960,1.964,1.968,1.972,1.977,1.981,1.987,1.991,1.996,2.000,2.005,2.009,2.012,2.015,2.020,2.024,2.027,2.032,2.037,2.042,2.047,2.053,2.059,2.068,2.074,2.081,2.088,2.094,2.101,2.111,2.120,2.127,2.136,2.144,2.153,2.163,2.170,2.177,2.186,2.192,2.199,2.206,2.214,2.223,2.234,2.246,2.256,2.268,2.279,2.288,2.296,2.304,2.313,2.324,2.333,2.343,2.354,2.363,2.372,2.382,2.392,2.400,2.410,2.421,2.428,2.433,2.435,2.436,2.437,3.000,3.000,3.000,3.000,3.000,2.604,2.604,2.610,2.619,2.622,2.625,2.629,2.635,2.638,2.640,2.641,3.000,3.000,3.000,3.000,3.000,3.000
3.000,3.000,3.000,2.262,2.259,2.254,2.249,2.243,2.238,2.227,2.222,2.219,2.214,2.207,2.199,2.192,2.183,2.173,2.164,2.157,2.149,2.140,2.132,2.124,2.117,2.111,2.105,2.099,2.093,2.087,2.082,2.078,2.075,2.071,2.066,2.062,2.057,2.052,2.047,2.042,2.036,2.031,2.026,2.021,2.016,2.011,2.007,2.001,1.995,1.988,1.982,1.974,1.970,1.965,1.960,1.955,1.949,1.944,1.942,1.939,1.936,1.934,1.929,1.925,1.921,1.916,1.912,1.909,1.904,1.899,1.894,1.890,1.884,1.881,1.879,1.878,1.875,1.873,1.870,1.868,1.866,1.863,1.859,1.855,1.851,1.846,1.842,1.838,1.834,1.830,1.825,1.820,1.814,1.808,1.801,1.792,1.783,1.772,1.757,1.762,1.744,3.000,3.000,1.042,1.042,1.025,1.008,0.998,0.988,0.982,0.976,0.969,0.964,0.960,0.957,0.952,0.949,0.946,0.943,0.940,0.936,0.934,0.932,0.930,0.929,0.928,0.926,0.925,0.923,0.920,0.917,0.915,0.911,0.908,0.905,0.903,0.900,0.897,0.895,0.893,0.890,0.888,0.886,0.884,0.882,0.881,0.879,0.877,0.874,0.871,0.868,0.863,0.859,0.854,0.848,0.843,0.837,0.829,0.821,0.806,0.787,0.773,0.751,0.738,0.728,0.718,0.707,0.701,0.697,0.694,0.691,0.691,0.691,0.691,0.693,0.695,0.697,0.700,0.702,0.706,0.711,0.715,0.720,0.724,0.729,0.735,0.742,0.752,0.762,0.772,0.787,0.791,3.000,3.000,3.000,3.000,3.000,1.779,1.778,1.797,1.810,1.821,1.830,1.838,1.845,1.851,1.856,1.861,1.867,1.872,1.876,1.880,1.884,1.887,1.891,1.897,1.902,1.906,1.910,1.914,1.919,1.923,1.928,1.932,1.937,1.941,1.945,1.950,1.954,1.959,1.962,1.966,1.970,1.975,1.980,1.985,1.990,1.995,2.000,2.005,2.009,2.011,2.014,2.019,2.023,2.026,2.031,2.035,2.040,2.044,2.050,2.056,2.064,2.071,2.078,2.084,2.091,2.098,2.107,2.118,2.125,2.136,2.144,2.154,2.163,2.170,2.178,2.186,2.192,2.199,2.206,2.215,2.224,2.235,2.246,2.256,2.266,2.278,2.286,2.294,2.302,2.311,2.321,2.330,2.340,2.352,2.362,2.372,2.382,2.391,2.400,2.410,2.419,2.428,2.432,2.434,2.433,2.436,3.000,3.000,3.000,3.000,3.000,2.604,2.601,2.608,2.614,2.619,2.621,2.626,2.632,2.634,2.635,2.640,3.000,3.000,3.000,3.000,3.000,3.000
3.000,3.000,3.000,2.259,2.254,2.249,2.247,2.241,2.236,2.225,2.219,2.214,2.211,2.204,2.198,2.192,2.182,2.173,2.165,2.157,2.150,2.140,2.133,2.125,2.118,2.112,2.105,2.099,2.093,2.087,2.082,2.078,2.075,2.071,2.067,2.063,2.058,2.053,2.048,2.043,2.037,2.032,2.027,2.022,2.017,2.012,2.007,2.002,1.996,1.989,1.982,1.976,1.971,1.966,1.961,1.956,1.949,1.945,1.942,1.940,1.937,1.935,1.929,1.926,1.921,1.916,1.913,1.909,1.904,1.899,1.894,1.890,1.884,1.881,1.880,1.878,1.875,1.873,1.870,1.868,1.865,1.862,1.859,1.855,1.851,1.846,1.842,1.838,1.834,1.829,1.825,1.818,1.813,1.807,1.800,1.790,1.780,1.768,1.751,1.757,3.000,3.000,1.034,1.042,1.027,1.010,0.997,0.988,0.980,0.974,0.968,0.962,0.957,0.954,0.950,0.945,0.941,0.938,0.935,0.932,0.929,0.926,0.924,0.923,0.922,0.921,0.921,0.919,0.917,0.915,0.913,0.912,0.909,0.906,0.903,0.901,0.898,0.896,0.893,0.891,0.889,0.886,0.884,0.882,0.880,0.878,0.877,0.875,0.872,0.868,0.865,0.862,0.859,0.855,0.851,0.847,0.843,0.838,0.832,0.824,0.812,0.797,0.777,0.764,0.745,0.734,0.725,0.717,0.708,0.704,0.702,0.701,0.701,0.700,0.701,0.702,0.705,0.707,0.710,0.713,0.719,0.723,0.726,0.730,0.734,0.739,0.746,0.757,0.767,0.777,0.791,0.799,3.000,3.000,3.000,3.000,3.000,1.783,1.779,1.797,1.811,1.821,1.830,1.838,1.845,1.851,1.856,1.861,1.866,1.871,1.876,1.880,1.883,1.886,1.890,1.896,1.901,1.905,1.909,1.913,1.917,1.921,1.926,1.930,1.935,1.939,1.944,1.949,1.953,1.958,1.961,1.965,1.969,1.974,1.979,1.984,1.989,1.993,1.998,2.003,2.007,2.010,2.013,2.018,2.021,2.024,2.028,2.032,2.037,2.040,2.046,2.052,2.059,2.066,2.074,2.080,2.086,2.094,2.104,2.114,2.122,2.133,2.142,2.152,2.162,2.170,2.177,2.185,2.191,2.198,2.206,2.215,2.224,2.236,2.248,2.257,2.266,2.277,2.286,2.293,2.301,2.309,2.320,2.330,2.339,2.352,2.362,2.372,2.383,2.391,2.401,2.411,2.420,2.427,2.431,2.432,2.428,2.433,3.000,3.000,3.000,3.000,3.000,2.607,2.602,2.608,2.614,2.617,2.620,2.624,2.630,2.633,2.634,2.635,3.000,3.000,3.000,3.000,3.000,3.000
3.000,3.000,2.252,2.254,2.252,2.249,2.246,2.241,2.236,2.226,2.219,2.213,2.209,2.204,2.198,2.192,2.184,2.174,2.165,2.157,2.150,2.140,2.134,2.127,2.120,2.113,2.106,2.100,2.094,2.089,2.084,2.080,2.077,2.073,2.069,2.065,2.060,2.055,2.050,2.045,2.038,2.032,2.028,2.023,2.017,2.013,2.008,2.002,1.996,1.990,1.983,1.977,1.972,1.967,1.962,1.956,1.949,1.945,1.942,1.939,1.936,1.933,1.929,1.925,1.921,1.917,1.913,1.908,1.904,1.899,1.895,1.891,1.886,1.882,1.881,1.879,1.876,1.873,1.870,1.868,1.865,1.861,1.858,1.855,1.851,1.847,1.843,1.838,1.834,1.830,1.825,1.818,1.812,1.806,1.799,1.788,1.777,1.764,1.744,1.751,3.000,3.000,1.034,1.034,1.013,0.998,0.987,0.979,0.972,0.967,0.962,0.956,0.952,0.948,0.945,0.939,0.935,0.933,0.930,0.927,0.924,0.921,0.919,0.918,0.916,0.915,0.913,0.912,0.910,0.910,0.908,0.907,0.904,0.903,0.900,0.898,0.896,0.893,0.891,0.888,0.886,0.884,0.881,0.879,0.877,0.876,0.874,0.872,0.868,0.866,0.863,0.861,0.859,0.856,0.853,0.851,0.848,0.844,0.840,0.834,0.826,0.810,0.792,0.778,0.765,0.753,0.739,0.730,0.723,0.719,0.716,0.714,0.712,0.710,0.711,0.711,0.713,0.716,0.718,0.721,0.727,0.731,0.733,0.736,0.740,0.745,0.752,0.764,0.773,0.784,0.799,0.806,3.000,3.000,3.000,3.000,3.000,1.785,1.783,1.799,1.812,1.822,1.831,1.839,1.846,1.851,1.856,1.861,1.866,1.872,1.876,1.880,1.883,1.886,1.891,1.896,1.900,1.905,1.908,1.912,1.917,1.921,1.925,1.930,1.934,1.938,1.943,1.948,1.952,1.956,1.960,1.963,1.967,1.972,1.977,1.982,1.987,1.991,1.996,2.001,2.005,2.009,2.012,2.016,2.019,2.022,2.025,2.029,2.033,2.036,2.041,2.045,2.054,2.059,2.067,2.074,2.080,2.088,2.099,2.110,2.119,2.129,2.138,2.149,2.159,2.167,2.175,2.182,2.189,2.197,2.206,2.215,2.224,2.236,2.249,2.257,2.266,2.275,2.286,2.293,2.301,2.309,2.321,2.330,2.342,2.353,2.362,2.372,2.383,2.392,2.401,2.411,2.420,2.427,2.430,2.430,2.423,2.428,3.000,3.000,3.000,3.000,3.000,2.607,2.607,2.611,2.619,2.620,2.623,2.627,2.633,2.635,2.634,2.634,3.000,3.000,3.000,3.000,3.000,3.000
3.000,3.000,2.252,2.252,2.251,2.247,2.245,2.240,2.235,2.225,2.218,2.211,2.206,2.202,2.197,2.191,2.183,2.174,2.165,2.158,2.150,2.142,2.135,2.129,2.122,2.115,2.107,2.100,2.095,2.090,2.086,2.082,2.078,2.074,2.069,2.065,2.060,2.056,2.051,2.045,2.038,2.033,2.028,2.023,2.018,2.013,2.008,2.002,1.996,1.990,1.983,1.978,1.973,1.967,1.962,1.956,1.949,1.945,1.941,1.938,1.935,1.933,1.928,1.925,1.920,1.916,1.912,1.907,1.903,1.899,1.894,1.891,1.887,1.882,1.881,1.879,1.876,1.873,1.870,1.868,1.865,1.861,1.857,1.854,1.851,1.847,1.842,1.837,1.833,1.829,1.824,1.817,1.811,1.805,1.797,1.785,1.773,1.758,1.764,1.744,3.000,1.030,1.034,1.021,1.003,0.989,0.980,0.972,0.966,0.962,0.957,0.951,0.947,0.944,0.941,0.935,0.931,0.928,0.925,0.922,0.919,0.917,0.915,0.914,0.912,0.910,0.907,0.905,0.905,0.903,0.901,0.900,0.898,0.897,0.895,0.894,0.892,0.889,0.887,0.885,0.882,0.879,0.876,0.875,0.873,0.872,0.869,0.867,0.865,0.864,0.862,0.860,0.859,0.857,0.855,0.854,0.852,0.849,0.847,0.843,0.837,0.826,0.815,0.799,0.784,0.770,0.759,0.750,0.738,0.732,0.728,0.725,0.724,0.722,0.722,0.722,0.723,0.725,0.730,0.732,0.735,0.738,0.739,0.742,0.746,0.751,0.757,0.770,0.779,0.790,0.806,0.806,3.000,3.000,3.000,3.000,3.000,1.788,1.785,1.800,1.813,1.823,1.832,1.840,1.846,1.851,1.857,1.861,1.866,1.871,1.876,1.880,1.883,1.886,1.890,1.896,1.900,1.904,1.908,1.912,1.917,1.920,1.925,1.929,1.933,1.937,1.942,1.947,1.951,1.955,1.959,1.962,1.966,1.970,1.976,1.980,1.985,1.989,1.993,1.999,2.002,2.006,2.009,2.013,2.015,2.017,2.021,2.024,2.027,2.030,2.033,2.037,2.042,2.047,2.055,2.061,2.068,2.081,2.093,2.105,2.115,2.125,2.135,2.146,2.156,2.164,2.173,2.180,2.188,2.196,2.206,2.215,2.225,2.237,2.250,2.259,2.268,2.276,2.286,2.294,2.301,2.309,2.321,2.331,2.342,2.353,2.362,2.371,2.384,2.392,2.401,2.411,2.419,2.425,2.428,2.426,2.417,2.423,3.000,3.000,3.000,3.000,3.000,2.607,2.612,2.612,2.618,2.620,2.626,2.629,2.633,2.633,2.633,2.634,3.000,3.000,3.000,3.000,3.000,3.000
3.000,3.000,2.252,2.250,2.249,2.246,2.243,2.238,2.233,2.224,2.219,2.211,2.206,2.202,2.197,2.191,2.182,2.175,2.167,2.160,2.151,2.144,2.137,2.130,2.124,2.117,2.111,2.102,2.097,2.091,2.086,2.082,2.079,2.073,2.069,2.064,2.059,2.055,2.050,2.046,2.038,2.032,2.028,2.023,2.018,2.012,2.007,2.001,1.995,1.989,1.983,1.978,1.973,1.967,1.962,1.955,1.949,1.945,1.941,1.937,1.934,1.931,1.927,1.924,1.919,1.915,1.911,1.906,1.902,1.898,1.893,1.890,1.885,1.882,1.880,1.878,1.875,1.872,1.869,1.867,1.864,1.860,1.856,1.853,1.851,1.847,1.842,1.837,1.832,1.828,1.822,1.816,1.809,1.802,1.793,1.781,1.767,1.748,1.758,3.000,3.000,1.030,1.030,1.010,0.993,0.982,0.974,0.967,0.961,0.957,0.953,0.947,0.943,0.940,0.936,0.931,0.927,0.924,0.921,0.918,0.915,0.913,0.911,0.909,0.907,0.904,0.902,0.900,0.898,0.895,0.893,0.892,0.890,0.889,0.888,0.888,0.885,0.883,0.881,0.880,0.877,0.874,0.871,0.869,0.867,0.866,0.865,0.864,0.863,0.862,0.861,0.860,0.859,0.858,0.857,0.856,0.855,0.854,0.852,0.850,0.845,0.838,0.827,0.813,0.798,0.783,0.773,0.763,0.755,0.748,0.742,0.738,0.736,0.735,0.734,0.734,0.734,0.735,0.738,0.741,0.742,0.745,0.747,0.750,0.753,0.758,0.765,0.777,0.787,0.799,0.810,0.806,3.000,3.000,3.000,3.000,1.766,1.790,1.788,1.802,1.814,1.824,1.832,1.840,1.846,1.851,1.856,1.861,1.866,1.870,1.875,1.879,1.882,1.886,1.890,1.896,1.900,1.904,1.908,1.912,1.916,1.920,1.924,1.928,1.932,1.936,1.942,1.946,1.950,1.954,1.958,1.961,1.965,1.969,1.974,1.978,1.982,1.986,1.990,1.996,1.999,2.002,2.003,2.007,2.010,2.012,2.015,2.018,2.021,2.023,2.024,2.027,2.027,2.030,2.033,2.035,2.043,2.067,2.085,2.099,2.109,2.120,2.131,2.143,2.154,2.162,2.172,2.180,2.188,2.197,2.206,2.216,2.226,2.238,2.250,2.260,2.268,2.277,2.286,2.293,2.301,2.309,2.321,2.330,2.341,2.352,2.361,2.370,2.384,2.393,2.401,2.410,2.419,2.425,2.427,2.425,2.414,2.417,2.392,3.000,3.000,3.000,3.000,3.000,2.612,2.611,2.616,2.618,2.620,2.621,2.624,2.625,2.626,2.633,2.626,3.000,3.000,3.000,3.000,3.000
3.000,3.000,2.250,2.250,2.248,2.246,2.242,2.238,2.233,2.224,2.218,2.210,2.204,2.199,2.194,2.189,2.181,2.175,2.169,2.162,2.152,2.145,2.137,2.131,2.125,2.118,2.112,2.103,2.098,2.092,2.087,2.083,2.079,2.073,2.068,2.064,2.058,2.054,2.049,2.045,2.037,2.032,2.027,2.022,2.017,2.012,2.006,2.000,1.994,1.988,1.983,1.977,1.973,1.967,1.961,1.955,1.949,1.945,1.941,1.936,1.933,1.930,1.927,1.923,1.919,1.914,1.910,1.906,1.902,1.897,1.893,1.890,1.885,1.882,1.880,1.878,1.874,1.871,1.868,1.866,1.863,1.860,1.856,1.853,1.851,1.847,1.842,1.837,1.832,1.827,1.821,1.814,1.807,1.799,1.790,1.776,1.760,1.767,1.748,3.000,3.000,1.030,1.020,1.002,0.987,0.977,0.969,0.962,0.957,0.953,0.948,0.943,0.939,0.935,0.932,0.927,0.923,0.920,0.917,0.914,0.911,0.909,0.907,0.905,0.903,0.900,0.897,0.895,0.892,0.890,0.888,0.886,0.884,0.882,0.881,0.880,0.879,0.878,0.876,0.874,0.870,0.868,0.866,0.865,0.864,0.863,0.862,0.862,0.861,0.861,0.860,0.859,0.859,0.858,0.858,0.858,0.858,0.857,0.856,0.855,0.851,0.846,0.839,0.828,0.818,0.802,0.791,0.779,0.770,0.763,0.757,0.751,0.747,0.745,0.744,0.743,0.745,0.746,0.746,0.748,0.749,0.752,0.754,0.756,0.760,0.765,0.773,0.785,0.798,0.810,0.824,3.000,3.000,3.000,3.000,3.000,1.773,1.766,1.790,1.803,1.815,1.825,1.833,1.840,1.846,1.851,1.857,1.861,1.866,1.870,1.875,1.878,1.882,1.885,1.890,1.896,1.900,1.903,1.907,1.912,1.916,1.919,1.923,1.927,1.931,1.935,1.940,1.945,1.949,1.953,1.957,1.960,1.964,1.968,1.972,1.976,1.980,1.983,1.987,1.992,1.996,1.998,1.999,2.001,2.004,2.006,2.008,2.010,2.013,2.015,2.012,2.015,2.017,2.018,2.021,2.025,2.031,2.045,2.078,2.093,2.105,2.118,2.128,2.141,2.152,2.161,2.171,2.179,2.187,2.196,2.206,2.217,2.226,2.237,2.249,2.259,2.268,2.276,2.286,2.293,2.301,2.309,2.321,2.330,2.341,2.351,2.361,2.370,2.384,2.393,2.400,2.409,2.418,2.423,2.425,2.423,2.409,2.392,2.392,3.000,3.000,3.000,3.000,3.000,2.614,2.611,2.617,2.618,2.620,2.621,2.624,2.625,2.627,2.626,2.629,3.000,3.000,3.000,3.000,3.000
3.000,3.000,3.000,2.252,2.250,2.247,2.243,2.238,2.231,2.224,2.217,2.209,2.202,2.198,2.193,2.188,2.182,2.176,2.170,2.164,2.154,2.145,2.138,2.132,2.125,2.118,2.111,2.103,2.098,2.093,2.088,2.083,2.079,2.074,2.068,2.064,2.056,2.053,2.048,2.044,2.037,2.031,2.027,2.022,2.016,2.011,2.006,2.001,1.995,1.989,1.983,1.978,1.973,1.967,1.961,1.956,1.949,1.945,1.940,1.936,1.932,1.929,1.926,1.923,1.918,1.914,1.910,1.906,1.902,1.897,1.892,1.889,1.886,1.883,1.880,1.878,1.874,1.872,1.868,1.866,1.863,1.860,1.856,1.853,1.851,1.848,1.843,1.837,1.831,1.826,1.819,1.812,1.804,1.795,1.785,1.768,1.747,1.760,3.000,3.000,1.030,1.030,1.010,0.994,0.982,0.972,0.965,0.958,0.953,0.949,0.944,0.940,0.935,0.932,0.928,0.923,0.920,0.916,0.913,0.910,0.907,0.904,0.902,0.901,0.898,0.895,0.892,0.890,0.887,0.884,0.882,0.880,0.876,0.875,0.873,0.872,0.871,0.869,0.867,0.866,0.865,0.864,0.863,0.862,0.861,0.861,0.861,0.861,0.860,0.860,0.859,0.859,0.859,0.859,0.859,0.859,0.859,0.860,0.860,0.859,0.856,0.852,0.846,0.837,0.828,0.814,0.804,0.793,0.785,0.778,0.772,0.765,0.761,0.758,0.756,0.754,0.754,0.754,0.754,0.755,0.756,0.759,0.761,0.764,0.768,0.774,0.783,0.797,0.809,0.824,0.844,3.000,3.000,3.000,3.000,3.000,1.779,1.773,1.794,1.806,1.818,1.827,1.834,1.841,1.846,1.851,1.856,1.860,1.865,1.869,1.874,1.878,1.881,1.885,1.890,1.895,1.899,1.902,1.906,1.910,1.914,1.918,1.922,1.926,1.930,1.934,1.939,1.942,1.948,1.951,1.955,1.958,1.962,1.965,1.969,1.973,1.976,1.979,1.983,1.988,1.992,1.994,1.994,1.996,1.996,1.998,1.999,2.000,2.003,2.005,2.006,2.008,2.010,2.013,2.016,2.020,2.026,2.039,2.069,2.089,2.103,2.117,2.128,2.141,2.153,2.162,2.171,2.179,2.187,2.197,2.206,2.218,2.227,2.238,2.249,2.259,2.268,2.276,2.285,2.294,2.302,2.310,2.321,2.331,2.342,2.353,2.362,2.370,2.383,2.393,2.400,2.408,2.416,2.423,2.425,2.424,2.415,2.389,2.392,3.000,3.000,3.000,3.000,3.000,2.614,2.614,2.618,2.621,2.621,2.622,2.626,2.629,2.629,2.629,2.629,3.000,3.000,3.000,3.000,3.000
3.000,3.000,3.000,2.256,2.252,2.249,2.245,2.241,2.236,2.226,2.219,2.210,2.204,2.199,2.194,2.189,2.183,2.177,2.171,2.164,2.155,2.146,2.139,2.132,2.125,2.117,2.111,2.103,2.099,2.093,2.088,2.083,2.080,2.074,2.068,2.064,2.057,2.053,2.049,2.044,2.038,2.032,2.027,2.022,2.015,2.011,2.006,2.001,1.995,1.990,1.984,1.979,1.974,1.968,1.962,1.956,1.950,1.945,1.941,1.937,1.933,1.929,1.927,1.924,1.919,1.915,1.911,1.908,1.904,1.899,1.895,1.893,1.888,1.885,1.882,1.879,1.874,1.872,1.869,1.866,1.863,1.860,1.856,1.853,1.851,1.847,1.843,1.837,1.831,1.825,1.818,1.811,1.803,1.793,1.782,1.763,1.768,1.747,3.000,3.000,1.030,1.030,1.002,0.988,0.976,0.968,0.961,0.955,0.949,0.945,0.941,0.936,0.932,0.928,0.924,0.920,0.916,0.913,0.909,0.907,0.903,0.901,0.899,0.897,0.894,0.891,0.888,0.886,0.883,0.880,0.877,0.875,0.872,0.871,0.869,0.868,0.866,0.865,0.864,0.863,0.862,0.861,0.861,0.860,0.860,0.860,0.860,0.860,0.860,0.859,0.859,0.859,0.859,0.859,0.860,0.860,0.861,0.862,0.862,0.862,0.860,0.858,0.853,0.847,0.841,0.829,0.821,0.808,0.800,0.791,0.785,0.779,0.774,0.769,0.766,0.764,0.762,0.762,0.761,0.762,0.764,0.766,0.769,0.773,0.778,0.784,0.798,0.809,0.826,0.844,0.893,0.893,3.000,3.000,3.000,1.761,1.785,1.779,1.796,1.808,1.820,1.828,1.835,1.841,1.847,1.852,1.856,1.861,1.865,1.869,1.874,1.878,1.881,1.885,1.890,1.895,1.898,1.901,1.905,1.909,1.913,1.916,1.920,1.924,1.928,1.932,1.937,1.940,1.946,1.949,1.952,1.955,1.959,1.962,1.965,1.967,1.970,1.972,1.975,1.980,1.985,1.986,1.987,1.989,1.991,1.993,1.995,1.998,2.001,2.003,2.004,2.007,2.010,2.012,2.014,2.018,2.023,2.035,2.061,2.084,2.101,2.117,2.129,2.141,2.153,2.162,2.171,2.179,2.188,2.197,2.206,2.217,2.226,2.237,2.249,2.259,2.269,2.277,2.287,2.295,2.303,2.311,2.321,2.332,2.344,2.354,2.362,2.369,2.380,2.390,2.397,2.404,2.412,2.420,2.423,2.422,2.413,2.388,2.389,3.000,3.000,3.000,3.000,3.000,2.614,2.614,2.618,2.620,2.621,2.623,2.629,2.630,2.629,2.629,2.629,3.000,3.000,3.000,3.000,3.000
3.000,3.000,3.000,2.261,2.256,2.253,2.249,2.244,2.238,2.232,2.221,2.213,2.206,2.202,2.196,2.190,2.184,2.176,2.169,2.163,2.155,2.146,2.139,2.133,2.125,2.117,2.111,2.105,2.100,2.094,2.088,2.083,2.079,2.074,2.068,2.063,2.057,2.053,2.049,2.044,2.038,2.033,2.028,2.023,2.016,2.011,2.007,2.002,1.997,1.991,1.985,1.980,1.975,1.969,1.964,1.958,1.952,1.947,1.942,1.937,1.933,1.930,1.928,1.925,1.921,1.918,1.913,1.909,1.905,1.901,1.898,1.895,1.891,1.887,1.883,1.879,1.875,1.872,1.868,1.866,1.862,1.859,1.855,1.852,1.850,1.847,1.843,1.836,1.830,1.824,1.817,1.810,1.801,1.791,1.778,1.756,1.763,3.000,3.000,1.036,1.036,1.018,0.995,0.981,0.971,0.964,0.957,0.951,0.945,0.941,0.937,0.933,0.929,0.925,0.921,0.916,0.913,0.910,0.906,0.904,0.900,0.898,0.895,0.893,0.891,0.888,0.885,0.882,0.880,0.877,0.874,0.872,0.870,0.868,0.867,0.865,0.864,0.863,0.862,0.861,0.860,0.860,0.860,0.860,0.859,0.859,0.859,0.859,0.859,0.859,0.859,0.859,0.859,0.860,0.860,0.861,0.863,0.864,0.865,0.865,0.863,0.861,0.858,0.853,0.847,0.838,0.830,0.820,0.810,0.804,0.798,0.793,0.787,0.783,0.777,0.773,0.771,0.770,0.769,0.770,0.772,0.775,0.779,0.783,0.790,0.797,0.812,0.823,0.840,0.868,0.893,0.893,3.000,3.000,3.000,1.767,1.761,1.785,1.799,1.811,1.821,1.829,1.836,1.842,1.848,1.853,1.857,1.862,1.866,1.870,1.875,1.878,1.882,1.886,1.891,1.895,1.898,1.901,1.904,1.908,1.911,1.915,1.918,1.923,1.927,1.931,1.935,1.938,1.943,1.946,1.949,1.952,1.956,1.959,1.961,1.963,1.963,1.965,1.966,1.973,1.977,1.980,1.983,1.986,1.989,1.993,1.996,2.000,2.004,2.006,2.007,2.009,2.012,2.013,2.014,2.017,2.021,2.030,2.049,2.076,2.097,2.116,2.129,2.142,2.153,2.162,2.171,2.180,2.188,2.197,2.206,2.217,2.226,2.236,2.248,2.260,2.270,2.279,2.288,2.296,2.304,2.312,2.321,2.331,2.343,2.353,2.362,2.369,2.378,2.388,2.395,2.402,2.409,2.417,2.420,2.419,2.406,2.385,2.388,3.000,3.000,3.000,3.000,3.000,2.616,2.614,2.618,2.620,2.622,2.625,2.629,2.630,2.629,2.631,3.000,3.000,3.000,3.000,3.000,3.000
3.000,3.000,3.000,2.266,2.261,2.258,2.254,2.249,2.243,2.237,2.229,2.218,2.213,2.208,2.201,2.194,2.187,2.178,2.171,2.164,2.156,2.147,2.140,2.133,2.124,2.117,2.111,2.105,2.100,2.095,2.088,2.083,2.079,2.074,2.068,2.063,2.057,2.053,2.048,2.044,2.039,2.033,2.028,2.023,2.016,2.011,2.007,2.002,1.997,1.992,1.987,1.981,1.976,1.970,1.965,1.959,1.953,1.948,1.942,1.938,1.934,1.931,1.928,1.926,1.922,1.919,1.914,1.911,1.906,1.902,1.899,1.896,1.892,1.888,1.884,1.881,1.876,1.873,1.869,1.866,1.862,1.859,1.855,1.851,1.849,1.846,1.842,1.836,1.829,1.823,1.816,1.808,1.798,1.787,1.771,1.778,1.756,3.000,3.000,1.036,1.036,1.010,0.989,0.976,0.966,0.959,0.953,0.947,0.942,0.938,0.934,0.929,0.926,0.922,0.917,0.914,0.910,0.907,0.903,0.901,0.897,0.895,0.892,0.890,0.888,0.885,0.882,0.880,0.877,0.874,0.871,0.870,0.867,0.866,0.865,0.864,0.863,0.862,0.861,0.860,0.859,0.859,0.859,0.859,0.859,0.858,0.858,0.859,0.859,0.859,0.859,0.859,0.859,0.860,0.861,0.862,0.864,0.866,0.866,0.867,0.866,0.864,0.861,0.858,0.853,0.847,0.839,0.831,0.824,0.818,0.809,0.805,0.800,0.796,0.791,0.788,0.783,0.780,0.779,0.781,0.784,0.787,0.792,0.797,0.808,0.815,0.828,0.839,0.856,0.883,0.893,0.893,3.000,3.000,1.748,1.773,1.767,1.788,1.802,1.812,1.822,1.830,1.837,1.843,1.848,1.853,1.858,1.862,1.867,1.870,1.875,1.878,1.882,1.886,1.891,1.895,1.897,1.899,1.902,1.905,1.908,1.911,1.915,1.920,1.924,1.928,1.933,1.935,1.939,1.941,1.944,1.947,1.951,1.955,1.957,1.958,1.957,1.959,1.962,1.969,1.973,1.978,1.982,1.985,1.989,1.994,1.998,2.002,2.007,2.009,2.011,2.012,2.014,2.015,2.015,2.016,2.019,2.027,2.043,2.067,2.093,2.114,2.127,2.141,2.152,2.162,2.171,2.180,2.189,2.197,2.207,2.217,2.227,2.236,2.248,2.261,2.272,2.281,2.291,2.298,2.306,2.314,2.323,2.332,2.344,2.354,2.362,2.369,2.378,2.386,2.394,2.401,2.408,2.415,2.419,2.418,2.405,2.384,2.385,3.000,3.000,3.000,3.000,3.000,2.620,2.616,2.620,2.622,2.624,2.628,2.634,2.632,2.631,2.636,3.000,3.000,3.000,3.000,3.000,3.000
3.000,3.000,3.000,2.269,2.266,2.262,2.258,2.253,2.246,2.241,2.233,2.223,2.217,2.211,2.205,2.197,2.190,2.182,2.174,2.166,2.159,2.149,2.141,2.135,2.125,2.118,2.113,2.107,2.102,2.095,2.090,2.084,2.080,2.074,2.068,2.062,2.057,2.053,2.049,2.045,2.040,2.035,2.030,2.023,2.016,2.011,2.006,2.002,1.997,1.992,1.987,1.981,1.976,1.970,1.965,1.959,1.954,1.948,1.943,1.937,1.933,1.930,1.928,1.926,1.922,1.918,1.914,1.911,1.907,1.902,1.899,1.896,1.891,1.888,1.885,1.881,1.877,1.873,1.870,1.866,1.862,1.859,1.855,1.852,1.849,1.846,1.841,1.835,1.828,1.822,1.815,1.806,1.795,1.782,1.764,1.771,3.000,3.000,1.034,1.036,1.022,1.001,0.983,0.970,0.961,0.956,0.950,0.944,0.939,0.935,0.931,0.927,0.923,0.919,0.915,0.911,0.908,0.904,0.900,0.898,0.895,0.892,0.890,0.887,0.885,0.882,0.879,0.877,0.874,0.871,0.869,0.867,0.866,0.864,0.863,0.862,0.861,0.861,0.860,0.859,0.859,0.858,0.858,0.858,0.858,0.858,0.858,0.858,0.858,0.858,0.858,0.858,0.859,0.860,0.861,0.862,0.864,0.867,0.868,0.868,0.868,0.867,0.865,0.861,0.858,0.853,0.846,0.839,0.833,0.827,0.823,0.818,0.813,0.809,0.805,0.801,0.799,0.799,0.800,0.801,0.807,0.810,0.815,0.818,0.824,0.831,0.845,0.857,0.872,0.898,0.883,3.000,3.000,3.000,1.759,1.748,1.773,1.791,1.804,1.813,1.822,1.830,1.837,1.843,1.849,1.853,1.857,1.861,1.866,1.869,1.874,1.877,1.881,1.885,1.889,1.893,1.895,1.897,1.899,1.900,1.903,1.906,1.910,1.915,1.920,1.925,1.929,1.931,1.934,1.936,1.937,1.941,1.945,1.951,1.952,1.955,1.954,1.957,1.961,1.968,1.973,1.978,1.982,1.986,1.991,1.996,2.000,2.004,2.009,2.011,2.013,2.014,2.016,2.017,2.016,2.015,2.016,2.022,2.035,2.054,2.088,2.111,2.124,2.140,2.152,2.162,2.171,2.181,2.189,2.198,2.208,2.219,2.228,2.237,2.248,2.261,2.273,2.284,2.293,2.300,2.309,2.316,2.326,2.334,2.346,2.354,2.363,2.370,2.378,2.387,2.395,2.402,2.409,2.416,2.419,2.417,2.403,2.384,2.387,3.000,3.000,3.000,3.000,3.000,2.624,2.620,2.626,2.628,2.630,2.636,2.640,2.639,2.636,2.640,3.000,3.000,3.000,3.000,3.000,3.000
3.000,3.000,3.000,2.270,2.269,2.266,2.261,2.256,2.249,2.245,2.236,2.228,2.221,2.213,2.206,2.199,2.190,2.182,2.174,2.166,2.159,2.150,2.142,2.136,2.125,2.119,2.113,2.107,2.103,2.096,2.090,2.085,2.081,2.074,2.068,2.063,2.057,2.054,2.050,2.046,2.041,2.036,2.031,2.024,2.017,2.013,2.007,2.002,1.998,1.993,1.988,1.982,1.977,1.971,1.966,1.960,1.955,1.949,1.943,1.938,1.934,1.931,1.928,1.926,1.922,1.918,1.914,1.911,1.907,1.901,1.897,1.894,1.891,1.888,1.884,1.882,1.877,1.874,1.870,1.867,1.863,1.860,1.856,1.852,1.850,1.846,1.842,1.835,1.828,1.822,1.814,1.805,1.793,1.779,1.757,1.764,3.000,3.000,1.034,1.034,1.013,0.994,0.978,0.966,0.958,0.952,0.947,0.941,0.936,0.932,0.928,0.924,0.920,0.917,0.912,0.909,0.906,0.901,0.898,0.895,0.892,0.889,0.887,0.884,0.882,0.879,0.877,0.874,0.871,0.869,0.867,0.866,0.864,0.863,0.862,0.861,0.860,0.860,0.859,0.859,0.858,0.858,0.858,0.858,0.858,0.858,0.858,0.858,0.858,0.858,0.858,0.858,0.859,0.860,0.861,0.863,0.865,0.867,0.868,0.869,0.869,0.868,0.867,0.864,0.861,0.857,0.851,0.845,0.839,0.835,0.831,0.828,0.824,0.820,0.817,0.814,0.811,0.810,0.811,0.815,0.819,0.824,0.829,0.834,0.841,0.851,0.862,0.874,0.898,0.898,3.000,3.000,3.000,3.000,1.767,1.759,1.779,1.794,1.806,1.815,1.823,1.830,1.837,1.842,1.848,1.853,1.857,1.861,1.865,1.869,1.873,1.877,1.880,1.883,1.887,1.891,1.893,1.893,1.894,1.893,1.895,1.894,1.903,1.908,1.913,1.919,1.924,1.926,1.928,1.931,1.934,1.937,1.942,1.949,1.952,1.955,1.955,1.960,1.964,1.970,1.975,1.980,1.984,1.988,1.993,1.997,2.002,2.006,2.010,2.012,2.014,2.015,2.017,2.017,2.015,2.014,2.012,2.016,2.029,2.048,2.084,2.107,2.122,2.139,2.152,2.162,2.172,2.181,2.190,2.199,2.210,2.221,2.230,2.239,2.251,2.265,2.276,2.287,2.295,2.303,2.312,2.320,2.332,2.340,2.350,2.357,2.365,2.371,2.380,2.390,2.397,2.404,2.410,2.417,2.420,2.418,2.404,2.387,2.391,3.000,3.000,3.000,3.000,3.000,2.624,2.624,2.630,2.633,2.638,2.640,2.643,2.643,2.640,2.640,3.000,3.000,3.000,3.000,3.000,3.000
3.000,3.000,3.000,2.271,2.270,2.268,2.262,2.256,2.251,2.246,2.239,2.230,2.223,2.216,2.206,2.199,2.190,2.181,2.173,2.166,2.159,2.151,2.143,2.136,2.127,2.120,2.115,2.109,2.104,2.097,2.091,2.086,2.082,2.076,2.070,2.065,2.059,2.055,2.051,2.047,2.042,2.037,2.032,2.026,2.019,2.014,2.008,2.004,1.999,1.994,1.990,1.984,1.979,1.973,1.969,1.963,1.957,1.950,1.944,1.940,1.935,1.932,1.929,1.927,1.922,1.919,1.915,1.912,1.907,1.903,1.898,1.896,1.892,1.890,1.885,1.883,1.878,1.875,1.871,1.868,1.864,1.862,1.858,1.853,1.850,1.847,1.843,1.836,1.829,1.822,1.815,1.804,1.791,1.776,1.779,1.757,3.000,1.038,1.038,1.024,1.005,0.987,0.972,0.962,0.955,0.949,0.944,0.938,0.934,0.930,0.926,0.922,0.918,0.914,0.910,0.907,0.904,0.899,0.895,0.892,0.889,0.886,0.884,0.882,0.879,0.877,0.874,0.872,0.869,0.867,0.865,0.864,0.863,0.862,0.861,0.860,0.860,0.859,0.859,0.859,0.858,0.858,0.858,0.858,0.858,0.857,0.857,0.858,0.858,0.858,0.858,0.858,0.859,0.860,0.862,0.863,0.866,0.868,0.869,0.870,0.870,0.870,0.869,0.867,0.865,0.861,0.856,0.849,0.845,0.841,0.838,0.835,0.833,0.830,0.828,0.825,0.821,0.819,0.821,0.825,0.830,0.835,0.841,0.848,0.855,0.865,0.878,0.893,0.921,0.898,3.000,3.000,3.000,1.750,1.773,1.767,1.784,1.798,1.808,1.817,1.824,1.831,1.837,1.842,1.848,1.852,1.857,1.860,1.865,1.868,1.873,1.876,1.879,1.882,1.885,1.889,1.890,1.890,1.889,1.885,1.883,1.885,1.895,1.901,1.907,1.913,1.917,1.921,1.925,1.928,1.932,1.937,1.943,1.949,1.953,1.957,1.959,1.963,1.967,1.972,1.977,1.982,1.985,1.989,1.994,1.998,2.003,2.006,2.010,2.012,2.014,2.015,2.016,2.016,2.016,2.015,2.013,2.014,2.024,2.041,2.077,2.102,2.120,2.139,2.153,2.164,2.174,2.183,2.192,2.202,2.213,2.222,2.232,2.242,2.254,2.268,2.279,2.290,2.299,2.307,2.316,2.325,2.336,2.343,2.352,2.360,2.367,2.373,2.382,2.392,2.399,2.406,2.412,2.418,2.421,2.420,2.409,2.391,2.393,3.000,3.000,3.000,3.000,3.000,2.624,2.622,2.630,2.634,2.639,2.641,2.644,2.642,2.640,2.641,3.000,3.000,3.000,3.000,3.000,3.000
3.000,3.000,3.000,2.275,2.271,2.269,2.264,2.257,2.251,2.246,2.239,2.230,2.221,2.214,2.205,2.199,2.190,2.182,2.174,2.166,2.159,2.152,2.144,2.138,2.129,2.123,2.117,2.110,2.105,2.099,2.092,2.088,2.083,2.077,2.071,2.067,2.062,2.058,2.053,2.049,2.044,2.039,2.033,2.028,2.021,2.017,2.011,2.005,2.001,1.996,1.991,1.985,1.980,1.975,1.970,1.965,1.958,1.953,1.946,1.942,1.937,1.934,1.930,1.928,1.923,1.920,1.916,1.912,1.908,1.903,1.899,1.896,1.893,1.890,1.886,1.883,1.879,1.875,1.872,1.868,1.865,1.862,1.859,1.855,1.852,1.849,1.844,1.837,1.830,1.823,1.815,1.805,1.791,1.775,1.776,3.000,3.000,1.038,1.038,1.015,0.998,0.981,0.969,0.959,0.952,0.947,0.942,0.936,0.932,0.928,0.924,0.920,0.916,0.912,0.908,0.905,0.901,0.897,0.893,0.889,0.886,0.884,0.881,0.879,0.877,0.874,0.872,0.870,0.867,0.865,0.863,0.863,0.861,0.861,0.860,0.860,0.859,0.859,0.859,0.858,0.858,0.858,0.858,0.858,0.857,0.857,0.857,0.857,0.857,0.857,0.857,0.858,0.858,0.860,0.862,0.863,0.866,0.868,0.869,0.870,0.870,0.870,0.870,0.868,0.867,0.863,0.859,0.853,0.849,0.846,0.843,0.842,0.841,0.839,0.836,0.835,0.835,0.834,0.834,0.838,0.843,0.850,0.855,0.863,0.872,0.884,0.900,0.921,0.970,0.970,3.000,3.000,3.000,1.756,1.750,1.773,1.788,1.800,1.809,1.818,1.825,1.831,1.837,1.842,1.848,1.853,1.857,1.860,1.865,1.868,1.872,1.876,1.878,1.880,1.883,1.885,1.885,1.884,1.881,1.866,1.859,1.868,1.883,1.894,1.901,1.908,1.914,1.919,1.923,1.927,1.932,1.937,1.945,1.951,1.955,1.960,1.963,1.966,1.970,1.975,1.979,1.983,1.987,1.991,1.995,1.999,2.003,2.006,2.009,2.011,2.014,2.015,2.016,2.016,2.015,2.014,2.011,2.011,2.020,2.034,2.070,2.098,2.118,2.138,2.152,2.164,2.174,2.183,2.194,2.203,2.213,2.222,2.233,2.243,2.257,2.270,2.281,2.290,2.300,2.308,2.318,2.328,2.338,2.345,2.354,2.361,2.368,2.375,2.384,2.393,2.401,2.408,2.414,2.419,2.423,2.421,2.411,2.393,2.396,3.000,3.000,3.000,3.000,3.000,2.622,2.621,2.631,2.635,2.642,2.643,2.645,2.643,2.641,2.641,3.000,3.000,3.000,3.000,3.000,3.000
3.000,3.000,3.000,2.275,2.275,2.271,2.264,2.256,2.250,2.244,2.237,2.226,2.218,2.213,2.205,2.199,2.189,2.182,2.174,2.164,2.158,2.150,2.142,2.136,2.129,2.123,2.118,2.111,2.106,2.099,2.092,2.088,2.084,2.078,2.073,2.068,2.064,2.060,2.055,2.050,2.044,2.039,2.033,2.028,2.022,2.017,2.012,2.007,2.002,1.998,1.992,1.986,1.982,1.977,1.972,1.965,1.959,1.954,1.949,1.944,1.938,1.935,1.931,1.928,1.923,1.920,1.916,1.912,1.908,1.903,1.899,1.896,1.893,1.890,1.886,1.883,1.878,1.875,1.871,1.868,1.864,1.861,1.858,1.855,1.852,1.848,1.844,1.837,1.830,1.823,1.814,1.803,1.788,1.770,1.775,3.000,3.000,1.038,1.028,1.007,0.990,0.976,0.965,0.957,0.950,0.945,0.939,0.935,0.930,0.926,0.922,0.918,0.914,0.910,0.906,0.903,0.899,0.895,0.891,0.887,0.884,0.882,0.879,0.877,0.874,0.872,0.870,0.868,0.866,0.864,0.863,0.862,0.861,0.860,0.860,0.859,0.859,0.859,0.859,0.858,0.858,0.858,0.858,0.858,0.857,0.857,0.857,0.857,0.857,0.857,0.857,0.857,0.858,0.860,0.862,0.864,0.866,0.868,0.869,0.870,0.870,0.871,0.870,0.869,0.868,0.864,0.861,0.856,0.853,0.850,0.848,0.847,0.846,0.845,0.845,0.843,0.843,0.843,0.845,0.849,0.857,0.863,0.869,0.882,0.893,0.910,0.927,0.943,0.970,0.983,3.000,3.000,3.000,1.759,1.756,1.777,1.791,1.802,1.811,1.820,1.826,1.832,1.837,1.843,1.849,1.854,1.857,1.860,1.865,1.868,1.873,1.876,1.878,1.879,1.881,1.882,1.881,1.878,1.871,1.881,1.868,1.883,1.874,1.884,1.895,1.904,1.911,1.917,1.923,1.928,1.933,1.940,1.947,1.954,1.958,1.963,1.966,1.968,1.972,1.976,1.980,1.984,1.987,1.991,1.994,1.998,2.002,2.005,2.008,2.010,2.013,2.014,2.015,2.014,2.014,2.012,2.006,2.007,2.014,2.026,2.049,2.092,2.113,2.136,2.150,2.162,2.173,2.183,2.194,2.203,2.213,2.223,2.234,2.245,2.259,2.272,2.282,2.291,2.299,2.309,2.321,2.330,2.339,2.346,2.355,2.361,2.368,2.375,2.383,2.393,2.401,2.408,2.415,2.419,2.423,2.420,2.412,2.396,2.396,3.000,3.000,3.000,3.000,3.000,2.621,2.620,2.630,2.634,2.639,2.641,2.644,2.643,2.641,2.641,3.000,3.000,3.000,3.000,3.000,3.000
3.000,3.000,3.000,2.275,2.274,2.270,2.263,2.256,2.250,2.243,2.235,2.226,2.219,2.214,2.207,2.200,2.191,2.183,2.175,2.165,2.159,2.151,2.143,2.137,2.131,2.126,2.120,2.113,2.107,2.100,2.093,2.089,2.085,2.080,2.074,2.069,2.066,2.061,2.057,2.051,2.045,2.040,2.035,2.029,2.023,2.018,2.013,2.008,2.003,1.998,1.992,1.987,1.982,1.977,1.972,1.966,1.960,1.955,1.950,1.945,1.939,1.936,1.932,1.929,1.923,1.919,1.915,1.912,1.908,1.903,1.898,1.896,1.893,1.890,1.886,1.883,1.877,1.874,1.870,1.867,1.863,1.860,1.857,1.854,1.851,1.848,1.843,1.836,1.829,1.822,1.813,1.801,1.786,1.766,1.770,3.000,3.000,1.028,1.020,1.002,0.986,0.973,0.962,0.954,0.947,0.942,0.938,0.933,0.929,0.924,0.920,0.917,0.913,0.909,0.905,0.901,0.898,0.894,0.889,0.886,0.882,0.880,0.877,0.875,0.872,0.870,0.868,0.867,0.865,0.863,0.862,0.861,0.861,0.860,0.860,0.860,0.859,0.859,0.859,0.858,0.858,0.858,0.858,0.858,0.857,0.857,0.857,0.857,0.857,0.857,0.857,0.857,0.858,0.860,0.862,0.864,0.866,0.868,0.870,0.871,0.871,0.871,0.871,0.870,0.869,0.866,0.863,0.859,0.856,0.853,0.851,0.851,0.851,0.851,0.851,0.851,0.852,0.853,0.856,0.861,0.867,0.874,0.883,0.895,0.908,0.924,0.939,0.961,0.983,0.990,3.000,3.000,3.000,1.761,1.759,1.779,1.793,1.803,1.812,1.820,1.827,1.833,1.838,1.843,1.850,1.854,1.857,1.860,1.864,1.868,1.872,1.875,1.877,1.878,1.878,1.878,1.876,1.871,1.878,1.784,1.776,1.874,1.866,1.876,1.890,1.901,1.910,1.917,1.924,1.929,1.935,1.942,1.948,1.956,1.960,1.964,1.967,1.970,1.974,1.977,1.981,1.984,1.987,1.990,1.994,1.997,2.001,2.003,2.006,2.008,2.012,2.013,2.013,2.012,2.012,2.010,2.003,2.003,2.007,2.020,2.039,2.085,2.110,2.134,2.149,2.161,2.172,2.183,2.194,2.203,2.213,2.223,2.234,2.246,2.261,2.273,2.282,2.291,2.299,2.309,2.322,2.331,2.340,2.347,2.356,2.362,2.369,2.376,2.384,2.394,2.402,2.410,2.417,2.421,2.424,2.421,2.414,2.396,2.396,3.000,3.000,3.000,3.000,3.000,2.620,2.619,2.626,2.630,2.635,2.639,2.643,2.643,2.641,2.645,3.000,3.000,3.000,3.000,3.000,3.000
3.000,3.000,3.000,2.274,2.272,2.268,2.263,2.257,2.250,2.244,2.237,2.228,2.222,2.215,2.208,2.202,2.192,2.184,2.175,2.166,2.160,2.153,2.146,2.140,2.132,2.127,2.122,2.116,2.110,2.102,2.096,2.091,2.088,2.083,2.075,2.071,2.067,2.064,2.059,2.054,2.047,2.042,2.037,2.031,2.025,2.021,2.015,2.010,2.005,1.999,1.994,1.988,1.983,1.978,1.973,1.967,1.961,1.956,1.952,1.947,1.941,1.939,1.934,1.931,1.924,1.921,1.916,1.913,1.908,1.903,1.898,1.895,1.892,1.889,1.886,1.882,1.876,1.873,1.870,1.866,1.861,1.858,1.856,1.853,1.850,1.847,1.842,1.835,1.828,1.820,1.811,1.798,1.783,1.786,1.766,3.000,3.000,1.020,1.013,0.995,0.982,0.970,0.960,0.952,0.945,0.941,0.936,0.932,0.927,0.923,0.919,0.915,0.912,0.908,0.904,0.901,0.897,0.893,0.888,0.884,0.881,0.878,0.875,0.873,0.871,0.869,0.867,0.866,0.864,0.863,0.862,0.861,0.861,0.860,0.860,0.860,0.859,0.859,0.859,0.858,0.858,0.858,0.858,0.858,0.857,0.857,0.857,0.856,0.856,0.856,0.857,0.857,0.858,0.860,0.862,0.864,0.866,0.868,0.870,0.871,0.871,0.871,0.871,0.870,0.869,0.867,0.864,0.860,0.858,0.855,0.853,0.853,0.854,0.855,0.857,0.858,0.858,0.860,0.862,0.868,0.874,0.882,0.890,0.903,0.916,0.931,0.946,0.969,0.990,0.997,3.000,3.000,3.000,1.763,1.761,1.781,1.794,1.804,1.813,1.821,1.828,1.834,1.839,1.844,1.850,1.854,1.857,1.861,1.865,1.869,1.873,1.875,1.877,1.878,1.878,1.878,1.876,1.870,1.871,1.781,1.771,1.866,1.876,1.874,1.887,1.902,1.910,1.918,1.925,1.930,1.937,1.944,1.951,1.958,1.962,1.966,1.969,1.971,1.976,1.977,1.981,1.984,1.987,1.989,1.992,1.996,1.999,2.002,2.004,2.006,2.009,2.010,2.010,2.010,2.009,2.004,2.000,1.997,2.001,2.014,2.030,2.110,2.105,2.128,2.147,2.160,2.172,2.182,2.193,2.203,2.214,2.224,2.236,2.247,2.261,2.273,2.282,2.291,2.299,2.311,2.323,2.333,2.342,2.349,2.357,2.364,2.371,2.379,2.388,2.397,2.405,2.412,2.421,2.424,2.430,2.424,2.416,2.426,2.396,3.000,3.000,3.000,3.000,3.000,2.619,2.618,2.623,2.628,2.632,2.639,2.644,2.645,2.645,2.646,3.000,3.000,3.000,3.000,3.000,3.000
3.000,3.000,3.000,2.272,2.272,2.266,2.263,2.257,2.249,2.243,2.237,2.230,2.223,2.216,2.209,2.203,2.193,2.185,2.176,2.169,2.163,2.154,2.148,2.141,2.134,2.129,2.124,2.119,2.112,2.103,2.096,2.091,2.088,2.083,2.076,2.071,2.068,2.064,2.060,2.055,2.048,2.043,2.038,2.033,2.028,2.022,2.017,2.011,2.006,2.001,1.995,1.990,1.984,1.979,1.974,1.968,1.962,1.957,1.952,1.948,1.942,1.940,1.935,1.932,1.924,1.921,1.917,1.914,1.908,1.903,1.898,1.895,1.892,1.889,1.886,1.883,1.877,1.873,1.870,1.866,1.862,1.859,1.856,1.853,1.850,1.846,1.842,1.834,1.827,1.818,1.809,1.796,1.781,1.783,3.000,3.000,3.000,1.013,1.005,0.990,0.978,0.968,0.958,0.950,0.944,0.939,0.935,0.930,0.926,0.922,0.918,0.915,0.911,0.907,0.903,0.900,0.897,0.892,0.887,0.883,0.880,0.877,0.874,0.872,0.869,0.868,0.866,0.865,0.864,0.863,0.862,0.862,0.861,0.860,0.860,0.860,0.860,0.859,0.859,0.859,0.858,0.858,0.857,0.857,0.857,0.856,0.856,0.856,0.856,0.856,0.856,0.857,0.858,0.860,0.862,0.864,0.866,0.868,0.870,0.871,0.871,0.871,0.871,0.870,0.869,0.867,0.865,0.862,0.859,0.857,0.856,0.856,0.857,0.859,0.862,0.863,0.865,0.868,0.870,0.876,0.883,0.889,0.898,0.910,0.923,0.937,0.953,0.975,0.997,1.004,3.000,3.000,3.000,1.765,1.763,1.782,1.795,1.805,1.814,1.822,1.829,1.835,1.840,1.845,1.851,1.855,1.858,1.862,1.865,1.870,1.873,1.876,1.877,1.878,1.878,1.879,1.876,1.870,1.870,1.784,1.769,1.772,1.874,1.872,1.886,1.902,1.911,1.918,1.924,1.930,1.937,1.945,1.952,1.958,1.962,1.966,1.969,1.971,1.976,1.978,1.981,1.984,1.986,1.989,1.992,1.995,1.998,2.001,2.003,2.005,2.008,2.008,2.008,2.007,2.006,2.002,1.998,1.993,1.997,2.006,2.023,2.105,2.100,2.125,2.145,2.159,2.171,2.182,2.193,2.203,2.215,2.225,2.237,2.250,2.264,2.275,2.284,2.292,2.300,2.312,2.324,2.334,2.344,2.352,2.359,2.366,2.374,2.383,2.392,2.401,2.408,2.416,2.427,2.432,2.437,2.430,2.426,2.426,3.000,3.000,3.000,3.000,3.000,3.000,2.622,2.618,2.623,2.628,2.632,2.640,2.646,2.647,2.646,2.648,3.000,3.000,3.000,3.000,3.000,3.000
3.000,3.000,3.000,3.000,2.266,2.260,2.257,2.250,2.245,2.240,2.235,2.229,2.223,2.215,2.208,2.201,2.193,2.185,2.177,2.170,2.165,2.157,2.151,2.143,2.137,2.131,2.126,2.121,2.114,2.105,2.096,2.091,2.087,2.083,2.076,2.072,2.069,2.065,2.061,2.055,2.049,2.044,2.039,2.033,2.028,2.023,2.018,2.012,2.007,2.002,1.997,1.992,1.986,1.980,1.975,1.969,1.964,1.959,1.954,1.949,1.944,1.940,1.934,1.931,1.925,1.922,1.917,1.914,1.909,1.905,1.899,1.895,1.892,1.889,1.887,1.883,1.878,1.873,1.870,1.866,1.862,1.859,1.856,1.852,1.849,1.845,1.840,1.832,1.825,1.816,1.807,1.794,1.775,1.781,3.000,3.000,1.014,1.014,0.999,0.986,0.974,0.965,0.956,0.949,0.943,0.938,0.934,0.930,0.926,0.922,0.918,0.914,0.910,0.906,0.902,0.899,0.896,0.890,0.886,0.882,0.879,0.876,0.873,0.871,0.869,0.867,0.866,0.865,0.864,0.863,0.862,0.862,0.861,0.861,0.860,0.860,0.860,0.859,0.859,0.858,0.858,0.857,0.857,0.857,0.856,0.856,0.856,0.856,0.855,0.855,0.856,0.857,0.858,0.860,0.862,0.864,0.866,0.868,0.869,0.870,0.871,0.871,0.871,0.871,0.870,0.868,0.865,0.863,0.861,0.858,0.857,0.857,0.859,0.862,0.866,0.868,0.871,0.873,0.878,0.883,0.891,0.896,0.906,0.916,0.929,0.943,0.960,0.982,1.004,1.013,3.000,3.000,3.000,1.767,1.765,1.782,1.795,1.805,1.814,1.822,1.831,1.836,1.841,1.846,1.852,1.855,1.859,1.862,1.866,1.870,1.873,1.876,1.878,1.878,1.878,1.878,1.876,1.869,1.848,1.859,1.772,1.857,1.872,1.870,1.884,1.900,1.909,1.916,1.923,1.929,1.936,1.943,1.951,1.957,1.961,1.965,1.968,1.970,1.975,1.978,1.981,1.984,1.986,1.989,1.992,1.995,1.998,2.001,2.003,2.005,2.006,2.007,2.007,2.006,2.004,1.999,1.994,1.990,1.993,2.000,2.014,2.100,2.125,2.120,2.142,2.158,2.170,2.182,2.192,2.203,2.215,2.226,2.239,2.253,2.265,2.276,2.285,2.294,2.302,2.313,2.325,2.336,2.346,2.354,2.362,2.368,2.377,2.388,2.397,2.406,2.416,2.424,2.433,2.439,2.445,2.443,2.448,2.426,3.000,3.000,3.000,3.000,3.000,3.000,2.624,2.622,2.625,2.631,2.636,2.644,2.649,2.649,2.648,2.650,3.000,3.000,3.000,3.000,3.000,3.000
3.000,3.000,3.000,3.000,2.260,2.255,2.254,2.244,2.241,2.237,2.234,2.230,2.223,2.216,2.210,2.203,2.194,2.186,2.179,2.172,2.166,2.158,2.152,2.145,2.138,2.132,2.128,2.122,2.114,2.104,2.096,2.092,2.087,2.083,2.076,2.073,2.070,2.066,2.061,2.056,2.051,2.046,2.042,2.037,2.032,2.026,2.020,2.015,2.009,2.004,1.999,1.994,1.988,1.982,1.977,1.970,1.965,1.960,1.955,1.950,1.945,1.941,1.934,1.932,1.926,1.923,1.919,1.916,1.910,1.906,1.900,1.896,1.892,1.889,1.887,1.883,1.878,1.873,1.870,1.866,1.862,1.859,1.855,1.852,1.848,1.844,1.839,1.831,1.824,1.814,1.805,1.792,1.773,1.775,3.000,3.000,1.014,1.014,0.994,0.981,0.971,0.962,0.954,0.948,0.941,0.937,0.933,0.929,0.925,0.921,0.917,0.913,0.909,0.905,0.901,0.898,0.895,0.889,0.885,0.881,0.878,0.876,0.872,0.870,0.868,0.867,0.865,0.865,0.864,0.863,0.862,0.862,0.861,0.861,0.860,0.860,0.860,0.859,0.859,0.858,0.858,0.857,0.857,0.856,0.855,0.855,0.855,0.855,0.854,0.855,0.855,0.856,0.857,0.859,0.861,0.863,0.865,0.868,0.869,0.870,0.870,0.871,0.871,0.871,0.870,0.868,0.866,0.864,0.862,0.859,0.858,0.859,0.861,0.865,0.869,0.873,0.876,0.880,0.886,0.892,0.899,0.904,0.912,0.923,0.934,0.949,0.967,0.988,1.013,1.023,3.000,3.000,1.748,1.771,1.767,1.784,1.797,1.806,1.816,1.824,1.833,1.838,1.843,1.847,1.853,1.856,1.860,1.863,1.867,1.871,1.874,1.877,1.879,1.880,1.880,1.880,1.878,1.873,1.859,1.833,1.792,1.799,1.857,1.869,1.882,1.894,1.906,1.914,1.921,1.928,1.934,1.942,1.949,1.955,1.960,1.963,1.966,1.969,1.974,1.977,1.980,1.983,1.985,1.988,1.991,1.994,1.998,2.001,2.003,2.004,2.005,2.005,2.005,2.005,2.003,1.998,1.993,1.988,1.990,1.997,2.010,2.027,2.120,2.116,2.140,2.157,2.170,2.182,2.192,2.203,2.215,2.227,2.241,2.254,2.266,2.277,2.286,2.294,2.302,2.314,2.325,2.335,2.346,2.354,2.362,2.369,2.379,2.389,2.399,2.408,2.418,2.426,2.436,2.445,2.449,2.448,2.450,3.000,3.000,3.000,3.000,3.000,3.000,3.000,2.624,2.624,2.628,2.637,2.644,2.649,2.653,2.652,2.650,2.650,3.000,3.000,3.000,3.000,3.000,3.000
3.000,3.000,3.000,3.000,2.264,2.260,2.258,2.245,2.240,2.236,2.234,2.228,2.224,2.217,2.212,2.206,2.197,2.188,2.180,2.173,2.166,2.158,2.151,2.144,2.137,2.132,2.127,2.121,2.113,2.104,2.096,2.092,2.087,2.083,2.077,2.074,2.071,2.066,2.062,2.058,2.053,2.048,2.044,2.039,2.035,2.029,2.022,2.017,2.012,2.006,2.001,1.996,1.990,1.983,1.978,1.971,1.966,1.961,1.956,1.951,1.945,1.941,1.935,1.932,1.927,1.925,1.920,1.917,1.912,1.907,1.901,1.897,1.892,1.889,1.886,1.883,1.877,1.873,1.870,1.866,1.862,1.859,1.855,1.852,1.848,1.844,1.839,1.831,1.823,1.814,1.805,1.791,1.772,1.773,3.000,3.000,1.014,1.007,0.989,0.977,0.968,0.959,0.951,0.945,0.940,0.936,0.932,0.928,0.924,0.920,0.917,0.912,0.908,0.904,0.901,0.897,0.894,0.888,0.884,0.880,0.877,0.875,0.872,0.870,0.868,0.867,0.866,0.865,0.864,0.863,0.863,0.862,0.861,0.861,0.860,0.860,0.859,0.859,0.858,0.858,0.857,0.856,0.856,0.855,0.855,0.854,0.854,0.854,0.853,0.854,0.855,0.856,0.857,0.859,0.861,0.863,0.865,0.867,0.868,0.869,0.870,0.871,0.871,0.871,0.870,0.868,0.866,0.864,0.862,0.860,0.859,0.859,0.861,0.865,0.870,0.875,0.879,0.884,0.890,0.897,0.904,0.910,0.918,0.929,0.940,0.957,0.974,0.996,1.023,1.023,3.000,3.000,1.752,1.748,1.771,1.787,1.800,1.809,1.819,1.828,1.835,1.840,1.844,1.849,1.854,1.858,1.861,1.864,1.867,1.871,1.875,1.878,1.880,1.881,1.881,1.881,1.880,1.876,1.865,1.846,1.802,1.806,1.854,1.867,1.880,1.891,1.904,1.912,1.919,1.926,1.933,1.940,1.947,1.953,1.958,1.962,1.966,1.968,1.972,1.976,1.979,1.983,1.985,1.988,1.991,1.994,1.998,2.001,2.003,2.004,2.005,2.005,2.005,2.005,2.003,1.998,1.994,1.988,1.989,1.994,2.006,2.027,2.116,2.113,2.139,2.156,2.169,2.181,2.192,2.203,2.216,2.229,2.242,2.255,2.267,2.278,2.287,2.296,2.304,2.315,2.325,2.335,2.345,2.354,2.363,2.370,2.378,2.389,2.398,2.409,2.420,2.427,2.438,2.447,2.450,2.450,2.452,3.000,3.000,3.000,3.000,3.000,3.000,3.000,2.624,2.623,2.634,2.642,2.649,2.652,2.656,2.654,2.650,2.650,3.000,3.000,3.000,3.000,3.000,3.000
3.000,3.000,3.000,3.000,2.264,2.264,2.259,2.244,2.238,2.234,2.233,2.226,2.223,2.217,2.213,2.206,2.197,2.189,2.182,2.174,2.167,2.159,2.152,2.145,2.138,2.133,2.128,2.122,2.113,2.105,2.096,2.092,2.088,2.083,2.078,2.074,2.072,2.067,2.063,2.059,2.054,2.050,2.046,2.041,2.036,2.030,2.024,2.019,2.013,2.007,2.003,1.997,1.991,1.984,1.980,1.973,1.968,1.964,1.957,1.953,1.946,1.942,1.936,1.933,1.928,1.926,1.922,1.919,1.914,1.909,1.902,1.898,1.894,1.889,1.887,1.883,1.878,1.874,1.871,1.866,1.862,1.859,1.855,1.852,1.848,1.844,1.838,1.830,1.822,1.813,1.803,1.789,1.770,1.772,3.000,3.000,1.007,1.002,0.985,0.974,0.964,0.957,0.949,0.943,0.938,0.934,0.931,0.927,0.923,0.919,0.916,0.911,0.907,0.903,0.900,0.897,0.893,0.888,0.883,0.880,0.876,0.874,0.872,0.870,0.868,0.866,0.865,0.865,0.864,0.863,0.863,0.862,0.861,0.861,0.860,0.860,0.859,0.858,0.858,0.857,0.856,0.855,0.855,0.854,0.853,0.852,0.852,0.852,0.852,0.853,0.854,0.855,0.857,0.858,0.860,0.862,0.864,0.866,0.868,0.869,0.869,0.870,0.870,0.870,0.869,0.868,0.866,0.864,0.862,0.860,0.859,0.859,0.861,0.865,0.870,0.876,0.881,0.886,0.893,0.900,0.907,0.915,0.923,0.934,0.947,0.962,0.979,1.004,1.023,1.023,3.000,3.000,1.756,1.752,1.775,1.790,1.803,1.811,1.821,1.830,1.837,1.842,1.846,1.851,1.855,1.859,1.862,1.865,1.869,1.872,1.876,1.879,1.881,1.883,1.883,1.884,1.882,1.879,1.872,1.859,1.811,1.813,1.854,1.866,1.879,1.889,1.900,1.910,1.917,1.925,1.931,1.938,1.945,1.951,1.957,1.961,1.965,1.968,1.972,1.976,1.979,1.983,1.984,1.988,1.991,1.994,1.998,2.001,2.003,2.004,2.004,2.004,2.004,2.004,2.002,1.998,1.994,1.987,1.987,1.992,2.003,2.023,2.113,2.139,2.138,2.156,2.171,2.182,2.193,2.204,2.217,2.230,2.242,2.255,2.268,2.279,2.288,2.297,2.305,2.315,2.325,2.335,2.345,2.354,2.364,2.371,2.379,2.389,2.399,2.411,2.421,2.429,2.440,2.448,2.452,2.452,2.454,3.000,3.000,3.000,3.000,3.000,3.000,3.000,2.623,2.619,2.630,2.642,2.649,2.653,2.656,2.654,2.649,2.650,3.000,3.000,3.000,3.000,3.000,3.000
3.000,3.000,3.000,3.000,2.264,2.264,2.258,2.242,2.237,2.233,2.230,2.224,2.220,2.216,2.213,2.207,2.198,2.190,2.183,2.177,2.169,2.162,2.155,2.149,2.141,2.136,2.130,2.124,2.114,2.107,2.100,2.095,2.090,2.085,2.080,2.076,2.074,2.068,2.064,2.059,2.055,2.051,2.046,2.041,2.036,2.031,2.024,2.019,2.013,2.008,2.003,1.998,1.993,1.988,1.983,1.976,1.970,1.966,1.960,1.954,1.947,1.942,1.936,1.934,1.929,1.927,1.923,1.920,1.914,1.909,1.903,1.899,1.894,1.890,1.887,1.883,1.879,1.875,1.871,1.868,1.862,1.859,1.855,1.852,1.847,1.843,1.836,1.828,1.819,1.810,1.800,1.786,1.764,1.770,3.000,3.000,1.002,0.996,0.980,0.970,0.961,0.954,0.946,0.941,0.936,0.933,0.929,0.926,0.922,0.918,0.915,0.911,0.906,0.903,0.899,0.896,0.892,0.887,0.883,0.879,0.876,0.874,0.871,0.870,0.868,0.866,0.865,0.865,0.864,0.863,0.863,0.862,0.861,0.861,0.860,0.859,0.859,0.858,0.857,0.856,0.855,0.854,0.854,0.853,0.852,0.852,0.851,0.852,0.852,0.852,0.853,0.854,0.856,0.858,0.860,0.862,0.863,0.865,0.867,0.868,0.868,0.869,0.869,0.869,0.868,0.867,0.865,0.863,0.862,0.859,0.858,0.859,0.860,0.864,0.869,0.876,0.881,0.887,0.894,0.902,0.910,0.917,0.926,0.937,0.950,0.965,0.983,1.010,1.017,3.000,3.000,3.000,1.758,1.756,1.778,1.792,1.804,1.813,1.824,1.831,1.838,1.842,1.847,1.851,1.856,1.860,1.863,1.866,1.870,1.873,1.877,1.880,1.883,1.885,1.886,1.886,1.885,1.883,1.878,1.868,1.833,1.833,1.858,1.867,1.879,1.888,1.899,1.908,1.916,1.924,1.930,1.936,1.944,1.950,1.956,1.960,1.965,1.969,1.973,1.977,1.982,1.985,1.986,1.989,1.991,1.995,1.998,2.000,2.002,2.003,2.003,2.003,2.003,2.003,2.001,1.998,1.994,1.988,1.987,1.991,2.001,2.019,2.023,2.138,2.138,2.158,2.172,2.184,2.195,2.206,2.219,2.231,2.242,2.253,2.267,2.279,2.288,2.298,2.306,2.315,2.326,2.336,2.346,2.356,2.365,2.372,2.382,2.391,2.401,2.413,2.423,2.431,2.442,2.450,2.453,2.454,2.455,3.000,3.000,3.000,3.000,3.000,3.000,2.611,2.619,2.618,2.627,2.641,2.647,2.650,2.655,2.651,2.641,2.649,3.000,3.000,3.000,3.000,3.000,3.000
3.000,3.000,3.000,3.000,2.264,2.264,2.255,2.245,2.241,2.237,2.233,2.226,2.222,2.217,2.213,2.206,2.196,2.189,2.183,2.178,2.170,2.164,2.158,2.151,2.144,2.138,2.132,2.126,2.116,2.109,2.103,2.097,2.091,2.085,2.079,2.076,2.074,2.069,2.064,2.060,2.055,2.051,2.046,2.041,2.036,2.031,2.024,2.018,2.013,2.008,2.003,1.998,1.993,1.989,1.984,1.977,1.971,1.966,1.960,1.955,1.947,1.943,1.937,1.935,1.929,1.927,1.923,1.920,1.914,1.909,1.903,1.898,1.893,1.889,1.886,1.882,1.878,1.874,1.871,1.868,1.863,1.859,1.855,1.851,1.847,1.842,1.835,1.827,1.819,1.810,1.800,1.784,1.762,1.764,3.000,3.000,0.996,0.993,0.978,0.968,0.959,0.951,0.944,0.939,0.935,0.931,0.928,0.925,0.921,0.918,0.915,0.911,0.906,0.902,0.898,0.895,0.891,0.886,0.882,0.878,0.875,0.873,0.871,0.870,0.868,0.866,0.865,0.865,0.864,0.863,0.863,0.862,0.861,0.860,0.860,0.859,0.858,0.857,0.856,0.855,0.854,0.853,0.852,0.852,0.851,0.851,0.850,0.851,0.851,0.852,0.853,0.854,0.856,0.857,0.859,0.861,0.863,0.865,0.866,0.867,0.868,0.868,0.868,0.868,0.867,0.866,0.864,0.862,0.860,0.858,0.857,0.857,0.859,0.862,0.868,0.876,0.881,0.887,0.894,0.903,0.911,0.919,0.928,0.941,0.953,0.967,0.985,1.017,1.018,3.000,3.000,3.000,1.758,1.758,1.779,1.793,1.805,1.814,1.824,1.832,1.838,1.843,1.847,1.852,1.857,1.860,1.864,1.868,1.871,1.874,1.878,1.881,1.884,1.886,1.887,1.888,1.888,1.887,1.883,1.875,1.850,1.848,1.859,1.866,1.876,1.886,1.896,1.906,1.915,1.922,1.929,1.935,1.942,1.949,1.955,1.959,1.965,1.969,1.974,1.978,1.982,1.985,1.985,1.987,1.990,1.994,1.996,1.998,2.000,2.001,2.001,2.001,2.001,2.001,2.000,1.997,1.993,1.987,1.985,1.989,1.997,2.015,2.036,2.138,2.137,2.158,2.172,2.184,2.197,2.208,2.220,2.232,2.242,2.253,2.267,2.279,2.289,2.298,2.306,2.315,2.326,2.336,2.347,2.357,2.366,2.373,2.383,2.392,2.402,2.414,2.423,2.433,2.443,2.450,2.453,2.455,2.455,3.000,3.000,3.000,3.000,3.000,3.000,2.612,2.611,2.619,2.629,2.643,2.650,2.653,2.657,2.653,2.646,2.651,3.000,3.000,3.000,3.000,3.000,3.000
3.000,3.000,3.000,3.000,2.264,2.263,2.256,2.250,2.248,2.244,2.237,2.229,2.226,2.218,2.214,2.207,2.196,2.189,2.184,2.179,2.172,2.166,2.160,2.153,2.146,2.140,2.134,2.127,2.117,2.110,2.104,2.098,2.092,2.084,2.078,2.074,2.073,2.068,2.063,2.059,2.055,2.051,2.046,2.041,2.036,2.031,2.024,2.019,2.013,2.008,2.003,1.999,1.994,1.989,1.985,1.979,1.972,1.967,1.961,1.957,1.950,1.946,1.938,1.936,1.930,1.928,1.923,1.920,1.914,1.909,1.902,1.897,1.892,1.888,1.885,1.881,1.877,1.874,1.871,1.867,1.863,1.859,1.855,1.852,1.847,1.842,1.834,1.827,1.819,1.810,1.800,1.784,1.761,1.762,3.000,3.000,0.993,0.990,0.975,0.966,0.957,0.949,0.943,0.938,0.934,0.930,0.927,0.924,0.921,0.918,0.914,0.910,0.906,0.901,0.898,0.894,0.890,0.885,0.881,0.878,0.875,0.873,0.871,0.870,0.868,0.867,0.865,0.865,0.864,0.864,0.863,0.862,0.861,0.860,0.859,0.858,0.857,0.856,0.855,0.854,0.853,0.852,0.851,0.850,0.850,0.850,0.850,0.850,0.851,0.852,0.852,0.854,0.856,0.857,0.859,0.861,0.863,0.864,0.865,0.866,0.867,0.867,0.867,0.867,0.866,0.864,0.862,0.860,0.859,0.857,0.856,0.856,0.858,0.860,0.866,0.874,0.880,0.886,0.893,0.902,0.911,0.920,0.929,0.942,0.954,0.969,0.985,1.018,1.018,3.000,3.000,3.000,1.758,1.757,1.780,1.794,1.806,1.815,1.825,1.832,1.838,1.843,1.847,1.853,1.857,1.861,1.865,1.869,1.872,1.875,1.879,1.883,1.885,1.887,1.889,1.890,1.890,1.889,1.885,1.878,1.864,1.856,1.861,1.865,1.872,1.882,1.893,1.903,1.912,1.920,1.927,1.933,1.940,1.948,1.953,1.958,1.964,1.969,1.973,1.978,1.981,1.984,1.983,1.985,1.987,1.990,1.993,1.995,1.996,1.998,1.997,1.998,1.998,1.998,1.997,1.995,1.991,1.983,1.982,1.985,1.993,2.007,2.036,2.137,2.158,2.156,2.171,2.184,2.196,2.209,2.221,2.232,2.242,2.253,2.267,2.279,2.289,2.299,2.307,2.315,2.326,2.335,2.347,2.357,2.366,2.373,2.382,2.393,2.402,2.412,2.423,2.432,2.443,2.449,2.453,2.455,2.457,3.000,3.000,3.000,3.000,3.000,3.000,2.614,2.612,2.622,2.633,2.646,2.653,2.656,2.658,2.655,2.651,2.653,3.000,3.000,3.000,3.000,3.000,3.000
3.000,3.000,3.000,3.000,2.263,2.265,2.262,2.257,2.254,2.250,2.242,2.235,2.230,2.223,2.219,2.211,2.200,2.193,2.189,2.183,2.176,2.170,2.163,2.156,2.148,2.142,2.136,2.128,2.119,2.111,2.105,2.099,2.092,2.084,2.078,2.074,2.072,2.068,2.064,2.060,2.056,2.052,2.046,2.042,2.037,2.032,2.026,2.020,2.015,2.009,2.005,2.000,1.995,1.991,1.986,1.980,1.972,1.967,1.961,1.957,1.950,1.946,1.938,1.936,1.931,1.928,1.924,1.921,1.915,1.909,1.902,1.896,1.891,1.888,1.885,1.882,1.877,1.874,1.871,1.868,1.864,1.860,1.856,1.852,1.847,1.841,1.834,1.827,1.818,1.809,1.799,1.783,1.759,1.761,3.000,3.000,0.990,0.989,0.974,0.964,0.955,0.948,0.942,0.937,0.933,0.929,0.926,0.924,0.921,0.918,0.915,0.910,0.906,0.901,0.897,0.893,0.889,0.885,0.881,0.877,0.875,0.873,0.871,0.870,0.868,0.867,0.866,0.865,0.864,0.863,0.863,0.862,0.861,0.860,0.859,0.858,0.856,0.855,0.854,0.852,0.851,0.850,0.850,0.849,0.849,0.849,0.849,0.850,0.851,0.851,0.852,0.854,0.855,0.857,0.859,0.860,0.862,0.864,0.865,0.866,0.866,0.866,0.866,0.866,0.865,0.863,0.861,0.859,0.858,0.856,0.855,0.855,0.856,0.859,0.864,0.872,0.878,0.885,0.892,0.901,0.910,0.919,0.929,0.943,0.955,0.969,0.985,1.018,1.018,3.000,3.000,3.000,1.757,1.754,1.779,1.794,1.805,1.815,1.825,1.832,1.838,1.843,1.847,1.853,1.857,1.861,1.865,1.869,1.872,1.876,1.880,1.883,1.886,1.888,1.890,1.891,1.891,1.890,1.888,1.882,1.873,1.865,1.863,1.865,1.871,1.880,1.888,1.899,1.907,1.917,1.924,1.931,1.937,1.944,1.949,1.955,1.961,1.966,1.971,1.975,1.978,1.980,1.979,1.981,1.983,1.987,1.989,1.991,1.992,1.995,1.994,1.995,1.995,1.995,1.994,1.991,1.988,1.982,1.980,1.983,1.989,2.002,2.031,2.036,2.156,2.154,2.171,2.184,2.197,2.210,2.222,2.232,2.242,2.253,2.266,2.279,2.289,2.299,2.308,2.316,2.326,2.334,2.347,2.357,2.366,2.373,2.383,2.394,2.404,2.415,2.424,2.433,2.444,2.451,2.455,2.457,2.461,3.000,3.000,3.000,3.000,3.000,3.000,2.616,2.614,2.624,2.638,2.649,2.655,2.658,2.660,2.657,2.653,2.656,3.000,3.000,3.000,3.000,3.000,3.000
3.000,3.000,3.000,3.000,3.000,2.265,2.265,2.261,2.257,2.254,2.246,2.239,2.234,2.227,2.224,2.217,2.206,2.200,2.194,2.189,2.181,2.175,2.169,2.158,2.151,2.145,2.139,2.130,2.122,2.113,2.107,2.101,2.094,2.085,2.079,2.075,2.072,2.069,2.065,2.061,2.057,2.053,2.048,2.044,2.038,2.033,2.028,2.022,2.017,2.012,2.006,2.001,1.997,1.992,1.987,1.980,1.972,1.967,1.960,1.956,1.949,1.946,1.938,1.936,1.931,1.929,1.925,1.922,1.916,1.910,1.903,1.898,1.892,1.889,1.886,1.883,1.878,1.874,1.871,1.868,1.864,1.861,1.856,1.851,1.845,1.840,1.834,1.826,1.817,1.808,1.797,1.780,1.757,1.759,3.000,3.000,0.989,0.988,0.972,0.962,0.954,0.947,0.941,0.936,0.932,0.929,0.926,0.924,0.921,0.918,0.915,0.911,0.906,0.901,0.897,0.893,0.889,0.884,0.880,0.877,0.874,0.873,0.871,0.870,0.868,0.867,0.866,0.865,0.864,0.863,0.862,0.861,0.860,0.859,0.858,0.857,0.855,0.854,0.852,0.851,0.850,0.849,0.849,0.848,0.848,0.848,0.849,0.850,0.850,0.851,0.852,0.854,0.855,0.857,0.858,0.860,0.861,0.863,0.864,0.865,0.865,0.865,0.865,0.864,0.863,0.862,0.860,0.858,0.857,0.855,0.854,0.854,0.855,0.858,0.862,0.869,0.876,0.883,0.891,0.899,0.908,0.918,0.929,0.944,0.956,0.969,0.985,1.017,1.018,3.000,3.000,3.000,1.754,1.779,1.776,1.793,1.805,1.815,1.824,1.832,1.838,1.843,1.848,1.853,1.858,1.862,1.865,1.870,1.873,1.877,1.881,1.885,1.887,1.889,1.891,1.892,1.892,1.891,1.890,1.886,1.879,1.871,1.867,1.868,1.871,1.878,1.886,1.895,1.903,1.911,1.919,1.927,1.934,1.939,1.945,1.950,1.956,1.962,1.966,1.970,1.973,1.975,1.975,1.976,1.977,1.982,1.984,1.987,1.989,1.991,1.991,1.992,1.992,1.992,1.990,1.988,1.984,1.980,1.978,1.980,1.986,1.999,2.018,2.031,2.155,2.155,2.172,2.186,2.198,2.211,2.224,2.234,2.245,2.255,2.267,2.279,2.289,2.299,2.309,2.316,2.326,2.334,2.346,2.358,2.368,2.375,2.385,2.395,2.407,2.417,2.426,2.438,2.447,2.454,2.459,2.461,2.470,2.470,3.000,3.000,3.000,3.000,3.000,2.617,2.616,2.624,2.638,2.650,2.656,2.659,2.661,2.658,2.656,2.656,3.000,3.000,3.000,3.000,3.000,3.000
3.000,3.000,3.000,3.000,3.000,2.265,2.265,2.264,2.260,2.258,2.250,2.244,2.238,2.232,2.230,2.224,2.213,2.205,2.199,2.193,2.185,2.178,2.171,2.160,2.153,2.147,2.141,2.132,2.125,2.115,2.109,2.102,2.096,2.087,2.081,2.076,2.073,2.069,2.066,2.062,2.058,2.054,2.050,2.045,2.039,2.034,2.029,2.023,2.019,2.014,2.009,2.003,1.999,1.994,1.989,1.982,1.974,1.967,1.961,1.957,1.951,1.946,1.939,1.937,1.932,1.929,1.926,1.923,1.918,1.911,1.903,1.899,1.893,1.890,1.887,1.884,1.880,1.875,1.872,1.869,1.865,1.861,1.857,1.851,1.845,1.840,1.833,1.826,1.816,1.806,1.794,1.779,1.755,1.757,3.000,3.000,0.988,0.988,0.971,0.961,0.952,0.946,0.940,0.935,0.931,0.928,0.926,0.923,0.921,0.918,0.916,0.912,0.907,0.902,0.897,0.893,0.888,0.884,0.880,0.877,0.875,0.873,0.872,0.871,0.869,0.867,0.866,0.865,0.864,0.863,0.862,0.861,0.860,0.859,0.857,0.856,0.854,0.853,0.851,0.850,0.849,0.848,0.848,0.848,0.847,0.848,0.848,0.849,0.850,0.851,0.852,0.853,0.855,0.856,0.858,0.859,0.861,0.862,0.863,0.864,0.864,0.864,0.864,0.863,0.862,0.860,0.859,0.857,0.856,0.854,0.853,0.854,0.854,0.856,0.861,0.867,0.875,0.882,0.890,0.898,0.907,0.917,0.928,0.944,0.956,0.969,0.985,1.015,1.017,3.000,3.000,3.000,3.000,1.776,1.774,1.792,1.804,1.814,1.824,1.832,1.838,1.844,1.849,1.854,1.858,1.862,1.866,1.871,1.874,1.878,1.882,1.886,1.889,1.891,1.893,1.894,1.894,1.894,1.893,1.890,1.883,1.876,1.871,1.868,1.870,1.876,1.883,1.891,1.898,1.906,1.913,1.923,1.930,1.935,1.940,1.945,1.951,1.956,1.960,1.964,1.967,1.968,1.968,1.968,1.970,1.974,1.978,1.981,1.984,1.987,1.987,1.988,1.988,1.987,1.984,1.983,1.981,1.977,1.976,1.978,1.984,1.995,2.014,2.018,2.155,2.154,2.173,2.187,2.200,2.213,2.226,2.237,2.247,2.258,2.270,2.281,2.291,2.301,2.311,2.318,2.328,2.336,2.349,2.359,2.369,2.377,2.387,2.396,2.409,2.419,2.428,2.440,2.449,2.457,2.462,2.466,2.470,2.474,3.000,3.000,3.000,3.000,3.000,2.619,2.617,2.625,2.639,2.651,2.657,2.659,2.661,2.659,2.659,2.656,3.000,3.000,3.000,3.000,3.000,3.000
3.000,3.000,3.000,3.000,3.000,3.000,2.266,2.264,2.262,2.257,2.252,2.246,2.241,2.233,2.232,2.225,2.217,2.207,2.200,2.195,2.187,2.180,2.173,2.164,2.156,2.149,2.143,2.134,2.127,2.117,2.111,2.105,2.098,2.090,2.083,2.078,2.075,2.071,2.066,2.063,2.059,2.055,2.051,2.046,2.039,2.035,2.030,2.024,2.020,2.014,2.010,2.004,2.000,1.995,1.990,1.985,1.976,1.970,1.963,1.959,1.954,1.948,1.942,1.939,1.934,1.931,1.928,1.924,1.919,1.912,1.903,1.898,1.893,1.890,1.888,1.885,1.880,1.876,1.873,1.870,1.865,1.861,1.856,1.851,1.844,1.839,1.833,1.824,1.814,1.804,1.793,1.777,1.752,1.755,3.000,3.000,0.988,0.988,0.970,0.960,0.952,0.945,0.939,0.935,0.931,0.928,0.926,0.923,0.921,0.918,0.916,0.912,0.907,0.903,0.898,0.893,0.889,0.884,0.880,0.877,0.875,0.874,0.872,0.871,0.869,0.868,0.866,0.865,0.864,0.863,0.862,0.861,0.859,0.858,0.856,0.855,0.853,0.851,0.850,0.849,0.848,0.847,0.847,0.847,0.847,0.847,0.848,0.849,0.850,0.851,0.852,0.853,0.855,0.856,0.857,0.859,0.860,0.862,0.863,0.863,0.863,0.863,0.862,0.862,0.860,0.859,0.858,0.856,0.855,0.853,0.853,0.853,0.853,0.855,0.859,0.866,0.872,0.881,0.889,0.897,0.906,0.917,0.928,0.943,0.955,0.969,0.984,1.010,1.015,3.000,3.000,3.000,3.000,1.774,1.772,1.790,1.803,1.814,1.824,1.832,1.839,1.844,1.849,1.854,1.859,1.864,1.868,1.872,1.876,1.880,1.884,1.887,1.890,1.893,1.894,1.896,1.897,1.896,1.895,1.892,1.885,1.877,1.869,1.866,1.866,1.871,1.878,1.887,1.893,1.901,1.908,1.917,1.925,1.930,1.935,1.939,1.944,1.949,1.953,1.955,1.958,1.959,1.959,1.960,1.963,1.967,1.970,1.975,1.978,1.982,1.982,1.982,1.983,1.982,1.979,1.978,1.976,1.973,1.972,1.973,1.980,1.992,2.009,2.014,2.154,2.152,2.173,2.188,2.201,2.217,2.229,2.240,2.251,2.263,2.273,2.284,2.293,2.303,2.313,2.320,2.331,2.339,2.351,2.361,2.370,2.378,2.389,2.400,2.411,2.421,2.429,2.440,2.450,2.458,2.465,2.471,2.474,2.483,3.000,3.000,3.000,3.000,3.000,2.622,2.619,2.628,2.646,2.653,2.656,2.659,2.660,2.656,2.659,3.000,3.000,3.000,3.000,3.000,3.000,3.000
3.000,3.000,3.000,3.000,3.000,3.000,2.266,2.266,2.263,2.257,2.252,2.247,2.242,2.233,2.231,2.224,2.215,2.206,2.200,2.195,2.189,2.182,2.175,2.166,2.159,2.152,2.144,2.136,2.128,2.119,2.114,2.107,2.101,2.092,2.085,2.080,2.076,2.072,2.067,2.063,2.060,2.056,2.051,2.046,2.040,2.036,2.031,2.026,2.022,2.016,2.011,2.006,2.001,1.996,1.992,1.987,1.979,1.972,1.965,1.961,1.955,1.950,1.944,1.940,1.935,1.932,1.929,1.925,1.920,1.913,1.905,1.900,1.895,1.892,1.889,1.886,1.881,1.877,1.873,1.870,1.865,1.861,1.855,1.850,1.843,1.838,1.832,1.823,1.813,1.803,1.791,1.774,1.777,1.752,3.000,3.000,0.988,0.987,0.969,0.959,0.950,0.944,0.938,0.933,0.930,0.927,0.925,0.923,0.920,0.918,0.916,0.912,0.908,0.903,0.898,0.893,0.888,0.884,0.880,0.877,0.875,0.874,0.872,0.871,0.869,0.868,0.866,0.865,0.864,0.863,0.861,0.860,0.858,0.857,0.855,0.853,0.851,0.850,0.849,0.848,0.847,0.847,0.846,0.846,0.846,0.847,0.848,0.849,0.850,0.851,0.852,0.853,0.854,0.856,0.857,0.858,0.860,0.861,0.862,0.862,0.862,0.862,0.861,0.860,0.859,0.858,0.856,0.855,0.854,0.853,0.852,0.852,0.852,0.854,0.858,0.863,0.870,0.879,0.888,0.896,0.904,0.914,0.926,0.942,0.954,0.968,0.984,1.008,1.010,3.000,3.000,3.000,3.000,1.772,1.769,1.789,1.802,1.814,1.825,1.833,1.840,1.845,1.850,1.856,1.860,1.866,1.870,1.875,1.879,1.882,1.886,1.889,1.891,1.894,1.897,1.898,1.898,1.898,1.897,1.893,1.886,1.877,1.867,1.863,1.860,1.864,1.872,1.881,1.888,1.895,1.902,1.910,1.916,1.922,1.927,1.931,1.935,1.938,1.940,1.942,1.944,1.946,1.945,1.947,1.948,1.955,1.959,1.962,1.967,1.973,1.973,1.975,1.976,1.975,1.974,1.974,1.972,1.970,1.969,1.970,1.977,1.988,2.005,2.009,2.154,2.152,2.175,2.190,2.204,2.221,2.232,2.243,2.255,2.266,2.276,2.286,2.295,2.305,2.315,2.323,2.336,2.343,2.353,2.364,2.373,2.383,2.395,2.405,2.414,2.423,2.432,2.443,2.453,2.462,2.472,2.479,2.483,2.484,3.000,3.000,3.000,3.000,3.000,2.626,2.622,2.633,2.647,2.652,2.654,2.655,2.655,2.652,2.656,3.000,3.000,3.000,3.000,3.000,3.000,3.000
3.000,3.000,3.000,3.000,3.000,3.000,2.266,2.265,2.262,2.256,2.251,2.245,2.240,2.233,2.229,2.222,2.214,2.206,2.201,2.196,2.190,2.183,2.176,2.167,2.160,2.154,2.146,2.138,2.131,2.124,2.118,2.112,2.104,2.094,2.087,2.081,2.078,2.073,2.068,2.065,2.061,2.056,2.051,2.046,2.041,2.036,2.032,2.027,2.022,2.017,2.012,2.007,2.001,1.997,1.992,1.987,1.979,1.973,1.966,1.962,1.956,1.951,1.945,1.941,1.936,1.933,1.929,1.926,1.921,1.913,1.906,1.902,1.897,1.893,1.890,1.887,1.883,1.878,1.875,1.871,1.866,1.861,1.855,1.849,1.843,1.838,1.831,1.823,1.812,1.802,1.789,1.769,1.774,3.000,3.000,3.000,0.987,0.985,0.968,0.958,0.949,0.942,0.936,0.932,0.929,0.927,0.924,0.922,0.920,0.918,0.916,0.913,0.908,0.904,0.899,0.892,0.888,0.883,0.880,0.877,0.875,0.874,0.872,0.871,0.869,0.868,0.866,0.865,0.863,0.862,0.860,0.859,0.857,0.855,0.853,0.852,0.850,0.849,0.848,0.847,0.846,0.846,0.846,0.846,0.846,0.847,0.848,0.849,0.850,0.851,0.852,0.853,0.854,0.855,0.857,0.858,0.859,0.860,0.861,0.861,0.861,0.861,0.860,0.859,0.858,0.857,0.855,0.854,0.853,0.852,0.851,0.851,0.851,0.853,0.856,0.861,0.868,0.876,0.885,0.894,0.902,0.912,0.923,0.938,0.951,0.967,0.983,1.007,1.031,1.031,3.000,3.000,3.000,1.769,1.764,1.786,1.800,1.813,1.825,1.834,1.841,1.847,1.852,1.857,1.862,1.868,1.873,1.877,1.881,1.884,1.887,1.890,1.893,1.896,1.898,1.898,1.899,1.898,1.896,1.893,1.885,1.876,1.865,1.858,1.856,1.858,1.867,1.873,1.881,1.889,1.895,1.902,1.907,1.912,1.917,1.921,1.923,1.924,1.926,1.928,1.928,1.929,1.930,1.933,1.935,1.941,1.945,1.949,1.950,1.960,1.961,1.966,1.967,1.968,1.968,1.968,1.968,1.966,1.965,1.967,1.974,1.984,2.000,2.005,2.155,2.154,2.177,2.191,2.208,2.224,2.234,2.246,2.256,2.268,2.277,2.288,2.296,2.307,2.317,2.327,2.338,2.346,2.355,2.365,2.376,2.386,2.399,2.408,2.418,2.427,2.436,2.447,2.456,2.465,2.475,2.481,2.484,2.484,3.000,3.000,3.000,3.000,3.000,2.634,2.626,2.637,2.647,2.651,2.652,2.652,2.652,2.648,2.652,3.000,3.000,3.000,3.000,3.000,3.000,3.000
3.000,3.000,3.000,3.000,3.000,3.000,2.269,2.266,2.262,2.256,2.250,2.245,2.240,2.233,2.229,2.222,2.214,2.206,2.202,2.197,2.191,2.184,2.177,2.169,2.161,2.155,2.148,2.139,2.133,2.126,2.121,2.114,2.106,2.095,2.089,2.083,2.079,2.074,2.069,2.065,2.062,2.057,2.052,2.047,2.041,2.037,2.032,2.027,2.023,2.018,2.013,2.008,2.002,1.997,1.992,1.987,1.980,1.973,1.966,1.962,1.956,1.952,1.946,1.942,1.937,1.934,1.930,1.927,1.922,1.914,1.907,1.903,1.898,1.895,1.893,1.890,1.886,1.880,1.876,1.872,1.867,1.861,1.856,1.850,1.843,1.838,1.831,1.823,1.811,1.800,1.787,1.765,1.769,3.000,3.000,3.000,0.985,0.983,0.966,0.956,0.947,0.940,0.935,0.931,0.928,0.925,0.923,0.921,0.919,0.917,0.915,0.913,0.909,0.904,0.899,0.892,0.887,0.883,0.880,0.878,0.875,0.874,0.872,0.871,0.869,0.867,0.866,0.864,0.863,0.861,0.860,0.858,0.856,0.854,0.852,0.850,0.849,0.848,0.847,0.846,0.846,0.846,0.846,0.846,0.846,0.847,0.848,0.848,0.849,0.850,0.851,0.852,0.854,0.855,0.856,0.857,0.858,0.860,0.860,0.860,0.860,0.860,0.859,0.858,0.857,0.856,0.854,0.853,0.852,0.851,0.850,0.850,0.850,0.852,0.854,0.859,0.865,0.872,0.882,0.891,0.900,0.910,0.920,0.934,0.949,0.966,0.983,1.006,1.031,1.031,3.000,3.000,3.000,1.764,1.786,1.784,1.800,1.814,1.826,1.835,1.843,1.848,1.854,1.859,1.865,1.871,1.875,1.879,1.883,1.887,1.890,1.893,1.895,1.897,1.898,1.898,1.898,1.896,1.895,1.891,1.882,1.870,1.861,1.854,1.851,1.852,1.858,1.865,1.871,1.875,1.879,1.890,1.891,1.895,1.897,1.901,1.904,1.906,1.910,1.913,1.916,1.918,1.920,1.923,1.925,1.929,1.934,1.938,1.940,1.945,1.949,1.956,1.960,1.961,1.962,1.963,1.963,1.961,1.960,1.962,1.970,1.979,1.993,2.000,2.155,2.155,2.178,2.193,2.208,2.224,2.235,2.245,2.254,2.267,2.277,2.287,2.296,2.307,2.317,2.328,2.339,2.347,2.357,2.367,2.380,2.390,2.403,2.413,2.422,2.430,2.438,2.449,2.458,2.469,2.476,2.482,2.484,2.484,3.000,3.000,3.000,3.000,3.000,2.637,2.634,2.639,2.649,2.653,2.653,2.652,2.652,2.648,2.653,3.000,3.000,3.000,3.000,3.000,3.000,3.000
3.000,3.000,3.000,3.000,3.000,3.000,2.271,2.269,2.263,2.257,2.251,2.247,2.242,2.235,2.233,2.224,2.216,2.209,2.204,2.199,2.193,2.185,2.178,2.170,2.163,2.157,2.148,2.140,2.135,2.129,2.123,2.115,2.106,2.097,2.090,2.085,2.081,2.076,2.070,2.066,2.063,2.059,2.053,2.048,2.043,2.038,2.033,2.028,2.023,2.018,2.013,2.008,2.002,1.998,1.993,1.988,1.981,1.973,1.966,1.962,1.957,1.953,1.947,1.944,1.939,1.935,1.931,1.927,1.922,1.915,1.908,1.904,1.900,1.897,1.894,1.892,1.887,1.882,1.877,1.873,1.867,1.862,1.857,1.852,1.844,1.839,1.832,1.823,1.812,1.799,1.785,1.759,1.765,3.000,3.000,3.000,0.983,0.980,0.962,0.953,0.944,0.938,0.933,0.929,0.926,0.923,0.921,0.919,0.917,0.916,0.914,0.912,0.909,0.904,0.900,0.892,0.887,0.884,0.880,0.878,0.876,0.874,0.872,0.871,0.869,0.867,0.866,0.864,0.862,0.861,0.859,0.857,0.854,0.852,0.851,0.849,0.848,0.847,0.847,0.846,0.846,0.845,0.845,0.846,0.846,0.847,0.847,0.848,0.849,0.850,0.851,0.852,0.853,0.854,0.855,0.856,0.857,0.859,0.859,0.859,0.859,0.859,0.858,0.857,0.856,0.854,0.853,0.852,0.851,0.850,0.849,0.849,0.849,0.850,0.853,0.857,0.862,0.869,0.878,0.889,0.897,0.908,0.918,0.932,0.947,0.965,0.984,1.007,1.030,1.070,1.070,3.000,3.000,3.000,1.784,1.783,1.801,1.815,1.827,1.836,1.844,1.850,1.855,1.862,1.867,1.872,1.876,1.880,1.883,1.887,1.890,1.892,1.893,1.895,1.897,1.897,1.896,1.894,1.891,1.887,1.877,1.863,1.856,1.850,1.847,1.847,1.850,1.857,1.863,1.866,1.869,1.873,1.877,1.879,1.882,1.885,1.888,1.893,1.897,1.905,1.908,1.911,1.915,1.918,1.920,1.924,1.928,1.933,1.936,1.941,1.944,1.950,1.952,1.954,1.956,1.957,1.958,1.954,1.955,1.957,1.962,1.969,1.984,1.993,2.155,2.153,2.178,2.192,2.206,2.221,2.231,2.241,2.251,2.264,2.274,2.288,2.296,2.306,2.317,2.327,2.340,2.347,2.357,2.366,2.380,2.390,2.403,2.413,2.423,2.431,2.441,2.449,2.457,2.468,2.474,2.479,2.482,3.000,3.000,3.000,3.000,3.000,3.000,2.637,2.637,2.642,2.651,2.654,2.655,2.656,2.655,2.653,2.657,3.000,3.000,3.000,3.000,3.000,3.000,3.000
3.000,3.000,3.000,3.000,3.000,3.000,2.279,2.271,2.266,2.259,2.253,2.249,2.244,2.237,2.235,2.224,2.218,2.210,2.205,2.200,2.193,2.186,2.178,2.171,2.164,2.158,2.150,2.143,2.137,2.131,2.125,2.116,2.107,2.098,2.091,2.086,2.083,2.078,2.072,2.068,2.065,2.061,2.055,2.050,2.046,2.041,2.036,2.030,2.025,2.019,2.015,2.009,2.005,2.001,1.995,1.990,1.982,1.974,1.967,1.963,1.957,1.953,1.948,1.945,1.940,1.936,1.932,1.928,1.923,1.916,1.909,1.905,1.901,1.898,1.896,1.894,1.889,1.884,1.879,1.875,1.869,1.864,1.859,1.854,1.846,1.840,1.832,1.822,1.811,1.799,1.783,1.753,1.759,3.000,3.000,3.000,0.980,0.976,0.959,0.950,0.941,0.935,0.930,0.927,0.924,0.922,0.919,0.918,0.916,0.914,0.913,0.911,0.908,0.905,0.900,0.892,0.887,0.884,0.880,0.878,0.876,0.874,0.872,0.870,0.869,0.867,0.865,0.863,0.861,0.859,0.857,0.855,0.852,0.850,0.849,0.848,0.847,0.846,0.846,0.846,0.845,0.845,0.845,0.846,0.846,0.847,0.847,0.848,0.849,0.850,0.851,0.852,0.853,0.854,0.855,0.856,0.856,0.857,0.858,0.858,0.858,0.857,0.856,0.855,0.854,0.853,0.852,0.850,0.849,0.848,0.848,0.848,0.848,0.849,0.851,0.855,0.860,0.867,0.875,0.886,0.895,0.905,0.915,0.930,0.945,0.964,0.984,1.007,1.032,1.070,1.070,3.000,3.000,3.000,1.783,1.782,1.801,1.815,1.827,1.836,1.844,1.850,1.856,1.862,1.868,1.873,1.877,1.881,1.884,1.887,1.889,1.891,1.892,1.894,1.895,1.895,1.893,1.890,1.887,1.881,1.865,1.856,1.850,1.845,1.842,1.842,1.843,1.848,1.853,1.855,1.859,1.863,1.869,1.872,1.876,1.879,1.883,1.888,1.893,1.902,1.905,1.909,1.912,1.915,1.918,1.921,1.925,1.930,1.933,1.937,1.939,1.941,1.943,1.949,1.951,1.952,1.953,1.949,1.947,1.950,1.954,1.959,1.969,1.984,2.153,2.178,2.192,2.206,2.221,2.231,2.241,2.251,2.264,2.260,2.272,2.287,2.296,2.306,2.317,2.328,2.342,2.350,2.361,2.370,2.381,2.391,2.403,2.414,2.426,2.434,2.443,2.451,2.459,2.469,2.475,2.479,2.479,3.000,3.000,3.000,3.000,3.000,3.000,2.637,2.637,2.641,2.650,2.655,2.655,2.660,2.658,2.657,2.657,3.000,3.000,3.000,3.000,3.000,3.000,3.000
3.000,3.000,3.000,3.000,3.000,3.000,2.291,2.279,2.273,2.263,2.258,2.252,2.247,2.237,2.235,2.223,2.216,2.209,2.204,2.199,2.193,2.186,2.179,2.172,2.165,2.159,2.153,2.144,2.139,2.132,2.125,2.116,2.108,2.099,2.093,2.088,2.084,2.080,2.073,2.069,2.067,2.064,2.058,2.053,2.049,2.045,2.040,2.034,2.029,2.022,2.018,2.013,2.008,2.003,1.998,1.992,1.985,1.977,1.970,1.965,1.959,1.954,1.949,1.946,1.941,1.937,1.933,1.930,1.925,1.917,1.910,1.906,1.902,1.899,1.897,1.895,1.890,1.885,1.880,1.876,1.870,1.865,1.859,1.853,1.846,1.839,1.830,1.819,1.808,1.795,1.777,1.783,1.753,3.000,3.000,3.000,0.976,0.972,0.957,0.947,0.939,0.932,0.928,0.925,0.923,0.920,0.918,0.917,0.915,0.913,0.912,0.910,0.908,0.904,0.900,0.892,0.888,0.884,0.881,0.878,0.876,0.874,0.872,0.870,0.868,0.866,0.865,0.863,0.860,0.858,0.856,0.854,0.851,0.849,0.848,0.847,0.846,0.846,0.846,0.845,0.845,0.845,0.845,0.846,0.846,0.847,0.847,0.848,0.849,0.850,0.850,0.851,0.852,0.853,0.854,0.855,0.855,0.856,0.856,0.856,0.856,0.855,0.854,0.854,0.853,0.852,0.850,0.849,0.848,0.847,0.847,0.847,0.847,0.848,0.850,0.853,0.858,0.865,0.872,0.881,0.892,0.903,0.913,0.928,0.942,0.962,0.985,1.008,1.034,1.065,1.090,1.090,3.000,3.000,1.782,1.780,1.801,1.815,1.827,1.836,1.845,1.852,1.858,1.863,1.868,1.873,1.877,1.881,1.884,1.887,1.889,1.891,1.892,1.893,1.893,1.893,1.891,1.887,1.882,1.876,1.858,1.849,1.843,1.840,1.837,1.837,1.838,1.842,1.847,1.851,1.855,1.860,1.867,1.872,1.876,1.880,1.884,1.890,1.895,1.902,1.906,1.909,1.912,1.915,1.917,1.920,1.924,1.929,1.932,1.935,1.936,1.937,1.937,1.941,1.946,1.947,1.947,1.940,1.939,1.940,1.943,1.944,1.952,1.969,3.000,3.000,3.000,3.000,3.000,3.000,3.000,3.000,2.260,2.272,2.291,2.291,2.300,2.309,2.323,2.335,2.347,2.358,2.367,2.374,2.384,2.394,2.405,2.416,2.427,2.436,2.445,2.454,2.462,2.470,2.475,2.479,2.479,3.000,3.000,3.000,3.000,3.000,3.000,2.637,2.634,2.638,2.646,2.651,2.652,2.653,2.655,2.655,2.657,3.000,3.000,3.000,3.000,3.000,3.000,3.000
3.000,3.000,3.000,3.000,3.000,3.000,2.291,2.291,2.286,2.272,2.266,2.259,2.251,2.241,2.237,2.224,2.218,2.211,2.206,2.201,2.195,2.187,2.180,2.173,2.166,2.160,2.153,2.146,2.141,2.133,2.126,2.117,2.109,2.102,2.095,2.090,2.086,2.080,2.074,2.071,2.068,2.065,2.060,2.055,2.051,2.047,2.042,2.035,2.030,2.024,2.019,2.014,2.009,2.004,1.999,1.993,1.986,1.978,1.971,1.966,1.960,1.954,1.949,1.946,1.942,1.937,1.934,1.930,1.925,1.918,1.911,1.906,1.903,1.900,1.898,1.896,1.891,1.885,1.881,1.877,1.871,1.865,1.859,1.854,1.846,1.839,1.830,1.818,1.806,1.792,1.772,1.777,3.000,3.000,3.000,3.000,0.972,0.969,0.954,0.945,0.936,0.930,0.926,0.923,0.921,0.919,0.917,0.915,0.913,0.912,0.911,0.909,0.907,0.904,0.900,0.892,0.888,0.884,0.881,0.879,0.876,0.874,0.872,0.870,0.868,0.866,0.864,0.862,0.859,0.857,0.853,0.851,0.849,0.848,0.847,0.846,0.846,0.846,0.846,0.846,0.845,0.845,0.845,0.846,0.846,0.847,0.847,0.848,0.849,0.850,0.850,0.851,0.852,0.853,0.853,0.854,0.854,0.855,0.855,0.854,0.854,0.853,0.852,0.852,0.851,0.850,0.849,0.847,0.846,0.845,0.845,0.845,0.846,0.847,0.849,0.851,0.856,0.863,0.870,0.878,0.889,0.901,0.912,0.925,0.940,0.961,0.985,1.009,1.034,1.064,1.090,1.090,3.000,3.000,1.780,1.779,1.800,1.814,1.827,1.837,1.845,1.852,1.858,1.864,1.869,1.874,1.877,1.881,1.884,1.887,1.889,1.890,1.891,1.893,1.892,1.891,1.887,1.882,1.877,1.869,1.849,1.840,1.835,1.832,1.831,1.831,1.832,1.835,1.840,1.846,1.850,1.856,1.865,1.870,1.875,1.879,1.883,1.889,1.894,1.902,1.905,1.909,1.911,1.914,1.916,1.918,1.921,1.927,1.931,1.935,1.935,1.935,1.935,1.938,1.943,1.944,1.944,1.937,1.935,1.936,1.938,1.937,1.942,1.952,3.000,3.000,3.000,3.000,3.000,3.000,3.000,3.000,3.000,3.000,2.291,2.300,2.309,2.323,2.340,2.340,2.351,2.360,2.369,2.376,2.386,2.395,2.407,2.418,2.429,2.438,2.448,2.456,2.463,2.469,2.476,2.479,2.482,3.000,3.000,3.000,3.000,3.000,3.000,2.638,2.634,2.637,2.642,2.648,2.649,2.651,2.654,2.654,2.655,3.000,3.000,3.000,3.000,3.000,3.000,3.000
3.000,3.000,3.000,3.000,3.000,3.000,2.291,2.291,2.286,2.273,2.267,2.261,2.251,2.243,2.238,2.228,2.222,2.215,2.210,2.204,2.198,2.189,2.182,2.175,2.167,2.161,2.154,2.148,2.143,2.136,2.128,2.119,2.112,2.105,2.098,2.092,2.087,2.082,2.076,2.072,2.069,2.067,2.061,2.058,2.054,2.050,2.043,2.036,2.031,2.025,2.020,2.015,2.010,2.005,1.999,1.993,1.986,1.978,1.972,1.966,1.960,1.954,1.949,1.946,1.942,1.937,1.934,1.930,1.925,1.919,1.911,1.907,1.903,1.900,1.898,1.896,1.892,1.887,1.882,1.878,1.872,1.866,1.860,1.854,1.846,1.839,1.830,1.817,1.804,1.787,1.760,1.772,3.000,3.000,3.000,3.000,0.969,0.966,0.951,0.942,0.933,0.928,0.924,0.921,0.919,0.917,0.915,0.914,0.912,0.911,0.910,0.909,0.906,0.903,0.900,0.892,0.888,0.885,0.882,0.879,0.876,0.874,0.872,0.870,0.868,0.865,0.863,0.861,0.858,0.856,0.852,0.851,0.849,0.848,0.847,0.846,0.846,0.846,0.846,0.846,0.846,0.846,0.846,0.847,0.847,0.847,0.847,0.848,0.849,0.850,0.850,0.851,0.851,0.852,0.852,0.853,0.853,0.853,0.853,0.852,0.852,0.851,0.850,0.849,0.848,0.848,0.846,0.845,0.844,0.844,0.844,0.844,0.844,0.845,0.847,0.849,0.854,0.860,0.867,0.875,0.884,0.899,0.910,0.922,0.937,0.959,0.985,1.011,1.036,1.063,1.087,1.090,3.000,3.000,1.779,1.776,1.798,1.813,1.827,1.837,1.845,1.852,1.857,1.864,1.868,1.873,1.876,1.881,1.884,1.887,1.889,1.890,1.890,1.891,1.889,1.887,1.883,1.877,1.870,1.861,1.839,1.827,1.824,1.822,1.822,1.824,1.822,1.829,1.834,1.841,1.846,1.852,1.863,1.868,1.873,1.876,1.881,1.887,1.893,1.900,1.904,1.908,1.910,1.913,1.915,1.917,1.918,1.925,1.928,1.933,1.934,1.933,1.933,1.936,1.941,1.941,1.941,1.934,1.933,1.934,1.936,1.932,1.937,1.942,3.000,3.000,3.000,3.000,3.000,3.000,3.000,3.000,3.000,3.000,3.000,3.000,3.000,3.000,2.340,2.351,2.365,2.364,2.373,2.380,2.390,2.400,2.411,2.421,2.432,2.442,2.453,2.461,2.465,2.471,2.477,2.482,2.482,3.000,3.000,3.000,3.000,3.000,3.000,2.641,2.638,2.641,2.646,2.648,2.649,2.651,2.654,2.655,2.657,3.000,3.000,3.000,3.000,3.000,3.000,3.000
3.000,3.000,3.000,3.000,3.000,3.000,3.000,2.286,2.286,2.273,2.268,2.263,2.253,2.245,2.241,2.233,2.226,2.221,2.216,2.210,2.203,2.193,2.185,2.177,2.170,2.164,2.157,2.151,2.145,2.138,2.131,2.123,2.115,2.110,2.104,2.096,2.090,2.085,2.079,2.075,2.072,2.069,2.064,2.060,2.056,2.052,2.044,2.036,2.031,2.025,2.021,2.016,2.011,2.007,2.002,1.997,1.989,1.982,1.975,1.969,1.962,1.956,1.951,1.948,1.944,1.940,1.936,1.932,1.927,1.921,1.912,1.908,1.904,1.901,1.899,1.897,1.893,1.887,1.883,1.879,1.872,1.867,1.860,1.855,1.847,1.839,1.829,1.816,1.801,1.779,1.787,1.760,3.000,3.000,3.000,0.970,0.970,0.960,0.946,0.938,0.930,0.925,0.921,0.919,0.917,0.915,0.914,0.912,0.911,0.910,0.909,0.908,0.906,0.903,0.900,0.892,0.888,0.885,0.882,0.879,0.876,0.874,0.871,0.869,0.867,0.864,0.862,0.860,0.855,0.854,0.851,0.850,0.848,0.847,0.847,0.846,0.846,0.847,0.846,0.846,0.846,0.846,0.846,0.847,0.847,0.847,0.848,0.848,0.849,0.850,0.850,0.850,0.851,0.851,0.851,0.852,0.851,0.851,0.851,0.850,0.850,0.849,0.848,0.847,0.846,0.846,0.844,0.843,0.842,0.842,0.842,0.843,0.843,0.844,0.845,0.848,0.852,0.858,0.864,0.872,0.881,0.896,0.907,0.920,0.933,0.957,0.984,1.011,1.037,1.061,1.085,1.087,3.000,3.000,1.776,1.774,1.797,1.813,1.827,1.837,1.845,1.851,1.858,1.864,1.869,1.874,1.877,1.881,1.885,1.887,1.889,1.889,1.888,1.888,1.885,1.882,1.876,1.866,1.858,1.835,1.821,1.813,1.804,1.807,1.807,1.811,1.813,1.820,1.828,1.836,1.841,1.848,1.859,1.866,1.870,1.873,1.878,1.885,1.892,1.900,1.903,1.908,1.911,1.914,1.916,1.917,1.918,1.924,1.927,1.930,1.931,1.931,1.932,1.935,1.938,1.938,1.938,1.933,1.932,1.933,1.935,1.929,1.937,1.937,3.000,3.000,3.000,3.000,3.000,3.000,3.000,3.000,3.000,3.000,3.000,3.000,3.000,3.000,3.000,3.000,2.365,2.365,2.375,2.382,2.393,2.404,2.414,2.424,2.436,2.446,2.458,2.465,2.468,2.472,2.478,2.481,2.485,3.000,3.000,3.000,3.000,3.000,3.000,2.645,2.641,2.647,2.650,2.650,2.651,2.652,2.655,2.657,2.657,3.000,3.000,3.000,3.000,3.000,3.000,3.000
3.000,3.000,3.000,3.000,3.000,3.000,3.000,2.286,2.286,2.274,2.270,2.265,2.257,2.249,2.245,2.238,2.231,2.227,2.221,2.216,2.208,2.199,2.189,2.183,2.174,2.169,2.160,2.155,2.148,2.140,2.133,2.125,2.118,2.112,2.107,2.100,2.094,2.087,2.082,2.078,2.075,2.072,2.068,2.064,2.059,2.055,2.048,2.039,2.033,2.028,2.024,2.018,2.013,2.010,2.005,2.001,1.993,1.986,1.980,1.973,1.966,1.960,1.955,1.952,1.947,1.942,1.938,1.934,1.929,1.924,1.914,1.909,1.905,1.902,1.900,1.897,1.893,1.887,1.883,1.879,1.872,1.866,1.859,1.854,1.846,1.838,1.826,1.812,1.795,1.771,1.779,3.000,3.000,3.000,0.979,0.979,0.970,0.953,0.940,0.933,0.927,0.923,0.919,0.917,0.915,0.913,0.912,0.911,0.910,0.909,0.909,0.908,0.906,0.904,0.901,0.893,0.888,0.885,0.882,0.879,0.876,0.874,0.871,0.869,0.866,0.864,0.861,0.858,0.854,0.853,0.851,0.849,0.848,0.847,0.847,0.847,0.847,0.847,0.847,0.846,0.846,0.846,0.846,0.847,0.847,0.847,0.848,0.848,0.849,0.849,0.849,0.850,0.850,0.850,0.851,0.851,0.850,0.850,0.850,0.849,0.848,0.847,0.846,0.845,0.844,0.843,0.842,0.841,0.840,0.840,0.841,0.841,0.841,0.842,0.844,0.846,0.849,0.855,0.861,0.869,0.878,0.890,0.904,0.916,0.930,0.951,0.980,1.010,1.035,1.057,1.080,1.085,3.000,3.000,1.774,1.772,1.797,1.813,1.828,1.838,1.846,1.853,1.859,1.866,1.871,1.875,1.878,1.882,1.886,1.889,1.889,1.890,1.888,1.888,1.883,1.879,1.869,1.848,1.821,1.815,1.795,1.792,1.784,1.792,1.795,1.800,1.803,1.813,1.819,1.831,1.837,1.845,1.857,1.863,1.868,1.872,1.877,1.885,1.893,1.901,1.905,1.909,1.913,1.916,1.919,1.921,1.922,1.925,1.928,1.930,1.930,1.931,1.931,1.934,1.936,1.935,1.935,1.932,1.931,1.932,1.936,1.927,1.929,3.000,3.000,3.000,3.000,3.000,3.000,3.000,3.000,3.000,3.000,3.000,3.000,3.000,3.000,3.000,3.000,3.000,2.365,2.380,2.380,2.388,2.398,2.408,2.417,2.429,2.440,2.454,2.464,2.470,2.472,2.476,2.482,2.485,2.487,3.000,3.000,3.000,3.000,3.000,3.000,2.652,2.645,2.651,2.653,2.654,2.653,2.654,2.657,2.657,2.657,3.000,3.000,3.000,3.000,3.000,3.000,3.000
3.000,3.000,3.000,3.000,3.000,3.000,3.000,3.000,2.277,2.272,2.269,2.265,2.258,2.251,2.247,2.241,2.236,2.231,2.226,2.222,2.213,2.202,2.192,2.187,2.180,2.174,2.165,2.158,2.150,2.143,2.135,2.127,2.120,2.114,2.109,2.103,2.097,2.092,2.085,2.081,2.077,2.075,2.070,2.066,2.060,2.056,2.049,2.040,2.034,2.030,2.026,2.021,2.017,2.014,2.009,2.005,1.997,1.990,1.984,1.978,1.970,1.964,1.959,1.955,1.950,1.945,1.940,1.937,1.932,1.925,1.915,1.910,1.906,1.903,1.901,1.898,1.893,1.888,1.883,1.879,1.872,1.866,1.858,1.854,1.846,1.837,1.825,1.809,1.789,1.795,1.771,3.000,3.000,0.984,0.984,0.979,0.959,0.946,0.935,0.929,0.924,0.920,0.916,0.915,0.913,0.912,0.911,0.910,0.909,0.909,0.908,0.908,0.906,0.904,0.901,0.893,0.889,0.885,0.882,0.879,0.876,0.873,0.870,0.868,0.865,0.862,0.859,0.856,0.853,0.852,0.850,0.849,0.848,0.848,0.847,0.847,0.847,0.847,0.847,0.846,0.846,0.846,0.847,0.847,0.847,0.848,0.848,0.849,0.849,0.850,0.850,0.849,0.850,0.850,0.850,0.850,0.849,0.848,0.848,0.847,0.846,0.845,0.844,0.843,0.842,0.841,0.840,0.839,0.838,0.839,0.839,0.839,0.840,0.841,0.842,0.844,0.848,0.852,0.858,0.867,0.875,0.887,0.900,0.913,0.927,0.946,0.975,1.008,1.032,1.055,1.077,1.101,1.101,3.000,1.772,1.797,1.795,1.812,1.827,1.837,1.845,1.853,1.860,1.867,1.872,1.876,1.879,1.883,1.886,1.889,1.889,1.889,1.886,1.885,1.879,1.874,1.856,1.825,1.800,1.784,1.773,1.767,1.760,1.764,1.772,1.787,1.793,1.805,1.813,1.823,1.831,1.842,1.854,1.860,1.865,1.869,1.876,1.886,1.894,1.902,1.906,1.910,1.914,1.917,1.921,1.922,1.924,1.926,1.928,1.930,1.930,1.930,1.932,1.933,1.934,1.933,1.933,1.931,1.931,1.933,1.939,1.948,1.927,3.000,3.000,3.000,3.000,3.000,3.000,3.000,3.000,3.000,3.000,3.000,3.000,3.000,3.000,3.000,3.000,3.000,3.000,2.380,2.397,2.391,2.402,2.412,2.421,2.432,2.443,2.457,2.468,2.473,2.475,2.479,2.484,2.487,2.488,3.000,3.000,3.000,3.000,3.000,3.000,2.656,2.652,2.659,2.661,2.658,2.658,2.659,2.664,2.668,2.657,3.000,3.000,3.000,3.000,3.000,3.000,3.000
3.000,3.000,3.000,3.000,3.000,3.000,3.000,3.000,2.277,2.277,2.273,2.269,2.265,2.260,2.257,2.252,2.246,2.238,2.231,2.225,2.216,2.204,2.195,2.190,2.183,2.176,2.166,2.159,2.152,2.144,2.136,2.127,2.120,2.114,2.110,2.104,2.099,2.094,2.089,2.082,2.077,2.074,2.069,2.065,2.060,2.056,2.049,2.040,2.035,2.032,2.028,2.025,2.021,2.018,2.012,2.008,2.001,1.993,1.986,1.980,1.972,1.966,1.960,1.956,1.951,1.945,1.940,1.937,1.932,1.925,1.917,1.911,1.906,1.903,1.901,1.898,1.894,1.888,1.882,1.879,1.872,1.867,1.859,1.853,1.845,1.836,1.824,1.806,1.783,1.789,3.000,3.000,0.998,0.998,0.984,0.968,0.952,0.941,0.931,0.926,0.921,0.917,0.913,0.912,0.911,0.910,0.909,0.909,0.908,0.908,0.908,0.908,0.906,0.904,0.901,0.893,0.889,0.886,0.882,0.879,0.876,0.872,0.869,0.867,0.864,0.861,0.857,0.855,0.853,0.852,0.850,0.849,0.848,0.848,0.847,0.847,0.847,0.847,0.846,0.846,0.846,0.846,0.847,0.847,0.848,0.848,0.848,0.849,0.849,0.849,0.849,0.849,0.849,0.849,0.848,0.848,0.847,0.846,0.846,0.845,0.844,0.843,0.842,0.841,0.840,0.839,0.838,0.837,0.837,0.837,0.837,0.838,0.838,0.839,0.840,0.843,0.846,0.849,0.856,0.865,0.873,0.884,0.895,0.910,0.923,0.940,0.963,1.002,1.028,1.050,1.072,1.101,1.101,3.000,3.000,1.795,1.793,1.812,1.825,1.837,1.845,1.853,1.860,1.867,1.872,1.877,1.880,1.884,1.886,1.889,1.889,1.889,1.887,1.885,1.880,1.874,1.851,1.816,1.787,1.757,1.784,1.773,1.726,1.733,1.755,1.774,1.784,1.798,1.807,1.817,1.827,1.837,1.851,1.858,1.862,1.866,1.872,1.886,1.895,1.902,1.906,1.911,1.915,1.919,1.922,1.923,1.924,1.926,1.928,1.930,1.930,1.931,1.932,1.933,1.934,1.932,1.934,1.933,1.935,1.939,1.948,1.948,3.000,3.000,3.000,3.000,3.000,3.000,2.210,2.214,2.218,2.221,2.224,2.224,2.224,3.000,3.000,3.000,3.000,3.000,3.000,3.000,2.401,2.397,2.407,2.416,2.424,2.433,2.444,2.460,2.470,2.474,2.476,2.479,2.485,2.488,2.488,3.000,3.000,3.000,3.000,3.000,3.000,2.656,2.656,2.661,2.664,2.661,2.662,2.665,2.668,2.671,3.000,3.000,3.000,3.000,3.000,3.000,3.000,3.000
3.000,3.000,3.000,3.000,3.000,3.000,3.000,3.000,2.277,2.277,2.274,2.270,2.266,2.262,2.259,2.254,2.247,2.240,2.233,2.228,2.218,2.207,2.197,2.192,2.185,2.178,2.169,2.163,2.154,2.146,2.138,2.129,2.123,2.116,2.112,2.106,2.102,2.096,2.091,2.083,2.078,2.075,2.070,2.065,2.060,2.055,2.049,2.041,2.036,2.033,2.030,2.027,2.024,2.020,2.016,2.011,2.004,1.995,1.989,1.983,1.975,1.968,1.962,1.958,1.952,1.946,1.941,1.937,1.933,1.927,1.918,1.912,1.907,1.904,1.902,1.899,1.895,1.889,1.883,1.880,1.873,1.868,1.859,1.853,1.843,1.835,1.823,1.803,1.778,1.783,3.000,3.000,0.998,0.998,0.975,0.961,0.947,0.937,0.928,0.923,0.918,0.915,0.911,0.910,0.908,0.908,0.908,0.908,0.908,0.908,0.909,0.908,0.907,0.905,0.902,0.894,0.889,0.886,0.882,0.878,0.875,0.871,0.868,0.865,0.861,0.859,0.856,0.854,0.852,0.851,0.850,0.849,0.848,0.847,0.847,0.847,0.846,0.846,0.846,0.846,0.845,0.845,0.846,0.847,0.847,0.848,0.848,0.849,0.849,0.849,0.848,0.848,0.848,0.847,0.847,0.846,0.845,0.844,0.844,0.842,0.841,0.840,0.839,0.839,0.838,0.837,0.836,0.836,0.835,0.835,0.836,0.836,0.837,0.838,0.839,0.841,0.844,0.847,0.854,0.863,0.871,0.881,0.892,0.906,0.920,0.937,0.957,0.998,1.024,1.046,1.068,1.097,1.101,3.000,3.000,1.793,1.792,1.811,1.825,1.837,1.846,1.854,1.861,1.867,1.873,1.878,1.881,1.885,1.887,1.890,1.890,1.890,1.888,1.886,1.881,1.875,1.861,1.866,1.816,1.787,1.699,1.684,1.695,1.705,1.728,1.757,1.774,1.791,1.802,1.814,1.825,1.835,1.849,1.857,1.861,1.865,1.872,1.886,1.895,1.903,1.907,1.912,1.917,1.919,1.922,1.923,1.924,1.926,1.928,1.930,1.929,1.930,1.932,1.933,1.933,1.932,1.936,1.936,1.940,1.944,1.953,1.948,3.000,3.000,3.000,3.000,2.227,2.229,2.237,2.210,2.214,2.218,2.221,2.224,2.262,2.262,3.000,3.000,3.000,3.000,3.000,3.000,2.405,2.401,2.412,2.420,2.427,2.435,2.446,2.462,2.471,2.475,2.478,2.482,2.487,2.488,2.488,3.000,3.000,3.000,3.000,3.000,3.000,2.656,2.654,2.661,2.664,2.663,2.665,2.668,2.671,2.678,3.000,3.000,3.000,3.000,3.000,3.000,3.000,3.000
3.000,3.000,3.000,3.000,3.000,3.000,3.000,3.000,2.277,2.274,2.271,2.267,2.263,2.259,2.255,2.253,2.245,2.240,2.233,2.228,2.219,2.209,2.200,2.195,2.187,2.180,2.173,2.167,2.160,2.150,2.142,2.135,2.128,2.121,2.117,2.110,2.106,2.099,2.094,2.088,2.081,2.077,2.071,2.066,2.060,2.056,2.049,2.044,2.037,2.034,2.031,2.028,2.025,2.021,2.017,2.013,2.007,1.998,1.991,1.986,1.979,1.971,1.965,1.961,1.955,1.949,1.944,1.940,1.935,1.929,1.921,1.915,1.910,1.907,1.905,1.902,1.897,1.891,1.884,1.881,1.873,1.868,1.858,1.851,1.842,1.834,1.821,1.799,1.803,1.778,3.000,1.005,1.005,0.987,0.968,0.955,0.943,0.934,0.925,0.920,0.916,0.913,0.910,0.908,0.907,0.907,0.907,0.908,0.908,0.908,0.909,0.909,0.907,0.905,0.902,0.895,0.890,0.887,0.883,0.879,0.875,0.871,0.867,0.864,0.860,0.858,0.855,0.853,0.851,0.851,0.850,0.849,0.848,0.847,0.847,0.846,0.846,0.846,0.846,0.845,0.845,0.845,0.845,0.846,0.846,0.847,0.847,0.847,0.847,0.847,0.846,0.845,0.845,0.844,0.844,0.843,0.842,0.842,0.841,0.840,0.839,0.838,0.837,0.837,0.836,0.836,0.835,0.834,0.834,0.834,0.834,0.835,0.835,0.836,0.837,0.839,0.842,0.845,0.851,0.861,0.869,0.877,0.887,0.903,0.917,0.933,0.951,0.992,1.018,1.041,1.063,1.089,1.097,3.000,3.000,1.792,1.791,1.812,1.826,1.838,1.847,1.856,1.863,1.870,1.875,1.879,1.883,1.887,1.890,1.892,1.892,1.893,1.891,1.889,1.884,1.878,1.866,1.874,3.000,1.699,1.692,1.674,1.679,1.689,1.705,1.739,1.766,1.785,1.799,1.813,1.825,1.837,1.848,1.856,1.862,1.866,1.873,1.886,1.896,1.904,1.907,1.912,1.915,1.918,1.920,1.921,1.922,1.924,1.928,1.930,1.929,1.929,1.932,1.932,1.934,1.933,1.939,1.941,1.947,1.953,1.971,3.000,3.000,3.000,2.206,2.218,2.227,2.227,2.229,2.237,2.243,2.248,2.253,2.257,2.262,2.275,2.275,3.000,3.000,3.000,3.000,3.000,2.406,2.405,2.414,2.422,2.428,2.435,2.445,2.459,2.470,2.475,2.479,2.482,2.487,2.490,3.000,3.000,3.000,3.000,3.000,3.000,3.000,2.654,2.652,2.660,2.665,2.665,2.671,2.674,2.678,2.678,3.000,3.000,3.000,3.000,3.000,3.000,3.000,3.000
3.000,3.000,3.000,3.000,3.000,3.000,3.000,3.000,2.274,2.270,2.270,2.264,2.262,2.260,2.258,2.253,2.247,2.241,2.234,2.228,2.219,2.209,2.201,2.196,2.188,2.182,2.175,2.170,2.163,2.155,2.146,2.139,2.132,2.125,2.120,2.113,2.109,2.103,2.097,2.091,2.084,2.079,2.073,2.066,2.061,2.057,2.050,2.045,2.038,2.035,2.031,2.028,2.025,2.022,2.018,2.015,2.008,2.000,1.994,1.989,1.982,1.974,1.968,1.963,1.958,1.953,1.946,1.942,1.937,1.932,1.924,1.917,1.912,1.909,1.907,1.904,1.899,1.893,1.886,1.883,1.873,1.868,1.859,1.851,1.842,1.833,1.820,1.796,1.799,3.000,3.000,1.005,1.005,0.981,0.963,0.952,0.940,0.932,0.924,0.919,0.915,0.912,0.909,0.908,0.906,0.906,0.906,0.907,0.908,0.909,0.909,0.909,0.908,0.906,0.903,0.896,0.891,0.887,0.883,0.878,0.874,0.869,0.866,0.862,0.859,0.857,0.854,0.853,0.851,0.851,0.850,0.849,0.848,0.847,0.847,0.846,0.846,0.845,0.845,0.844,0.844,0.844,0.844,0.844,0.845,0.845,0.845,0.845,0.845,0.844,0.843,0.842,0.842,0.841,0.841,0.840,0.840,0.840,0.839,0.838,0.837,0.836,0.835,0.835,0.834,0.834,0.833,0.833,0.832,0.832,0.832,0.833,0.833,0.834,0.836,0.837,0.840,0.843,0.849,0.859,0.867,0.875,0.884,0.899,0.914,0.929,0.947,0.987,1.013,1.036,1.058,1.085,1.089,3.000,3.000,1.791,1.790,1.812,1.827,1.839,1.849,1.858,1.865,1.871,1.877,1.881,1.885,1.889,1.892,1.895,1.895,1.896,1.894,1.893,1.889,1.885,1.874,1.881,1.862,1.694,1.694,1.671,1.672,1.705,1.739,1.766,1.785,1.785,1.799,1.814,1.826,1.838,1.849,1.857,1.862,1.866,1.872,1.885,1.893,1.902,1.905,1.911,1.913,1.916,1.918,1.919,1.921,1.923,1.925,1.926,1.926,1.927,1.932,1.933,1.935,1.937,1.947,1.952,1.961,1.971,1.986,2.141,2.168,2.185,2.208,2.206,2.218,2.226,2.232,2.239,2.248,2.253,2.262,2.266,2.271,2.275,2.279,3.000,3.000,3.000,3.000,3.000,2.406,2.406,2.416,2.424,2.431,2.438,2.447,2.460,2.472,2.476,2.482,2.485,2.490,2.495,3.000,3.000,3.000,3.000,3.000,3.000,3.000,2.652,2.647,2.658,2.665,2.665,2.673,2.677,2.678,2.678,3.000,3.000,3.000,3.000,3.000,3.000,3.000,3.000
3.000,3.000,3.000,3.000,3.000,3.000,3.000,3.000,2.270,2.270,2.269,2.267,2.264,2.263,2.259,2.255,2.248,2.242,2.235,2.228,2.219,2.210,2.202,2.197,2.189,2.183,2.178,2.174,2.166,2.159,2.151,2.144,2.135,2.128,2.123,2.116,2.112,2.106,2.101,2.095,2.088,2.083,2.074,2.067,2.061,2.057,2.052,2.046,2.040,2.036,2.033,2.029,2.026,2.023,2.019,2.016,2.010,2.002,1.996,1.992,1.985,1.978,1.970,1.966,1.961,1.956,1.949,1.944,1.939,1.934,1.925,1.920,1.914,1.911,1.909,1.906,1.901,1.894,1.887,1.883,1.874,1.869,1.859,1.851,1.842,1.832,1.819,1.792,1.796,3.000,3.000,1.005,0.998,0.976,0.960,0.949,0.938,0.930,0.922,0.918,0.914,0.911,0.908,0.907,0.905,0.905,0.906,0.907,0.908,0.909,0.910,0.910,0.909,0.907,0.904,0.897,0.893,0.888,0.884,0.879,0.874,0.869,0.865,0.862,0.859,0.857,0.854,0.853,0.851,0.850,0.849,0.848,0.847,0.846,0.846,0.845,0.845,0.844,0.844,0.843,0.842,0.842,0.843,0.843,0.843,0.844,0.844,0.844,0.843,0.842,0.841,0.840,0.839,0.839,0.838,0.838,0.838,0.837,0.837,0.836,0.835,0.834,0.833,0.833,0.833,0.832,0.831,0.831,0.830,0.830,0.830,0.831,0.831,0.832,0.834,0.835,0.838,0.841,0.847,0.857,0.864,0.872,0.881,0.894,0.909,0.925,0.942,0.973,1.004,1.031,1.053,1.080,1.085,3.000,3.000,1.790,1.786,1.810,1.826,1.839,1.850,1.859,1.866,1.872,1.878,1.882,1.886,1.890,1.893,1.897,1.898,1.899,1.898,1.896,1.894,1.890,1.881,1.862,1.875,1.694,1.694,1.668,1.674,1.672,3.000,3.000,1.785,1.806,1.806,1.819,1.831,1.842,1.852,1.861,1.866,1.867,1.872,1.882,1.892,1.899,1.903,1.909,1.912,1.915,1.917,1.919,1.921,1.923,1.924,1.926,1.925,1.925,1.930,1.932,1.936,1.939,1.954,1.961,1.972,1.986,1.986,2.157,2.141,2.168,2.185,2.208,2.218,2.226,2.232,2.241,2.250,2.257,2.267,2.271,2.275,2.279,2.282,3.000,3.000,3.000,3.000,3.000,2.409,2.406,2.418,2.426,2.433,2.440,2.451,2.461,2.473,2.478,2.485,2.488,2.495,2.495,3.000,3.000,3.000,3.000,3.000,3.000,3.000,2.649,2.647,2.657,2.664,2.661,2.666,2.667,2.678,3.000,3.000,3.000,3.000,3.000,3.000,3.000,3.000,3.000
3.000,3.000,3.000,3.000,3.000,3.000,3.000,3.000,2.270,2.279,2.275,2.273,2.270,2.267,2.262,2.256,2.249,2.243,2.236,2.228,2.219,2.211,2.203,2.198,2.190,2.184,2.180,2.176,2.168,2.161,2.154,2.148,2.138,2.131,2.125,2.119,2.114,2.108,2.104,2.098,2.090,2.085,2.075,2.068,2.062,2.059,2.053,2.048,2.042,2.038,2.034,2.031,2.027,2.024,2.021,2.017,2.011,2.004,1.999,1.994,1.988,1.981,1.975,1.971,1.966,1.959,1.953,1.947,1.941,1.936,1.927,1.922,1.916,1.912,1.910,1.906,1.902,1.895,1.887,1.883,1.874,1.869,1.859,1.851,1.841,1.831,1.816,1.789,1.792,3.000,3.000,0.998,0.990,0.971,0.955,0.945,0.934,0.927,0.920,0.915,0.912,0.909,0.906,0.905,0.904,0.904,0.905,0.906,0.907,0.909,0.910,0.910,0.910,0.909,0.906,0.899,0.894,0.889,0.884,0.878,0.873,0.868,0.864,0.861,0.859,0.856,0.854,0.853,0.851,0.850,0.849,0.848,0.847,0.846,0.845,0.844,0.844,0.843,0.842,0.841,0.841,0.841,0.841,0.841,0.842,0.842,0.842,0.842,0.841,0.840,0.839,0.838,0.837,0.837,0.836,0.836,0.836,0.835,0.835,0.834,0.833,0.832,0.831,0.831,0.830,0.830,0.829,0.829,0.828,0.828,0.828,0.829,0.829,0.830,0.831,0.833,0.836,0.839,0.845,0.854,0.862,0.870,0.878,0.890,0.906,0.922,0.939,0.967,0.998,1.027,1.050,1.075,1.080,3.000,3.000,1.786,1.810,1.810,1.826,1.840,1.851,1.861,1.868,1.874,1.879,1.884,1.887,1.892,1.895,1.899,1.901,1.903,1.902,1.901,1.899,1.896,1.888,1.875,1.886,3.000,1.690,1.674,1.690,3.000,3.000,3.000,3.000,1.806,1.820,1.820,1.833,1.844,1.852,1.862,1.866,1.867,1.872,1.881,1.889,1.895,1.900,1.907,1.911,1.914,1.917,1.920,1.922,1.924,1.925,1.926,1.925,1.924,1.928,1.931,1.937,1.943,1.968,1.984,1.998,1.998,1.986,2.165,2.157,2.177,2.196,2.212,2.221,2.228,2.235,2.243,2.253,2.260,2.270,2.276,2.280,2.282,2.286,3.000,3.000,3.000,3.000,3.000,2.415,2.409,2.421,2.429,2.437,2.444,2.454,2.463,2.475,2.481,2.491,2.494,2.495,2.495,3.000,3.000,3.000,3.000,3.000,3.000,3.000,2.649,2.649,2.661,2.669,2.671,2.679,2.678,2.678,3.000,3.000,3.000,3.000,3.000,3.000,3.000,3.000,3.000
3.000,3.000,3.000,3.000,3.000,3.000,3.000,3.000,3.000,2.279,2.279,2.277,2.276,2.273,2.264,2.257,2.250,2.244,2.234,2.227,2.219,2.211,2.203,2.198,2.191,2.185,2.179,2.175,2.169,2.163,2.157,2.151,2.145,2.136,2.129,2.121,2.116,2.111,2.106,2.101,2.094,2.088,2.079,2.069,2.064,2.060,2.055,2.050,2.043,2.040,2.036,2.032,2.029,2.025,2.022,2.018,2.012,2.005,2.000,1.995,1.989,1.983,1.978,1.973,1.968,1.963,1.956,1.950,1.944,1.938,1.929,1.923,1.917,1.913,1.910,1.907,1.902,1.896,1.888,1.883,1.873,1.868,1.858,1.851,1.841,1.829,1.814,1.816,1.789,3.000,3.000,0.990,0.983,0.964,0.950,0.940,0.930,0.922,0.915,0.911,0.908,0.905,0.903,0.902,0.902,0.902,0.903,0.904,0.906,0.908,0.910,0.910,0.911,0.910,0.908,0.902,0.896,0.890,0.884,0.878,0.872,0.867,0.863,0.861,0.858,0.856,0.854,0.852,0.851,0.850,0.848,0.847,0.846,0.845,0.844,0.843,0.842,0.842,0.840,0.840,0.839,0.839,0.839,0.840,0.840,0.840,0.840,0.840,0.839,0.838,0.837,0.836,0.836,0.835,0.835,0.834,0.834,0.834,0.833,0.832,0.831,0.830,0.829,0.829,0.828,0.828,0.827,0.827,0.826,0.826,0.826,0.827,0.827,0.828,0.829,0.831,0.834,0.837,0.842,0.851,0.859,0.867,0.875,0.886,0.899,0.918,0.936,0.960,0.984,1.020,1.046,1.069,1.075,3.000,3.000,3.000,1.811,1.810,1.828,1.841,1.854,1.863,1.870,1.876,1.881,1.886,1.890,1.894,1.897,1.903,1.905,1.906,1.906,1.906,1.904,1.902,1.897,1.886,1.895,1.881,1.690,1.690,1.690,3.000,3.000,3.000,3.000,3.000,1.820,1.818,1.834,1.846,1.854,1.864,1.869,1.871,1.875,1.883,1.892,1.897,1.902,1.909,1.914,1.917,1.920,1.924,1.927,1.928,1.929,1.930,1.928,1.927,1.930,1.934,1.941,1.952,1.984,1.999,2.036,1.998,2.154,2.173,2.165,2.182,2.201,2.214,2.223,2.230,2.239,2.247,2.257,2.265,2.272,2.280,2.286,2.286,2.289,3.000,3.000,3.000,3.000,3.000,2.420,2.415,2.425,2.433,2.440,2.448,2.456,2.465,2.475,2.480,2.491,2.494,2.494,3.000,3.000,3.000,3.000,3.000,3.000,3.000,2.645,2.649,2.648,2.656,2.668,2.673,2.682,2.684,2.678,3.000,3.000,3.000,3.000,3.000,3.000,3.000,3.000,3.000
3.000,3.000,3.000,3.000,3.000,3.000,3.000,3.000,3.000,2.279,2.279,2.278,2.278,2.274,2.267,2.258,2.251,2.245,2.235,2.228,2.220,2.213,2.204,2.198,2.191,2.184,2.179,2.175,2.169,2.163,2.157,2.152,2.146,2.137,2.130,2.122,2.118,2.112,2.108,2.103,2.096,2.091,2.081,2.070,2.065,2.062,2.057,2.052,2.046,2.043,2.038,2.035,2.030,2.026,2.022,2.019,2.013,2.007,2.002,1.997,1.993,1.986,1.981,1.977,1.972,1.965,1.958,1.953,1.947,1.940,1.930,1.925,1.919,1.914,1.911,1.907,1.902,1.896,1.888,1.884,1.874,1.868,1.858,1.851,1.841,1.829,1.813,1.814,3.000,3.000,3.000,0.983,0.976,0.957,0.943,0.934,0.925,0.918,0.912,0.908,0.905,0.902,0.901,0.900,0.900,0.901,0.902,0.904,0.905,0.908,0.910,0.911,0.911,0.911,0.910,0.905,0.899,0.892,0.885,0.878,0.872,0.867,0.863,0.861,0.858,0.856,0.853,0.852,0.850,0.849,0.848,0.846,0.845,0.843,0.842,0.841,0.840,0.839,0.838,0.838,0.837,0.837,0.837,0.838,0.838,0.838,0.838,0.837,0.837,0.836,0.835,0.834,0.834,0.833,0.833,0.832,0.832,0.832,0.831,0.830,0.829,0.828,0.828,0.827,0.826,0.826,0.825,0.824,0.824,0.824,0.824,0.825,0.826,0.827,0.828,0.830,0.832,0.835,0.840,0.847,0.856,0.864,0.873,0.883,0.895,0.916,0.933,0.956,0.979,1.016,1.043,1.067,1.069,3.000,3.000,3.000,1.811,1.811,1.828,1.842,1.855,1.865,1.872,1.878,1.884,1.889,1.893,1.897,1.901,1.905,1.908,1.909,1.910,1.910,1.909,1.906,1.903,1.895,1.881,1.886,1.690,1.690,1.690,3.000,3.000,3.000,3.000,3.000,1.818,1.816,1.836,1.850,1.859,1.870,1.875,1.879,1.885,1.892,1.899,1.904,1.909,1.917,1.924,1.928,1.931,1.942,1.944,1.944,1.941,1.940,1.936,1.936,1.934,1.941,1.952,1.984,2.056,2.036,2.113,2.133,2.163,2.154,2.173,2.186,2.203,2.215,2.223,2.230,2.239,2.247,2.259,2.266,2.273,2.282,2.289,2.289,2.289,3.000,3.000,3.000,3.000,3.000,2.424,2.420,2.430,2.438,2.445,2.452,2.460,2.469,2.479,2.484,2.492,2.494,2.494,3.000,3.000,3.000,3.000,3.000,3.000,3.000,2.648,2.645,2.648,2.656,2.668,2.674,2.684,2.684,3.000,3.000,3.000,3.000,3.000,3.000,3.000,3.000,3.000,3.000
3.000,3.000,3.000,3.000,3.000,3.000,3.000,3.000,3.000,3.000,2.278,2.274,2.274,2.272,2.264,2.257,2.250,2.244,2.236,2.231,2.223,2.216,2.205,2.199,2.191,2.184,2.179,2.175,2.169,2.163,2.158,2.152,2.147,2.138,2.131,2.125,2.120,2.115,2.111,2.105,2.098,2.091,2.080,2.071,2.067,2.062,2.058,2.052,2.046,2.042,2.038,2.034,2.030,2.026,2.022,2.019,2.015,2.008,2.004,2.000,1.996,1.990,1.983,1.979,1.974,1.968,1.960,1.955,1.949,1.943,1.932,1.927,1.920,1.915,1.911,1.908,1.902,1.895,1.888,1.883,1.873,1.867,1.858,1.850,1.841,1.829,1.812,1.813,3.000,3.000,3.000,0.976,0.970,0.951,0.938,0.930,0.922,0.915,0.910,0.906,0.903,0.901,0.900,0.900,0.900,0.901,0.902,0.904,0.906,0.909,0.910,0.912,0.912,0.913,0.912,0.908,0.903,0.895,0.887,0.878,0.871,0.866,0.862,0.860,0.857,0.854,0.852,0.851,0.849,0.848,0.847,0.845,0.843,0.842,0.841,0.839,0.838,0.838,0.837,0.836,0.836,0.836,0.836,0.836,0.835,0.836,0.836,0.835,0.835,0.834,0.833,0.832,0.832,0.831,0.831,0.830,0.830,0.830,0.829,0.828,0.827,0.827,0.826,0.825,0.824,0.824,0.823,0.822,0.822,0.822,0.822,0.823,0.824,0.825,0.826,0.828,0.831,0.834,0.839,0.845,0.853,0.862,0.871,0.880,0.893,0.911,0.930,0.951,0.973,1.013,1.041,1.064,1.067,3.000,3.000,3.000,1.811,1.808,1.828,1.842,1.856,1.865,1.874,1.880,1.886,1.890,1.894,1.899,1.903,1.907,1.909,1.911,1.912,1.913,1.912,1.909,1.905,1.899,1.886,1.890,3.000,3.000,3.000,3.000,3.000,3.000,3.000,3.000,1.816,1.815,1.842,1.858,1.866,1.879,1.884,1.890,1.895,1.902,1.910,1.916,1.922,1.934,1.943,1.947,1.951,1.957,1.958,1.957,1.956,1.949,1.949,1.936,3.000,3.000,3.000,3.000,2.075,2.056,2.076,2.113,2.133,2.163,2.178,2.189,2.204,2.215,2.223,2.230,2.237,2.247,2.259,2.265,2.272,2.283,2.290,2.289,2.289,3.000,3.000,3.000,3.000,2.419,2.428,2.424,2.434,2.441,2.449,2.456,2.463,2.473,2.483,2.487,2.491,2.494,2.494,3.000,3.000,3.000,3.000,3.000,3.000,3.000,2.649,2.648,2.652,2.661,2.670,2.673,2.684,2.684,3.000,3.000,3.000,3.000,3.000,3.000,3.000,3.000,3.000,3.000
3.000,3.000,3.000,3.000,3.000,3.000,3.000,3.000,3.000,3.000,2.274,2.272,2.272,2.270,2.263,2.257,2.250,2.245,2.237,2.233,2.226,2.218,2.206,2.199,2.191,2.185,2.180,2.175,2.170,2.164,2.158,2.153,2.148,2.139,2.132,2.126,2.122,2.117,2.112,2.105,2.098,2.091,2.081,2.072,2.068,2.063,2.059,2.053,2.047,2.043,2.038,2.034,2.030,2.026,2.023,2.020,2.015,2.009,2.005,2.001,1.997,1.992,1.986,1.982,1.976,1.969,1.961,1.956,1.951,1.945,1.933,1.929,1.922,1.916,1.912,1.909,1.903,1.895,1.889,1.883,1.874,1.867,1.859,1.851,1.841,1.830,1.812,1.813,3.000,3.000,3.000,0.970,0.959,0.944,0.933,0.925,0.917,0.912,0.907,0.903,0.900,0.899,0.898,0.898,0.899,0.900,0.902,0.904,0.906,0.909,0.911,0.912,0.913,0.914,0.913,0.910,0.905,0.898,0.888,0.878,0.870,0.864,0.861,0.858,0.854,0.852,0.850,0.849,0.847,0.846,0.844,0.842,0.841,0.839,0.838,0.837,0.836,0.835,0.835,0.834,0.834,0.834,0.833,0.833,0.833,0.833,0.833,0.832,0.832,0.831,0.831,0.830,0.830,0.829,0.829,0.828,0.828,0.828,0.827,0.826,0.825,0.824,0.823,0.822,0.822,0.821,0.820,0.820,0.820,0.820,0.820,0.821,0.822,0.824,0.825,0.827,0.830,0.833,0.838,0.843,0.850,0.858,0.868,0.878,0.890,0.907,0.927,0.949,0.970,1.010,1.040,1.062,1.064,3.000,3.000,3.000,1.812,1.808,1.829,1.844,1.857,1.866,1.875,1.881,1.887,1.891,1.896,1.900,1.904,1.907,1.910,1.912,1.914,1.914,1.913,1.911,1.907,1.901,1.890,1.897,3.000,3.000,3.000,1.541,1.541,1.541,3.000,3.000,1.815,1.815,1.849,1.876,1.886,1.894,1.900,1.907,1.916,1.925,1.932,1.938,1.954,1.959,1.963,1.966,1.968,1.976,1.977,1.977,1.973,1.984,1.949,3.000,3.000,3.000,3.000,3.000,2.075,2.075,2.093,2.120,2.139,2.164,2.177,2.188,2.201,2.213,2.221,2.228,2.236,2.246,2.258,2.265,2.272,2.285,2.292,2.295,2.289,3.000,3.000,3.000,3.000,2.421,2.419,2.428,2.437,2.444,2.453,2.460,2.467,2.477,2.485,2.487,2.491,2.494,2.494,3.000,3.000,3.000,3.000,3.000,3.000,3.000,2.649,2.649,2.655,2.661,2.669,2.669,2.673,3.000,3.000,3.000,3.000,3.000,3.000,3.000,3.000,3.000,3.000,3.000
3.000,3.000,3.000,3.000,3.000,3.000,3.000,3.000,3.000,3.000,2.272,2.277,2.273,2.270,2.264,2.257,2.250,2.246,2.237,2.234,2.226,2.218,2.206,2.200,2.193,2.186,2.181,2.177,2.172,2.167,2.161,2.157,2.152,2.144,2.135,2.129,2.124,2.116,2.111,2.104,2.097,2.090,2.082,2.073,2.069,2.064,2.060,2.054,2.049,2.045,2.041,2.035,2.032,2.029,2.026,2.022,2.017,2.010,2.005,2.001,1.997,1.991,1.985,1.981,1.976,1.969,1.961,1.957,1.952,1.947,1.936,1.932,1.924,1.920,1.915,1.911,1.904,1.896,1.890,1.884,1.876,1.870,1.861,1.854,1.843,1.832,1.813,1.814,3.000,3.000,0.963,0.963,0.951,0.938,0.927,0.920,0.913,0.908,0.903,0.900,0.897,0.895,0.895,0.896,0.897,0.899,0.901,0.904,0.906,0.908,0.911,0.912,0.913,0.914,0.914,0.911,0.906,0.900,0.889,0.876,0.867,0.860,0.856,0.852,0.850,0.847,0.846,0.845,0.844,0.843,0.841,0.839,0.838,0.836,0.835,0.834,0.834,0.833,0.832,0.832,0.831,0.831,0.831,0.831,0.830,0.830,0.830,0.829,0.829,0.828,0.828,0.828,0.827,0.827,0.827,0.826,0.826,0.825,0.825,0.824,0.823,0.822,0.821,0.820,0.819,0.819,0.818,0.818,0.818,0.818,0.818,0.819,0.821,0.822,0.824,0.826,0.829,0.832,0.837,0.842,0.849,0.856,0.865,0.875,0.887,0.903,0.921,0.946,0.968,1.006,1.037,1.059,1.080,1.080,3.000,3.000,1.813,1.812,1.831,1.846,1.859,1.868,1.877,1.883,1.888,1.892,1.897,1.901,1.905,1.908,1.911,1.914,1.916,1.916,1.916,1.914,1.912,1.907,1.897,1.903,1.886,3.000,3.000,1.541,1.541,1.541,3.000,3.000,1.815,1.849,1.923,1.899,1.916,1.925,1.934,1.947,1.957,1.964,1.973,1.978,1.985,1.988,1.990,1.995,1.995,1.997,1.996,1.993,1.984,1.987,3.000,3.000,3.000,3.000,3.000,3.000,2.075,2.070,2.090,2.116,2.137,2.159,2.172,2.182,2.195,2.207,2.217,2.224,2.233,2.244,2.256,2.262,2.269,2.285,2.295,2.295,3.000,3.000,3.000,3.000,3.000,2.421,2.421,2.430,2.439,2.449,2.455,2.460,2.467,2.477,2.484,2.487,2.490,2.491,3.000,3.000,3.000,3.000,3.000,3.000,3.000,3.000,2.649,2.642,2.645,2.651,2.661,2.658,2.669,3.000,3.000,3.000,3.000,3.000,3.000,3.000,3.000,3.000,3.000,3.000
3.000,3.000,3.000,3.000,3.000,3.000,3.000,3.000,3.000,3.000,3.000,2.277,2.277,2.273,2.266,2.259,2.253,2.247,2.238,2.235,2.227,2.217,2.207,2.201,2.195,2.187,2.183,2.179,2.174,2.169,2.163,2.159,2.155,2.147,2.138,2.132,2.126,2.118,2.112,2.105,2.098,2.091,2.083,2.075,2.070,2.066,2.061,2.056,2.050,2.047,2.042,2.035,2.033,2.029,2.026,2.023,2.018,2.010,2.005,2.001,1.996,1.991,1.985,1.982,1.976,1.969,1.962,1.957,1.954,1.949,1.938,1.935,1.927,1.923,1.918,1.913,1.906,1.898,1.892,1.886,1.878,1.871,1.864,1.856,1.846,1.835,1.814,1.819,3.000,3.000,0.963,0.963,0.945,0.931,0.921,0.915,0.909,0.903,0.898,0.896,0.893,0.893,0.892,0.894,0.895,0.898,0.900,0.903,0.905,0.908,0.910,0.912,0.913,0.914,0.914,0.912,0.907,0.900,0.888,0.873,0.861,0.855,0.850,0.847,0.844,0.842,0.841,0.839,0.838,0.837,0.836,0.835,0.833,0.833,0.832,0.831,0.830,0.830,0.829,0.829,0.828,0.828,0.827,0.827,0.826,0.826,0.826,0.825,0.825,0.824,0.824,0.824,0.824,0.824,0.824,0.824,0.823,0.823,0.822,0.822,0.821,0.819,0.819,0.818,0.817,0.817,0.816,0.816,0.816,0.816,0.817,0.818,0.820,0.822,0.824,0.826,0.829,0.832,0.837,0.842,0.848,0.855,0.863,0.874,0.886,0.901,0.918,0.944,0.966,1.004,1.036,1.057,1.080,1.080,3.000,3.000,1.813,1.813,1.833,1.847,1.859,1.869,1.877,1.883,1.888,1.893,1.898,1.902,1.906,1.909,1.913,1.916,1.918,1.918,1.918,1.917,1.915,1.911,1.903,1.886,1.903,3.000,3.000,1.541,1.541,1.541,3.000,3.000,3.000,3.000,1.934,1.923,1.934,1.943,1.951,1.961,1.969,1.976,1.983,1.988,1.994,1.997,1.998,2.002,2.002,2.003,2.001,1.998,1.987,1.987,1.967,3.000,3.000,3.000,1.975,2.004,2.070,2.053,2.075,2.097,2.126,2.147,2.161,2.172,2.185,2.198,2.209,2.218,2.226,2.237,2.250,2.256,2.264,2.284,2.295,2.295,3.000,3.000,3.000,3.000,2.408,2.421,2.421,2.430,2.440,2.450,2.455,2.460,2.467,2.478,2.485,2.488,2.491,2.494,3.000,3.000,3.000,3.000,3.000,3.000,3.000,3.000,2.642,2.652,2.644,2.649,2.658,2.655,2.660,3.000,3.000,3.000,3.000,3.000,3.000,3.000,3.000,3.000,3.000,3.000
3.000,3.000,3.000,3.000,3.000,3.000,3.000,3.000,3.000,3.000,3.000,2.277,2.286,2.281,2.276,2.265,2.258,2.252,2.245,2.239,2.231,2.223,2.210,2.202,2.197,2.190,2.186,2.182,2.176,2.171,2.165,2.162,2.158,2.151,2.143,2.135,2.129,2.122,2.115,2.108,2.100,2.093,2.086,2.078,2.073,2.068,2.064,2.058,2.052,2.048,2.043,2.038,2.035,2.031,2.028,2.024,2.020,2.012,2.007,2.003,1.999,1.994,1.988,1.985,1.979,1.974,1.965,1.962,1.958,1.953,1.943,1.940,1.931,1.927,1.922,1.917,1.911,1.901,1.895,1.889,1.880,1.874,1.866,1.858,1.848,1.837,1.819,1.821,3.000,3.000,0.963,0.960,0.941,0.927,0.917,0.911,0.905,0.900,0.895,0.893,0.891,0.891,0.891,0.892,0.894,0.897,0.899,0.902,0.904,0.907,0.910,0.912,0.913,0.914,0.915,0.913,0.908,0.899,0.887,0.867,0.858,0.852,0.847,0.844,0.840,0.838,0.836,0.835,0.834,0.833,0.832,0.831,0.830,0.829,0.829,0.828,0.827,0.827,0.826,0.826,0.825,0.825,0.824,0.824,0.823,0.823,0.823,0.822,0.822,0.822,0.822,0.822,0.821,0.821,0.821,0.821,0.821,0.821,0.821,0.820,0.819,0.818,0.817,0.816,0.815,0.815,0.815,0.814,0.814,0.815,0.816,0.817,0.819,0.821,0.823,0.825,0.829,0.832,0.836,0.841,0.848,0.854,0.862,0.872,0.885,0.900,0.915,0.944,0.965,1.003,1.035,1.056,1.078,1.080,3.000,3.000,1.813,1.813,1.833,1.847,1.859,1.868,1.877,1.883,1.888,1.893,1.898,1.903,1.907,1.911,1.915,1.918,1.920,1.921,1.922,1.922,1.921,1.919,1.912,1.903,1.912,1.887,3.000,3.000,3.000,3.000,3.000,3.000,1.882,1.922,1.940,1.934,1.943,1.950,1.959,1.967,1.974,1.979,1.985,1.990,1.994,1.995,1.996,1.997,1.996,1.995,1.993,1.987,1.972,1.967,1.967,1.934,1.933,1.944,1.975,1.975,2.004,2.023,2.097,2.126,2.147,2.161,2.143,2.157,2.169,2.185,2.198,2.206,2.215,2.223,2.238,2.245,2.252,2.276,2.284,3.000,3.000,3.000,3.000,3.000,2.408,2.408,2.418,2.427,2.439,2.447,2.454,2.462,2.471,2.480,2.487,2.491,2.494,2.498,3.000,3.000,3.000,3.000,3.000,3.000,3.000,3.000,3.000,2.652,2.652,2.655,2.662,2.660,2.660,3.000,3.000,3.000,3.000,3.000,3.000,3.000,3.000,3.000,3.000,3.000
3.000,3.000,3.000,3.000,3.000,3.000,3.000,3.000,3.000,3.000,3.000,3.000,2.286,2.286,2.280,2.271,2.262,2.255,2.248,2.242,2.233,2.225,2.213,2.205,2.200,2.194,2.190,2.190,2.180,2.175,2.169,2.166,2.162,2.155,2.147,2.139,2.133,2.125,2.118,2.112,2.103,2.096,2.090,2.081,2.076,2.073,2.068,2.061,2.055,2.051,2.046,2.041,2.037,2.034,2.030,2.026,2.022,2.015,2.010,2.006,2.002,1.998,1.991,1.988,1.981,1.977,1.969,1.965,1.961,1.957,1.946,1.942,1.934,1.930,1.924,1.920,1.913,1.904,1.898,1.892,1.883,1.875,1.868,1.860,1.849,1.838,1.821,1.822,3.000,3.000,0.960,0.957,0.938,0.923,0.913,0.906,0.900,0.896,0.893,0.890,0.889,0.889,0.889,0.891,0.893,0.896,0.898,0.901,0.904,0.907,0.910,0.911,0.913,0.914,0.915,0.913,0.907,0.899,0.885,0.865,0.856,0.850,0.845,0.841,0.838,0.835,0.833,0.832,0.831,0.830,0.829,0.828,0.827,0.826,0.826,0.825,0.824,0.824,0.823,0.823,0.822,0.821,0.821,0.820,0.820,0.820,0.820,0.819,0.819,0.819,0.819,0.819,0.819,0.819,0.819,0.819,0.818,0.818,0.818,0.818,0.817,0.816,0.815,0.814,0.813,0.813,0.813,0.813,0.813,0.814,0.815,0.816,0.818,0.820,0.822,0.825,0.829,0.832,0.836,0.842,0.848,0.854,0.861,0.870,0.883,0.898,0.913,0.941,0.963,1.001,1.033,1.055,1.076,1.078,3.000,3.000,1.813,1.813,1.832,1.847,1.859,1.868,1.877,1.883,1.889,1.894,1.899,1.904,1.908,1.913,1.917,1.920,1.922,1.924,1.925,1.926,1.927,1.924,1.919,1.912,1.887,1.908,1.884,3.000,3.000,3.000,3.000,3.000,1.882,1.882,1.922,1.940,1.947,1.953,1.960,1.966,1.970,1.973,1.979,1.981,1.986,1.985,1.984,1.984,1.983,1.981,1.977,1.958,1.946,1.941,1.934,1.928,1.929,1.933,1.944,1.960,1.981,1.991,2.023,1.967,3.000,2.143,2.157,2.169,2.185,2.198,2.179,2.189,2.199,2.207,2.223,2.230,2.237,2.276,2.276,3.000,3.000,3.000,3.000,2.392,2.408,2.406,2.416,2.428,2.439,2.448,2.455,2.462,2.471,2.480,2.489,2.494,2.498,2.498,3.000,3.000,3.000,3.000,3.000,3.000,3.000,3.000,3.000,2.652,2.655,2.662,2.662,2.662,2.660,3.000,3.000,3.000,3.000,3.000,3.000,3.000,3.000,3.000,3.000,3.000
3.000,3.000,3.000,3.000,3.000,3.000,3.000,3.000,3.000,3.000,3.000,3.000,2.286,2.286,2.284,2.273,2.266,2.258,2.250,2.244,2.234,2.227,2.214,2.209,2.203,2.198,2.195,2.195,2.189,2.180,2.173,2.170,2.165,2.159,2.151,2.144,2.136,2.129,2.123,2.115,2.108,2.099,2.093,2.085,2.079,2.075,2.070,2.063,2.058,2.054,2.049,2.044,2.040,2.037,2.033,2.029,2.025,2.020,2.013,2.009,2.005,2.001,1.996,1.991,1.985,1.980,1.974,1.971,1.967,1.962,1.948,1.945,1.937,1.933,1.927,1.922,1.916,1.906,1.900,1.893,1.883,1.876,1.868,1.859,1.850,1.839,1.822,1.822,3.000,3.000,0.957,0.957,0.936,0.921,0.910,0.903,0.896,0.893,0.890,0.888,0.887,0.886,0.887,0.889,0.891,0.894,0.897,0.900,0.903,0.906,0.909,0.911,0.913,0.915,0.915,0.913,0.907,0.898,0.882,0.863,0.855,0.849,0.844,0.840,0.836,0.833,0.831,0.829,0.828,0.827,0.826,0.825,0.824,0.823,0.823,0.822,0.821,0.821,0.820,0.819,0.819,0.818,0.818,0.818,0.817,0.817,0.817,0.817,0.817,0.817,0.817,0.817,0.817,0.817,0.816,0.817,0.816,0.816,0.816,0.816,0.815,0.814,0.813,0.812,0.812,0.811,0.811,0.811,0.812,0.812,0.813,0.815,0.818,0.820,0.822,0.825,0.828,0.832,0.836,0.841,0.848,0.853,0.860,0.869,0.880,0.895,0.911,0.936,0.960,0.997,1.030,1.052,1.074,1.076,3.000,3.000,1.813,1.810,1.830,1.845,1.858,1.867,1.876,1.883,1.889,1.894,1.899,1.904,1.908,1.912,1.918,1.921,1.924,1.926,1.928,1.931,1.932,1.930,1.926,1.920,1.908,1.884,1.895,3.000,3.000,3.000,3.000,3.000,1.882,1.876,1.940,1.933,1.939,1.944,1.951,1.956,1.958,1.959,1.963,1.964,1.965,1.962,1.959,1.954,1.941,1.938,1.935,1.930,1.923,1.922,1.919,1.915,1.914,1.920,1.928,1.943,1.958,1.966,1.967,1.967,1.951,3.000,3.000,3.000,3.000,2.179,2.189,2.199,2.207,2.182,2.196,2.209,2.216,2.237,3.000,3.000,3.000,3.000,2.379,2.392,2.392,2.405,2.418,2.431,2.440,2.449,2.455,2.461,2.470,2.479,2.489,2.494,2.498,2.498,3.000,3.000,3.000,3.000,3.000,3.000,3.000,3.000,3.000,3.000,3.000,2.662,2.662,2.662,3.000,3.000,3.000,3.000,3.000,3.000,3.000,3.000,3.000,3.000,3.000,3.000
3.000,3.000,3.000,3.000,3.000,3.000,3.000,3.000,3.000,3.000,3.000,3.000,3.000,2.286,2.286,2.275,2.269,2.262,2.255,2.248,2.235,2.228,2.216,2.212,2.207,2.203,2.201,2.198,2.192,2.184,2.178,2.174,2.169,2.164,2.156,2.150,2.143,2.135,2.129,2.123,2.113,2.104,2.097,2.090,2.083,2.079,2.075,2.067,2.062,2.058,2.053,2.047,2.043,2.039,2.035,2.031,2.027,2.022,2.018,2.012,2.007,2.004,1.999,1.994,1.987,1.983,1.977,1.974,1.970,1.964,1.951,1.947,1.940,1.935,1.929,1.924,1.918,1.909,1.902,1.894,1.885,1.877,1.868,1.859,1.850,1.839,1.822,1.825,3.000,3.000,0.957,0.957,0.934,0.919,0.906,0.899,0.893,0.889,0.887,0.885,0.883,0.883,0.884,0.886,0.888,0.892,0.895,0.898,0.901,0.905,0.908,0.911,0.913,0.915,0.915,0.913,0.908,0.898,0.881,0.863,0.854,0.848,0.843,0.839,0.835,0.832,0.829,0.828,0.826,0.824,0.823,0.822,0.821,0.820,0.820,0.819,0.818,0.818,0.817,0.816,0.816,0.816,0.816,0.816,0.815,0.815,0.815,0.815,0.815,0.814,0.814,0.814,0.814,0.814,0.814,0.814,0.814,0.814,0.814,0.814,0.813,0.812,0.811,0.811,0.810,0.810,0.810,0.810,0.811,0.812,0.813,0.815,0.817,0.820,0.822,0.825,0.828,0.832,0.836,0.842,0.848,0.854,0.860,0.868,0.879,0.894,0.910,0.933,0.957,0.994,1.027,1.050,1.071,1.074,3.000,3.000,1.810,1.807,1.828,1.843,1.857,1.867,1.875,1.883,1.888,1.894,1.899,1.904,1.908,1.912,1.917,1.921,1.924,1.926,1.928,1.932,1.933,1.932,1.928,1.923,1.914,1.895,1.910,3.000,3.000,3.000,3.000,3.000,1.876,1.876,1.933,1.939,1.944,1.951,1.956,1.958,1.959,1.963,1.964,1.965,1.965,1.937,1.920,1.915,1.911,1.909,1.907,1.899,1.898,1.894,1.902,1.895,1.898,1.901,1.907,1.915,1.925,1.935,1.938,1.951,1.951,1.930,3.000,3.000,3.000,3.000,3.000,3.000,2.182,2.196,2.209,2.216,2.216,2.216,3.000,3.000,3.000,3.000,2.379,2.379,2.392,2.406,2.420,2.432,2.441,2.449,2.454,2.458,2.468,2.477,2.489,2.494,2.498,2.499,3.000,3.000,3.000,3.000,3.000,3.000,3.000,3.000,3.000,3.000,3.000,3.000,3.000,3.000,3.000,3.000,3.000,3.000,3.000,3.000,3.000,3.000,3.000,3.000,3.000,3.000
3.000,3.000,3.000,3.000,3.000,3.000,3.000,3.000,3.000,3.000,3.000,3.000,3.000,2.286,2.286,2.277,2.272,2.264,2.258,2.249,2.238,2.229,2.218,2.214,2.209,2.205,2.203,2.199,2.193,2.185,2.180,2.176,2.172,2.168,2.160,2.155,2.148,2.142,2.135,2.128,2.119,2.109,2.102,2.095,2.090,2.085,2.080,2.072,2.066,2.061,2.056,2.050,2.045,2.042,2.037,2.033,2.029,2.026,2.021,2.017,2.011,2.007,2.003,1.999,1.991,1.985,1.980,1.976,1.972,1.966,1.954,1.949,1.942,1.937,1.932,1.927,1.920,1.912,1.905,1.897,1.888,1.880,1.871,1.862,1.852,1.841,1.825,1.826,3.000,3.000,3.000,0.934,0.933,0.916,0.904,0.897,0.890,0.886,0.883,0.881,0.880,0.880,0.881,0.882,0.885,0.888,0.892,0.895,0.899,0.903,0.908,0.911,0.913,0.915,0.916,0.915,0.909,0.898,0.879,0.862,0.854,0.848,0.843,0.838,0.834,0.831,0.829,0.827,0.825,0.823,0.822,0.820,0.819,0.818,0.817,0.817,0.816,0.815,0.814,0.814,0.813,0.813,0.813,0.813,0.813,0.813,0.813,0.813,0.812,0.812,0.812,0.812,0.812,0.812,0.812,0.812,0.812,0.812,0.812,0.812,0.811,0.811,0.810,0.809,0.809,0.809,0.809,0.809,0.810,0.811,0.813,0.815,0.817,0.819,0.822,0.825,0.829,0.832,0.837,0.843,0.849,0.854,0.861,0.868,0.879,0.893,0.909,0.929,0.951,0.991,1.020,1.047,1.068,1.071,3.000,3.000,1.807,1.804,1.825,1.842,1.856,1.867,1.875,1.882,1.888,1.894,1.898,1.904,1.908,1.912,1.916,1.920,1.923,1.925,1.928,1.932,1.933,1.931,1.928,1.924,1.918,1.910,1.910,3.000,3.000,3.000,3.000,1.776,1.808,1.808,1.813,1.821,1.827,1.832,1.832,1.832,1.833,1.844,1.848,1.850,1.937,1.937,1.890,1.887,1.886,1.885,1.886,1.878,1.878,1.872,1.879,1.878,1.882,1.885,1.887,1.894,1.905,1.911,1.916,1.924,1.930,1.930,1.919,1.926,1.939,1.947,1.953,1.953,1.953,3.000,3.000,3.000,3.000,3.000,3.000,3.000,3.000,3.000,2.379,2.374,2.388,2.403,2.417,2.430,2.439,2.446,2.450,2.452,2.463,2.474,2.488,2.494,2.499,2.499,3.000,3.000,3.000,3.000,3.000,3.000,3.000,3.000,3.000,3.000,3.000,3.000,3.000,3.000,3.000,3.000,3.000,3.000,3.000,3.000,3.000,3.000,3.000,3.000,3.000,3.000
3.000,3.000,3.000,3.000,3.000,3.000,3.000,3.000,3.000,3.000,3.000,3.000,3.000,3.000,2.281,2.279,2.273,2.267,2.262,2.252,2.243,2.232,2.221,2.216,2.212,2.208,2.205,2.200,2.194,2.187,2.182,2.179,2.175,2.173,2.164,2.159,2.152,2.146,2.138,2.132,2.123,2.113,2.106,2.100,2.097,2.089,2.083,2.076,2.069,2.064,2.059,2.053,2.048,2.044,2.039,2.035,2.031,2.028,2.023,2.019,2.013,2.010,2.006,2.002,1.994,1.989,1.984,1.980,1.975,1.969,1.956,1.952,1.944,1.939,1.934,1.929,1.922,1.914,1.907,1.899,1.890,1.882,1.872,1.863,1.854,1.842,1.826,1.826,3.000,3.000,3.000,0.933,0.931,0.914,0.902,0.894,0.887,0.883,0.879,0.877,0.876,0.877,0.878,0.880,0.882,0.885,0.889,0.893,0.897,0.902,0.906,0.910,0.913,0.916,0.918,0.917,0.911,0.899,0.878,0.862,0.854,0.848,0.843,0.839,0.835,0.831,0.829,0.826,0.824,0.822,0.821,0.819,0.818,0.817,0.816,0.815,0.814,0.813,0.812,0.812,0.811,0.811,0.811,0.811,0.811,0.811,0.811,0.811,0.811,0.810,0.810,0.810,0.810,0.810,0.810,0.810,0.810,0.811,0.810,0.810,0.810,0.809,0.808,0.808,0.808,0.808,0.808,0.808,0.809,0.810,0.812,0.815,0.817,0.820,0.822,0.826,0.830,0.834,0.838,0.844,0.850,0.856,0.863,0.870,0.880,0.893,0.909,0.927,0.949,0.988,1.018,1.045,1.067,1.068,3.000,3.000,1.804,1.800,1.822,1.839,1.855,1.865,1.873,1.880,1.886,1.892,1.896,1.902,1.906,1.910,1.914,1.918,1.921,1.923,1.926,1.929,1.931,1.929,1.927,1.923,1.918,1.918,1.910,3.000,3.000,3.000,3.000,1.776,1.776,1.789,1.798,1.813,1.821,1.827,1.832,1.822,1.825,1.833,1.844,1.848,1.850,1.855,1.857,1.856,1.856,1.857,1.858,1.856,1.850,1.846,1.846,1.848,1.860,1.862,1.863,1.865,1.874,1.889,1.888,1.892,1.891,1.898,1.912,1.919,1.926,1.939,1.947,1.953,1.953,1.924,3.000,3.000,3.000,3.000,3.000,3.000,3.000,3.000,2.374,2.361,2.378,2.395,2.410,2.424,2.433,2.440,2.440,2.440,2.448,2.466,2.482,2.491,2.497,2.499,3.000,3.000,3.000,3.000,3.000,3.000,3.000,3.000,3.000,3.000,3.000,3.000,3.000,3.000,3.000,3.000,3.000,3.000,3.000,3.000,3.000,3.000,3.000,3.000,3.000,3.000
3.000,3.000,3.000,3.000,3.000,3.000,3.000,3.000,3.000,3.000,3.000,3.000,3.000,3.000,2.281,2.281,2.275,2.270,2.264,2.256,2.249,2.236,2.226,2.220,2.216,2.212,2.208,2.204,2.197,2.189,2.184,2.181,2.177,2.176,2.170,2.162,2.156,2.149,2.141,2.135,2.126,2.119,2.111,2.107,2.102,2.095,2.087,2.079,2.072,2.067,2.062,2.055,2.051,2.047,2.042,2.038,2.034,2.031,2.026,2.022,2.017,2.014,2.009,2.005,1.998,1.993,1.988,1.984,1.978,1.972,1.959,1.955,1.946,1.941,1.935,1.930,1.924,1.916,1.908,1.900,1.891,1.884,1.873,1.865,1.855,1.843,1.826,1.826,3.000,3.000,0.948,0.948,0.927,0.911,0.899,0.892,0.885,0.880,0.876,0.874,0.873,0.873,0.875,0.877,0.879,0.883,0.887,0.891,0.895,0.900,0.905,0.909,0.913,0.917,0.919,0.919,0.913,0.898,0.877,0.863,0.855,0.849,0.844,0.840,0.836,0.832,0.829,0.826,0.824,0.822,0.820,0.818,0.817,0.815,0.814,0.813,0.812,0.811,0.811,0.810,0.809,0.809,0.809,0.810,0.810,0.810,0.810,0.810,0.810,0.809,0.809,0.809,0.808,0.808,0.808,0.808,0.808,0.808,0.808,0.808,0.808,0.808,0.807,0.807,0.806,0.807,0.807,0.807,0.808,0.810,0.812,0.815,0.817,0.820,0.823,0.827,0.831,0.835,0.840,0.846,0.853,0.858,0.864,0.872,0.881,0.893,0.908,0.925,0.947,0.987,1.019,1.045,1.066,1.067,3.000,3.000,1.800,1.793,1.816,1.834,1.849,1.860,1.868,1.876,1.882,1.887,1.890,1.898,1.902,1.906,1.910,1.914,1.917,1.919,1.922,1.926,1.927,1.925,1.923,1.917,1.912,1.918,3.000,3.000,3.000,3.000,3.000,1.776,1.789,1.770,1.778,1.789,1.798,1.801,1.798,1.797,1.803,1.808,1.817,1.820,1.825,1.832,1.836,1.836,1.835,1.836,1.840,1.838,1.832,1.831,1.831,1.834,1.838,1.841,1.845,1.847,1.856,1.866,1.868,1.871,1.870,1.876,1.880,1.889,1.893,1.899,1.919,1.924,1.924,1.924,1.881,1.870,1.869,1.869,1.854,3.000,3.000,3.000,2.361,2.378,2.361,2.380,2.395,2.410,2.424,2.429,2.427,2.429,2.438,2.451,2.474,2.482,2.488,2.497,3.000,3.000,3.000,3.000,3.000,3.000,3.000,3.000,3.000,3.000,3.000,3.000,3.000,3.000,3.000,3.000,3.000,3.000,3.000,3.000,3.000,3.000,3.000,3.000,3.000,3.000
3.000,3.000,3.000,3.000,3.000,3.000,3.000,3.000,3.000,3.000,3.000,3.000,3.000,3.000,2.281,2.281,2.276,2.269,2.264,2.257,2.250,2.239,2.229,2.224,2.220,2.216,2.211,2.206,2.198,2.191,2.186,2.182,2.179,2.177,2.171,2.164,2.158,2.151,2.143,2.137,2.128,2.123,2.117,2.112,2.106,2.098,2.089,2.082,2.075,2.070,2.065,2.059,2.054,2.050,2.046,2.042,2.036,2.033,2.027,2.024,2.019,2.017,2.011,2.008,2.001,1.996,1.991,1.988,1.982,1.975,1.961,1.957,1.948,1.943,1.937,1.932,1.926,1.917,1.909,1.901,1.893,1.885,1.875,1.865,1.855,1.844,1.826,1.826,3.000,3.000,0.948,0.948,0.924,0.909,0.897,0.890,0.882,0.877,0.873,0.872,0.870,0.871,0.871,0.874,0.876,0.879,0.884,0.888,0.892,0.898,0.903,0.908,0.913,0.917,0.921,0.919,0.914,0.898,0.878,0.864,0.857,0.851,0.846,0.841,0.837,0.833,0.830,0.827,0.825,0.822,0.820,0.818,0.816,0.814,0.813,0.812,0.811,0.810,0.809,0.809,0.808,0.808,0.808,0.808,0.808,0.808,0.808,0.808,0.808,0.807,0.807,0.806,0.806,0.806,0.806,0.806,0.806,0.806,0.805,0.805,0.806,0.806,0.805,0.805,0.805,0.805,0.805,0.806,0.808,0.810,0.812,0.815,0.818,0.821,0.825,0.829,0.833,0.837,0.842,0.848,0.854,0.859,0.865,0.873,0.882,0.893,0.907,0.923,0.945,0.984,1.018,1.043,1.065,1.066,3.000,3.000,1.793,1.784,1.809,1.827,1.842,1.852,1.860,1.870,1.876,1.881,1.885,1.892,1.896,1.900,1.905,1.909,1.911,1.913,1.917,1.919,1.920,1.919,1.916,1.909,1.917,1.912,3.000,3.000,3.000,3.000,1.675,1.713,1.770,1.752,1.758,1.765,1.771,1.771,1.774,1.774,1.777,1.782,1.791,1.794,1.797,1.806,1.810,1.811,1.808,1.815,1.816,1.817,1.814,1.816,1.817,1.820,1.820,1.823,1.828,1.829,1.834,1.837,1.838,1.834,1.836,1.841,1.855,1.857,1.867,1.871,1.875,1.884,1.884,1.881,1.870,1.868,1.869,1.854,1.857,1.857,1.857,3.000,3.000,2.361,2.380,2.368,2.384,2.398,2.413,2.419,2.418,2.420,2.429,2.442,2.466,2.473,2.488,2.488,3.000,3.000,3.000,3.000,3.000,3.000,3.000,3.000,3.000,3.000,3.000,3.000,3.000,3.000,3.000,3.000,3.000,3.000,3.000,3.000,3.000,3.000,3.000,3.000,3.000,3.000
3.000,3.000,3.000,3.000,3.000,3.000,3.000,3.000,3.000,3.000,3.000,3.000,3.000,3.000,3.000,2.276,2.271,2.265,2.262,2.256,2.250,2.240,2.231,2.227,2.224,2.220,2.214,2.210,2.200,2.195,2.188,2.185,2.181,2.179,2.172,2.167,2.160,2.154,2.146,2.140,2.131,2.126,2.120,2.115,2.108,2.100,2.092,2.083,2.076,2.071,2.065,2.058,2.053,2.050,2.046,2.042,2.037,2.034,2.028,2.025,2.022,2.019,2.014,2.010,2.003,1.999,1.993,1.990,1.984,1.975,1.962,1.959,1.952,1.947,1.941,1.936,1.930,1.920,1.911,1.904,1.895,1.887,1.878,1.867,1.856,1.844,1.824,1.826,3.000,3.000,0.948,0.944,0.921,0.904,0.892,0.886,0.878,0.874,0.871,0.869,0.868,0.868,0.868,0.870,0.872,0.875,0.878,0.882,0.889,0.895,0.901,0.906,0.911,0.916,0.920,0.918,0.912,0.893,0.877,0.865,0.858,0.852,0.848,0.843,0.839,0.835,0.831,0.828,0.825,0.823,0.820,0.818,0.816,0.814,0.812,0.811,0.810,0.809,0.808,0.807,0.807,0.806,0.806,0.806,0.806,0.806,0.806,0.806,0.805,0.805,0.804,0.804,0.804,0.803,0.803,0.803,0.803,0.803,0.803,0.803,0.803,0.803,0.803,0.803,0.803,0.804,0.805,0.806,0.807,0.810,0.813,0.815,0.819,0.822,0.826,0.830,0.834,0.838,0.843,0.849,0.854,0.860,0.865,0.872,0.881,0.892,0.905,0.920,0.941,0.976,1.013,1.040,1.062,1.065,3.000,3.000,1.784,1.773,1.797,1.818,1.830,1.842,1.849,1.858,1.867,1.872,1.876,1.881,1.887,1.891,1.896,1.900,1.903,1.905,1.907,1.910,1.910,1.908,1.904,1.901,1.909,3.000,3.000,3.000,3.000,1.641,1.675,1.675,1.713,1.728,1.734,1.737,1.742,1.747,1.750,1.753,1.755,1.762,1.768,1.774,1.778,1.782,1.791,1.788,1.788,1.792,1.796,1.798,1.798,1.800,1.799,1.804,1.803,1.808,1.811,1.814,1.816,1.820,1.818,1.816,1.817,1.821,1.828,1.831,1.840,1.843,1.843,1.858,1.859,1.852,1.847,1.848,1.850,1.838,1.846,1.857,1.857,3.000,3.000,3.000,2.368,2.357,2.375,2.389,2.404,2.411,2.408,2.408,2.411,2.428,2.458,2.473,2.473,3.000,3.000,3.000,3.000,3.000,3.000,3.000,3.000,3.000,3.000,3.000,3.000,3.000,3.000,3.000,3.000,3.000,3.000,3.000,3.000,3.000,3.000,3.000,3.000,3.000,3.000,3.000
3.000,3.000,3.000,3.000,3.000,3.000,3.000,3.000,3.000,3.000,3.000,3.000,3.000,3.000,3.000,2.271,2.271,2.266,2.263,2.259,2.253,2.245,2.237,2.234,2.229,2.225,2.218,2.214,2.204,2.199,2.191,2.188,2.183,2.181,2.174,2.169,2.162,2.155,2.147,2.141,2.132,2.127,2.121,2.116,2.110,2.101,2.093,2.085,2.078,2.072,2.066,2.060,2.055,2.053,2.049,2.044,2.039,2.035,2.030,2.027,2.024,2.022,2.016,2.012,2.006,2.002,1.996,1.993,1.986,1.977,1.964,1.961,1.955,1.950,1.944,1.940,1.934,1.924,1.914,1.907,1.899,1.890,1.881,1.871,1.859,1.845,1.845,1.824,3.000,3.000,0.944,0.942,0.919,0.900,0.889,0.882,0.876,0.872,0.869,0.867,0.866,0.866,0.866,0.867,0.869,0.872,0.875,0.878,0.883,0.888,0.896,0.902,0.908,0.914,0.917,0.915,0.908,0.892,0.878,0.868,0.860,0.855,0.850,0.846,0.841,0.837,0.833,0.830,0.827,0.824,0.821,0.819,0.816,0.814,0.812,0.811,0.809,0.808,0.807,0.806,0.805,0.804,0.804,0.804,0.804,0.804,0.804,0.803,0.803,0.802,0.802,0.801,0.801,0.801,0.801,0.801,0.800,0.800,0.800,0.800,0.801,0.801,0.801,0.802,0.802,0.803,0.804,0.805,0.807,0.810,0.813,0.816,0.820,0.823,0.828,0.831,0.835,0.839,0.844,0.850,0.855,0.860,0.865,0.872,0.881,0.891,0.904,0.917,0.938,0.972,1.006,1.036,1.059,1.062,3.000,3.000,1.773,1.797,1.780,1.794,1.810,1.819,1.858,1.867,1.872,1.856,1.861,1.866,1.870,1.877,1.881,1.884,1.887,1.889,1.894,1.897,1.897,1.896,1.892,1.888,1.901,3.000,3.000,3.000,3.000,1.641,1.641,1.665,1.693,1.705,1.710,1.715,1.720,1.723,1.726,1.731,1.735,1.740,1.743,1.747,1.751,1.755,1.759,1.765,1.768,1.771,1.777,1.781,1.782,1.783,1.783,1.785,1.784,1.785,1.792,1.793,1.796,1.797,1.796,1.796,1.793,1.793,1.807,1.810,1.816,1.819,1.817,1.820,1.823,1.828,1.821,1.825,1.827,1.821,1.826,1.833,1.857,1.827,3.000,3.000,2.357,2.375,2.360,2.376,2.394,2.402,2.396,2.391,2.389,2.458,2.458,2.458,3.000,3.000,3.000,3.000,3.000,3.000,3.000,3.000,3.000,3.000,3.000,3.000,3.000,3.000,3.000,3.000,3.000,3.000,3.000,3.000,3.000,3.000,3.000,3.000,3.000,3.000,3.000,3.000
3.000,3.000,3.000,3.000,3.000,3.000,3.000,3.000,3.000,3.000,3.000,3.000,3.000,3.000,3.000,3.000,2.266,2.266,2.264,2.262,2.256,2.248,2.242,2.238,2.233,2.228,2.220,2.216,2.207,2.201,2.194,2.190,2.185,2.182,2.177,2.172,2.164,2.156,2.148,2.141,2.133,2.128,2.122,2.117,2.111,2.103,2.096,2.090,2.080,2.075,2.068,2.064,2.059,2.056,2.052,2.048,2.042,2.038,2.033,2.031,2.026,2.024,2.018,2.014,2.008,2.005,1.999,1.995,1.988,1.979,1.968,1.964,1.958,1.954,1.948,1.944,1.938,1.928,1.920,1.912,1.903,1.894,1.884,1.873,1.860,1.845,1.845,3.000,3.000,3.000,0.942,0.939,0.914,0.898,0.887,0.880,0.875,0.871,0.868,0.866,0.865,0.865,0.865,0.866,0.867,0.869,0.872,0.875,0.879,0.884,0.892,0.898,0.903,0.909,0.913,0.911,0.905,0.892,0.879,0.870,0.863,0.858,0.853,0.849,0.844,0.839,0.835,0.832,0.828,0.826,0.823,0.820,0.817,0.815,0.813,0.811,0.809,0.807,0.806,0.805,0.804,0.803,0.802,0.802,0.802,0.802,0.802,0.801,0.801,0.800,0.799,0.799,0.799,0.798,0.798,0.798,0.797,0.798,0.798,0.798,0.798,0.799,0.800,0.800,0.801,0.802,0.804,0.805,0.807,0.810,0.813,0.816,0.820,0.824,0.828,0.832,0.835,0.839,0.844,0.849,0.854,0.860,0.865,0.872,0.880,0.889,0.902,0.915,0.931,0.966,0.998,1.032,1.059,1.059,3.000,3.000,3.000,1.780,1.794,1.810,1.819,1.819,1.819,3.000,1.856,1.861,1.866,1.870,1.877,1.881,1.884,1.887,1.865,1.869,1.872,1.878,1.879,1.878,1.873,1.860,1.888,3.000,3.000,3.000,1.589,1.641,1.635,1.654,1.676,1.689,1.694,1.698,1.703,1.706,1.709,1.713,1.718,1.723,1.725,1.727,1.730,1.738,1.742,1.744,1.751,1.754,1.760,1.764,1.767,1.768,1.768,1.767,1.768,1.768,1.772,1.777,1.780,1.778,1.778,1.774,1.775,1.775,1.785,1.787,1.795,1.796,1.794,1.797,1.799,1.803,1.799,1.798,1.800,1.800,1.806,1.814,1.827,1.827,3.000,3.000,3.000,2.360,2.347,2.365,2.402,2.402,2.402,2.377,2.373,2.389,3.000,3.000,3.000,3.000,3.000,3.000,3.000,3.000,3.000,3.000,3.000,3.000,3.000,3.000,3.000,3.000,3.000,3.000,3.000,3.000,3.000,3.000,3.000,3.000,3.000,3.000,3.000,3.000,3.000,3.000
3.000,3.000,3.000,3.000,3.000,3.000,3.000,3.000,3.000,3.000,3.000,3.000,3.000,3.000,3.000,3.000,3.000,2.264,2.267,2.267,2.260,2.251,2.245,2.241,2.236,2.230,2.222,2.218,2.210,2.205,2.197,2.193,2.188,2.185,2.179,2.174,2.165,2.157,2.149,2.142,2.135,2.130,2.124,2.119,2.114,2.106,2.099,2.092,2.083,2.079,2.071,2.066,2.061,2.058,2.055,2.051,2.046,2.041,2.036,2.035,2.029,2.027,2.020,2.017,2.011,2.008,2.002,1.998,1.991,1.983,1.972,1.967,1.961,1.957,1.952,1.947,1.941,1.931,1.923,1.915,1.905,1.896,1.885,1.873,1.858,1.842,1.845,3.000,3.000,3.000,0.939,0.931,0.907,0.894,0.884,0.878,0.873,0.869,0.866,0.864,0.862,0.862,0.861,0.862,0.864,0.866,0.868,0.871,0.876,0.880,0.886,0.893,0.899,0.906,0.909,0.908,0.903,0.893,0.881,0.873,0.866,0.861,0.857,0.852,0.848,0.843,0.839,0.835,0.831,0.828,0.825,0.822,0.819,0.816,0.814,0.811,0.809,0.807,0.805,0.804,0.803,0.802,0.801,0.801,0.800,0.800,0.800,0.799,0.799,0.798,0.797,0.796,0.796,0.796,0.795,0.795,0.795,0.795,0.796,0.796,0.797,0.798,0.799,0.799,0.800,0.802,0.803,0.805,0.808,0.811,0.814,0.817,0.820,0.825,0.828,0.832,0.836,0.839,0.844,0.849,0.854,0.859,0.865,0.872,0.880,0.888,0.900,0.912,0.928,0.962,0.993,1.027,1.032,3.000,3.000,3.000,3.000,3.000,3.000,3.000,3.000,3.000,3.000,3.000,3.000,3.000,3.000,3.000,3.000,3.000,3.000,1.865,1.869,1.872,1.878,1.879,1.879,1.879,1.878,1.873,1.860,3.000,3.000,3.000,1.589,1.589,1.622,1.640,1.655,1.666,1.671,1.675,1.681,1.683,1.686,1.690,1.698,1.705,1.707,1.709,1.712,1.716,1.723,1.722,1.729,1.732,1.738,1.740,1.747,1.738,1.738,1.739,1.741,1.742,1.746,1.747,1.750,1.750,1.749,1.753,1.751,1.745,1.747,1.752,1.760,1.759,1.755,1.762,1.769,1.771,1.771,1.771,1.773,1.768,1.775,1.785,1.800,1.827,1.798,3.000,3.000,2.347,2.328,2.365,2.365,3.000,2.377,2.377,2.364,2.373,3.000,3.000,3.000,3.000,3.000,3.000,3.000,3.000,3.000,3.000,3.000,3.000,3.000,3.000,3.000,3.000,3.000,3.000,3.000,3.000,3.000,3.000,3.000,3.000,3.000,3.000,3.000,3.000,3.000,3.000
3.000,3.000,3.000,3.000,3.000,3.000,3.000,3.000,3.000,3.000,3.000,3.000,3.000,3.000,3.000,3.000,3.000,3.000,2.267,2.267,2.263,2.253,2.247,2.243,2.239,2.233,2.225,2.222,2.214,2.209,2.200,2.196,2.190,2.187,2.181,2.177,2.168,2.161,2.150,2.144,2.137,2.133,2.127,2.122,2.116,2.109,2.100,2.094,2.085,2.080,2.072,2.067,2.062,2.060,2.056,2.053,2.048,2.044,2.040,2.038,2.033,2.030,2.022,2.020,2.014,2.011,2.005,2.001,1.995,1.987,1.976,1.970,1.964,1.959,1.954,1.950,1.944,1.933,1.924,1.916,1.905,1.896,1.883,1.871,1.854,1.835,1.842,3.000,3.000,3.000,0.931,0.926,0.903,0.891,0.882,0.876,0.871,0.866,0.863,0.861,0.859,0.858,0.857,0.858,0.860,0.862,0.864,0.867,0.872,0.876,0.882,0.888,0.894,0.902,0.906,0.906,0.903,0.894,0.884,0.876,0.869,0.865,0.860,0.856,0.851,0.847,0.842,0.838,0.834,0.831,0.828,0.825,0.821,0.818,0.815,0.812,0.810,0.808,0.805,0.804,0.802,0.801,0.800,0.799,0.799,0.798,0.798,0.798,0.797,0.796,0.795,0.794,0.794,0.794,0.793,0.793,0.793,0.794,0.794,0.795,0.795,0.796,0.798,0.799,0.800,0.802,0.804,0.805,0.808,0.811,0.814,0.817,0.820,0.825,0.828,0.832,0.835,0.839,0.843,0.848,0.853,0.858,0.864,0.870,0.878,0.887,0.898,0.909,0.924,0.959,0.985,1.023,1.027,3.000,3.000,3.000,3.000,3.000,3.000,3.000,3.000,3.000,3.000,3.000,3.000,3.000,3.000,3.000,3.000,3.000,3.000,3.000,3.000,3.000,3.000,3.000,3.000,3.000,3.000,3.000,3.000,3.000,3.000,3.000,1.589,1.574,1.601,1.623,1.632,1.649,1.654,1.659,1.661,1.664,1.668,1.671,1.681,1.685,1.688,1.691,1.693,1.696,1.699,1.702,1.707,1.709,1.716,1.714,1.715,1.715,1.719,1.721,1.724,1.723,1.725,1.724,1.726,1.723,1.726,1.731,1.727,1.726,1.726,1.731,1.736,1.737,1.736,1.737,1.744,1.748,1.749,1.749,1.751,1.748,1.751,1.762,1.782,1.798,1.798,3.000,3.000,2.328,2.313,2.328,3.000,3.000,3.000,2.364,2.351,2.364,2.350,3.000,3.000,3.000,3.000,3.000,3.000,3.000,3.000,3.000,3.000,3.000,3.000,3.000,3.000,3.000,3.000,3.000,3.000,3.000,3.000,3.000,3.000,3.000,3.000,3.000,3.000,3.000,3.000,3.000
3.000,3.000,3.000,3.000,3.000,3.000,3.000,3.000,3.000,3.000,3.000,3.000,3.000,3.000,3.000,3.000,3.000,3.000,3.000,2.268,2.264,2.253,2.247,2.243,2.239,2.233,2.224,2.221,2.215,2.211,2.203,2.199,2.193,2.191,2.185,2.181,2.172,2.165,2.154,2.149,2.142,2.138,2.131,2.125,2.119,2.111,2.104,2.097,2.087,2.082,2.074,2.069,2.064,2.061,2.057,2.054,2.049,2.045,2.041,2.038,2.034,2.030,2.023,2.021,2.016,2.013,2.007,2.003,1.996,1.989,1.979,1.973,1.965,1.960,1.955,1.950,1.944,1.934,1.924,1.915,1.905,1.894,1.881,1.866,1.848,1.828,1.835,3.000,3.000,0.943,0.943,0.921,0.900,0.889,0.880,0.874,0.868,0.864,0.860,0.858,0.856,0.855,0.855,0.856,0.858,0.859,0.862,0.865,0.870,0.874,0.879,0.885,0.891,0.899,0.904,0.905,0.903,0.896,0.889,0.882,0.875,0.870,0.865,0.861,0.856,0.852,0.848,0.844,0.839,0.835,0.832,0.829,0.825,0.822,0.818,0.815,0.812,0.809,0.807,0.804,0.803,0.801,0.799,0.798,0.797,0.797,0.796,0.796,0.795,0.794,0.793,0.792,0.792,0.792,0.792,0.791,0.792,0.792,0.792,0.793,0.794,0.795,0.797,0.798,0.800,0.801,0.803,0.806,0.808,0.811,0.814,0.817,0.820,0.824,0.828,0.831,0.835,0.838,0.843,0.848,0.852,0.857,0.863,0.869,0.877,0.885,0.896,0.907,0.921,0.955,0.981,1.019,1.023,3.000,3.000,3.000,1.133,1.134,1.136,1.140,1.143,1.150,1.150,1.161,1.161,1.161,3.000,3.000,3.000,3.000,3.000,3.000,3.000,3.000,3.000,3.000,3.000,3.000,3.000,3.000,3.000,3.000,3.000,3.000,1.574,1.560,1.582,1.600,1.611,1.620,1.631,1.636,1.640,1.643,1.645,1.649,1.652,1.655,1.659,1.668,1.670,1.674,1.676,1.682,1.686,1.690,1.688,1.689,1.685,1.688,1.689,1.698,1.704,1.700,1.701,1.698,1.700,1.700,1.703,1.705,1.702,1.699,1.701,1.708,1.714,1.716,1.717,1.711,1.721,1.723,1.725,1.728,1.728,1.728,1.734,1.741,1.756,1.772,1.798,3.000,3.000,2.313,2.313,2.313,3.000,3.000,3.000,2.351,2.351,2.350,2.350,3.000,3.000,3.000,3.000,3.000,3.000,3.000,3.000,3.000,3.000,3.000,3.000,3.000,3.000,3.000,3.000,3.000,3.000,3.000,3.000,3.000,3.000,3.000,3.000,3.000,3.000,3.000,3.000,3.000
3.000,3.000,3.000,3.000,3.000,3.000,3.000,3.000,3.000,3.000,3.000,3.000,3.000,3.000,3.000,3.000,3.000,3.000,3.000,2.268,2.268,2.259,2.250,2.245,2.241,2.234,2.224,2.221,2.215,2.212,2.205,2.201,2.197,2.194,2.189,2.186,2.175,2.169,2.159,2.153,2.146,2.142,2.136,2.128,2.121,2.114,2.107,2.100,2.091,2.084,2.076,2.071,2.066,2.063,2.059,2.055,2.050,2.045,2.041,2.038,2.033,2.030,2.024,2.022,2.016,2.013,2.008,2.003,1.996,1.989,1.980,1.973,1.965,1.960,1.955,1.950,1.944,1.934,1.924,1.914,1.903,1.891,1.876,1.858,1.838,1.848,1.828,3.000,3.000,0.943,0.943,0.918,0.898,0.886,0.877,0.871,0.865,0.861,0.858,0.856,0.854,0.854,0.854,0.855,0.856,0.858,0.861,0.864,0.868,0.872,0.877,0.882,0.888,0.897,0.902,0.904,0.902,0.897,0.891,0.885,0.879,0.875,0.870,0.866,0.862,0.858,0.853,0.849,0.844,0.840,0.836,0.833,0.829,0.825,0.822,0.818,0.814,0.811,0.808,0.806,0.804,0.802,0.799,0.798,0.797,0.796,0.795,0.794,0.793,0.792,0.791,0.790,0.790,0.790,0.790,0.790,0.790,0.791,0.791,0.792,0.793,0.795,0.796,0.797,0.799,0.801,0.803,0.806,0.808,0.811,0.814,0.816,0.819,0.823,0.827,0.831,0.834,0.838,0.842,0.847,0.852,0.857,0.862,0.869,0.876,0.884,0.895,0.905,0.919,0.952,0.976,1.016,1.038,1.098,1.113,1.113,1.133,1.133,1.134,1.136,1.140,1.143,1.150,1.148,1.161,1.165,1.171,1.182,1.182,1.182,3.000,3.000,3.000,3.000,3.000,3.000,3.000,3.000,3.000,3.000,3.000,1.364,1.364,1.364,1.560,1.541,1.563,1.577,1.588,1.597,1.609,1.618,1.621,1.625,1.629,1.633,1.635,1.637,1.640,1.646,1.649,1.655,1.655,1.657,1.661,1.668,1.664,1.665,1.662,1.667,1.669,1.672,1.680,1.681,1.682,1.681,1.682,1.682,1.684,1.684,1.679,1.678,1.679,1.687,1.693,1.691,1.691,1.690,1.694,1.696,1.699,1.703,1.706,1.705,1.718,1.726,1.738,1.758,1.772,3.000,3.000,3.000,3.000,3.000,3.000,3.000,3.000,3.000,2.350,2.350,2.350,3.000,3.000,3.000,3.000,3.000,3.000,3.000,3.000,3.000,3.000,3.000,3.000,3.000,3.000,3.000,3.000,3.000,3.000,3.000,3.000,3.000,3.000,3.000,3.000,3.000,3.000,3.000,3.000,3.000
3.000,3.000,3.000,3.000,3.000,3.000,3.000,3.000,3.000,3.000,3.000,3.000,3.000,3.000,3.000,3.000,3.000,3.000,3.000,2.268,2.268,2.260,2.251,2.246,2.242,2.233,2.226,2.223,2.218,2.215,2.209,2.205,2.200,2.198,2.193,2.189,2.179,2.173,2.161,2.156,2.149,2.145,2.138,2.130,2.123,2.116,2.109,2.102,2.095,2.086,2.078,2.074,2.069,2.066,2.060,2.057,2.052,2.047,2.042,2.039,2.034,2.031,2.026,2.023,2.018,2.015,2.009,2.004,1.997,1.990,1.982,1.975,1.967,1.961,1.957,1.952,1.945,1.935,1.924,1.913,1.901,1.888,1.870,1.849,1.826,1.838,3.000,3.000,3.000,0.943,0.940,0.915,0.895,0.883,0.873,0.867,0.861,0.858,0.854,0.853,0.852,0.851,0.851,0.853,0.854,0.856,0.859,0.862,0.866,0.870,0.875,0.880,0.885,0.895,0.900,0.902,0.901,0.898,0.893,0.888,0.883,0.879,0.875,0.870,0.866,0.862,0.858,0.853,0.849,0.844,0.840,0.836,0.832,0.828,0.824,0.821,0.817,0.814,0.810,0.807,0.805,0.803,0.800,0.798,0.797,0.795,0.794,0.793,0.792,0.791,0.790,0.789,0.789,0.789,0.789,0.789,0.789,0.790,0.791,0.791,0.792,0.794,0.796,0.797,0.799,0.801,0.803,0.806,0.808,0.811,0.813,0.816,0.819,0.823,0.827,0.830,0.833,0.837,0.841,0.846,0.851,0.856,0.861,0.868,0.876,0.883,0.893,0.904,0.917,0.948,0.972,1.010,1.038,1.098,1.098,1.113,1.112,1.113,1.115,1.116,1.120,1.124,1.130,1.133,1.146,1.152,1.165,1.171,1.182,1.185,1.185,1.185,3.000,3.000,3.000,3.000,3.000,3.000,3.000,1.348,1.348,1.364,1.364,1.364,1.541,1.563,1.540,1.553,1.563,1.577,1.584,1.591,1.596,1.604,1.608,1.611,1.611,1.613,1.615,1.624,1.629,1.634,1.634,1.632,1.639,1.641,1.643,1.642,1.643,1.646,1.649,1.652,1.656,1.656,1.657,1.657,1.657,1.656,1.656,1.655,1.655,1.655,1.654,1.656,1.659,1.664,1.667,1.669,1.677,1.680,1.683,1.686,1.687,1.691,1.699,1.710,1.722,1.738,1.758,3.000,3.000,3.000,3.000,3.000,3.000,3.000,3.000,3.000,3.000,3.000,3.000,3.000,3.000,3.000,3.000,3.000,3.000,3.000,3.000,3.000,3.000,3.000,3.000,3.000,3.000,3.000,3.000,3.000,3.000,3.000,3.000,3.000,3.000,3.000,3.000,3.000,3.000,3.000,3.000,3.000
3.000,3.000,3.000,3.000,3.000,3.000,3.000,3.000,3.000,3.000,3.000,3.000,3.000,3.000,3.000,3.000,3.000,3.000,3.000,3.000,2.260,2.260,2.251,2.246,2.242,2.235,2.229,2.225,2.221,2.219,2.212,2.210,2.204,2.201,2.194,2.191,2.180,2.174,2.162,2.158,2.150,2.146,2.138,2.131,2.125,2.117,2.110,2.104,2.097,2.090,2.080,2.075,2.071,2.068,2.062,2.058,2.054,2.049,2.044,2.040,2.036,2.033,2.028,2.025,2.020,2.017,2.012,2.007,1.998,1.992,1.983,1.977,1.969,1.963,1.958,1.953,1.945,1.935,1.923,1.912,1.899,1.883,1.861,1.870,1.849,1.826,3.000,3.000,3.000,0.940,0.937,0.911,0.891,0.880,0.869,0.863,0.857,0.854,0.851,0.849,0.847,0.847,0.847,0.848,0.850,0.852,0.855,0.859,0.863,0.868,0.872,0.877,0.882,0.889,0.897,0.899,0.899,0.897,0.893,0.888,0.884,0.881,0.877,0.872,0.868,0.864,0.860,0.856,0.851,0.847,0.843,0.839,0.834,0.830,0.827,0.823,0.820,0.817,0.813,0.809,0.807,0.804,0.801,0.799,0.797,0.796,0.794,0.793,0.791,0.790,0.789,0.788,0.788,0.788,0.788,0.788,0.789,0.790,0.790,0.791,0.793,0.794,0.796,0.798,0.800,0.801,0.804,0.806,0.808,0.811,0.813,0.816,0.819,0.823,0.827,0.830,0.833,0.837,0.841,0.845,0.850,0.855,0.860,0.867,0.875,0.882,0.892,0.902,0.916,0.941,0.968,1.001,1.029,1.063,1.085,1.100,1.104,1.107,1.111,1.113,1.119,1.123,1.133,1.136,1.152,1.158,1.167,1.168,1.172,1.176,1.185,1.185,1.170,1.168,3.000,3.000,3.000,3.000,3.000,1.348,1.348,1.335,1.345,1.364,3.000,1.540,1.553,1.530,1.542,1.553,1.560,1.571,1.576,1.584,1.589,1.592,1.594,1.595,1.597,1.600,1.610,1.615,1.611,1.615,1.618,1.620,1.626,1.625,1.628,1.629,1.631,1.630,1.635,1.636,1.638,1.640,1.642,1.641,1.640,1.640,1.641,1.640,1.640,1.642,1.645,1.649,1.652,1.654,1.662,1.666,1.670,1.674,1.677,1.683,1.692,1.702,1.738,1.738,1.738,3.000,3.000,3.000,3.000,3.000,3.000,3.000,3.000,3.000,3.000,3.000,3.000,3.000,3.000,3.000,3.000,3.000,3.000,3.000,3.000,3.000,3.000,3.000,3.000,3.000,3.000,3.000,3.000,3.000,3.000,3.000,3.000,3.000,3.000,3.000,3.000,3.000,3.000,3.000,3.000,3.000
3.000,3.000,3.000,3.000,3.000,3.000,3.000,3.000,3.000,3.000,3.000,3.000,3.000,3.000,3.000,3.000,3.000,3.000,3.000,3.000,3.000,2.251,2.251,2.247,2.243,2.236,2.231,2.227,2.224,2.222,2.215,2.212,2.206,2.203,2.197,2.193,2.182,2.176,2.164,2.160,2.151,2.148,2.140,2.133,2.127,2.119,2.111,2.106,2.100,2.094,2.083,2.078,2.074,2.071,2.066,2.062,2.058,2.054,2.047,2.043,2.038,2.036,2.032,2.028,2.023,2.020,2.015,2.010,2.001,1.994,1.986,1.981,1.972,1.966,1.961,1.954,1.946,1.934,1.921,1.907,1.891,1.866,1.846,1.861,3.000,3.000,3.000,3.000,3.000,0.937,0.935,0.906,0.886,0.875,0.865,0.860,0.855,0.851,0.848,0.847,0.845,0.844,0.844,0.845,0.847,0.849,0.852,0.855,0.859,0.864,0.869,0.874,0.878,0.885,0.893,0.896,0.897,0.895,0.891,0.888,0.884,0.881,0.878,0.874,0.869,0.865,0.861,0.857,0.852,0.848,0.844,0.840,0.836,0.832,0.828,0.825,0.822,0.819,0.815,0.812,0.809,0.806,0.803,0.801,0.799,0.797,0.794,0.793,0.791,0.790,0.788,0.787,0.787,0.787,0.787,0.787,0.788,0.789,0.790,0.791,0.792,0.794,0.796,0.798,0.800,0.801,0.804,0.806,0.808,0.810,0.813,0.816,0.819,0.822,0.826,0.829,0.832,0.836,0.840,0.844,0.849,0.853,0.859,0.866,0.873,0.881,0.891,0.901,0.914,0.938,0.965,0.997,1.027,1.060,1.086,1.102,1.109,1.113,1.119,1.122,1.134,1.140,1.151,1.152,1.158,1.167,1.168,1.172,1.176,1.185,1.177,1.170,1.168,1.168,1.163,1.163,3.000,3.000,3.000,1.348,1.348,1.348,1.345,1.345,3.000,3.000,1.530,1.498,1.515,1.529,1.537,1.544,1.549,1.561,1.562,1.564,1.570,1.573,1.575,1.578,1.581,1.587,1.589,1.591,1.597,1.597,1.600,1.602,1.610,1.610,1.611,1.613,1.615,1.614,1.616,1.617,1.621,1.622,1.623,1.624,1.625,1.626,1.629,1.631,1.634,1.636,1.641,1.644,1.651,1.659,1.663,1.668,1.672,1.680,1.689,1.702,1.702,3.000,3.000,3.000,3.000,3.000,3.000,3.000,3.000,3.000,3.000,3.000,3.000,3.000,3.000,3.000,3.000,3.000,3.000,3.000,3.000,3.000,3.000,3.000,3.000,3.000,3.000,3.000,3.000,3.000,3.000,3.000,3.000,3.000,3.000,3.000,3.000,3.000,3.000,3.000,3.000,3.000,3.000,3.000
3.000,3.000,3.000,3.000,3.000,3.000,3.000,3.000,3.000,3.000,3.000,3.000,3.000,3.000,3.000,3.000,3.000,3.000,3.000,3.000,3.000,2.251,2.251,2.247,2.244,2.239,2.232,2.228,2.226,2.224,2.218,2.213,2.207,2.204,2.199,2.195,2.185,2.177,2.168,2.162,2.157,2.151,2.145,2.138,2.130,2.122,2.114,2.109,2.103,2.097,2.088,2.084,2.079,2.075,2.069,2.065,2.061,2.056,2.051,2.047,2.042,2.039,2.035,2.032,2.026,2.022,2.017,2.012,2.005,1.997,1.989,1.984,1.974,1.966,1.960,1.954,1.945,1.932,1.917,1.899,1.881,1.851,1.866,1.846,3.000,3.000,3.000,3.000,3.000,0.935,0.934,0.904,0.884,0.873,0.863,0.859,0.854,0.851,0.848,0.846,0.844,0.843,0.843,0.844,0.845,0.847,0.849,0.852,0.856,0.861,0.865,0.870,0.875,0.881,0.886,0.892,0.893,0.892,0.888,0.886,0.883,0.880,0.877,0.873,0.869,0.865,0.861,0.857,0.852,0.848,0.844,0.840,0.836,0.832,0.829,0.826,0.823,0.820,0.816,0.813,0.811,0.808,0.804,0.802,0.800,0.798,0.795,0.793,0.791,0.789,0.788,0.787,0.786,0.786,0.786,0.787,0.788,0.789,0.790,0.791,0.792,0.794,0.796,0.797,0.799,0.801,0.803,0.805,0.808,0.810,0.812,0.815,0.818,0.821,0.824,0.828,0.831,0.834,0.838,0.843,0.847,0.852,0.857,0.864,0.871,0.879,0.888,0.899,0.910,0.932,0.954,0.991,1.022,1.060,1.093,1.114,1.126,1.133,1.144,1.151,1.151,1.151,1.151,1.151,3.000,3.000,3.000,3.000,3.000,1.177,1.177,1.177,1.163,1.160,1.163,1.163,1.138,3.000,3.000,3.000,3.000,3.000,3.000,3.000,3.000,3.000,1.498,1.515,1.529,1.504,1.515,1.524,1.529,1.538,1.544,1.549,1.553,1.556,1.561,1.561,1.564,1.566,1.567,1.567,1.572,1.574,1.577,1.582,1.588,1.591,1.592,1.593,1.594,1.596,1.595,1.597,1.599,1.600,1.603,1.606,1.609,1.613,1.617,1.618,1.620,1.624,1.632,1.638,1.647,1.656,1.661,1.667,1.671,1.689,1.689,1.689,3.000,3.000,3.000,3.000,3.000,3.000,3.000,3.000,3.000,3.000,3.000,3.000,3.000,3.000,3.000,3.000,3.000,3.000,3.000,3.000,3.000,3.000,3.000,3.000,3.000,3.000,3.000,3.000,3.000,3.000,3.000,3.000,3.000,3.000,3.000,3.000,3.000,3.000,3.000,3.000,3.000,3.000,3.000,3.000
3.000,3.000,3.000,3.000,3.000,3.000,3.000,3.000,3.000,3.000,3.000,3.000,3.000,3.000,3.000,3.000,3.000,3.000,3.000,3.000,3.000,3.000,2.247,2.247,2.244,2.239,2.233,2.227,2.226,2.224,2.218,2.213,2.208,2.205,2.200,2.196,2.188,2.178,2.170,2.163,2.159,2.153,2.147,2.141,2.132,2.124,2.115,2.111,2.105,2.099,2.091,2.088,2.081,2.077,2.071,2.067,2.063,2.058,2.052,2.049,2.044,2.042,2.038,2.034,2.027,2.023,2.017,2.013,2.006,1.997,1.989,1.983,1.974,1.965,1.958,1.951,1.941,1.926,1.908,1.888,1.899,1.881,1.851,3.000,3.000,3.000,3.000,3.000,3.000,0.934,0.933,0.900,0.881,0.869,0.860,0.856,0.851,0.848,0.845,0.844,0.842,0.841,0.841,0.842,0.843,0.845,0.847,0.850,0.853,0.857,0.862,0.866,0.870,0.876,0.881,0.887,0.888,0.887,0.885,0.883,0.880,0.878,0.875,0.871,0.867,0.863,0.859,0.855,0.851,0.847,0.842,0.839,0.835,0.832,0.829,0.826,0.823,0.820,0.817,0.814,0.811,0.809,0.805,0.803,0.800,0.798,0.796,0.794,0.792,0.790,0.788,0.787,0.786,0.786,0.786,0.786,0.787,0.788,0.789,0.791,0.792,0.793,0.795,0.797,0.799,0.801,0.803,0.805,0.807,0.809,0.812,0.814,0.817,0.820,0.823,0.827,0.830,0.833,0.837,0.841,0.846,0.850,0.856,0.862,0.870,0.878,0.886,0.897,0.908,0.928,0.950,0.990,1.060,1.093,1.114,1.126,1.133,1.144,1.151,1.151,1.151,3.000,3.000,3.000,3.000,3.000,3.000,3.000,3.000,3.000,3.000,1.163,1.163,1.159,1.149,1.138,1.138,1.118,1.112,3.000,3.000,3.000,3.000,3.000,3.000,3.000,3.000,3.000,1.504,1.515,1.524,1.496,1.503,1.515,1.527,1.533,1.540,1.543,1.546,1.547,1.549,1.548,1.548,1.548,1.554,1.558,1.562,1.565,1.568,1.573,1.575,1.577,1.579,1.581,1.582,1.584,1.584,1.589,1.592,1.596,1.600,1.606,1.609,1.612,1.614,1.619,1.626,1.634,1.646,1.655,1.662,1.671,1.671,1.671,3.000,3.000,3.000,3.000,3.000,3.000,3.000,3.000,3.000,3.000,3.000,3.000,3.000,3.000,3.000,3.000,3.000,3.000,3.000,3.000,3.000,3.000,3.000,3.000,3.000,3.000,3.000,3.000,3.000,3.000,3.000,3.000,3.000,3.000,3.000,3.000,3.000,3.000,3.000,3.000,3.000,3.000,3.000,3.000,3.000,3.000
3.000,3.000,3.000,3.000,3.000,3.000,3.000,3.000,3.000,3.000,3.000,3.000,3.000,3.000,3.000,3.000,3.000,3.000,3.000,3.000,3.000,3.000,3.000,2.244,2.244,2.240,2.230,2.225,2.224,2.224,2.215,2.211,2.207,2.204,2.200,2.196,2.189,2.180,2.172,2.165,2.161,2.156,2.150,2.144,2.137,2.127,2.117,2.113,2.105,2.100,2.093,2.090,2.084,2.079,2.073,2.069,2.064,2.059,2.053,2.050,2.045,2.043,2.039,2.035,2.027,2.023,2.017,2.012,2.004,1.995,1.987,1.981,1.971,1.963,1.955,1.945,1.934,1.919,1.893,1.908,1.888,3.000,3.000,3.000,3.000,3.000,3.000,3.000,3.000,0.933,0.933,0.896,0.878,0.866,0.857,0.852,0.847,0.844,0.841,0.840,0.839,0.838,0.838,0.839,0.840,0.842,0.845,0.847,0.851,0.855,0.859,0.862,0.866,0.871,0.877,0.881,0.883,0.883,0.881,0.880,0.877,0.875,0.872,0.869,0.865,0.861,0.857,0.853,0.849,0.845,0.841,0.837,0.834,0.831,0.828,0.825,0.823,0.820,0.817,0.814,0.811,0.809,0.806,0.803,0.801,0.799,0.796,0.794,0.792,0.790,0.788,0.787,0.786,0.786,0.786,0.786,0.787,0.788,0.789,0.790,0.792,0.793,0.795,0.797,0.799,0.801,0.803,0.805,0.807,0.809,0.811,0.814,0.817,0.819,0.823,0.826,0.829,0.832,0.836,0.840,0.845,0.849,0.855,0.861,0.869,0.877,0.885,0.895,0.907,0.924,0.946,0.990,0.990,3.000,3.000,3.000,3.000,3.000,3.000,3.000,3.000,3.000,3.000,1.839,1.852,1.854,1.857,1.857,1.857,1.855,3.000,3.000,1.159,1.159,1.159,1.128,1.118,1.112,1.112,1.092,3.000,3.000,3.000,3.000,3.000,3.000,3.000,3.000,3.000,3.000,1.496,1.503,1.478,1.496,1.512,1.521,1.527,1.530,1.532,1.535,1.537,1.536,1.534,1.534,1.541,1.546,1.550,1.553,1.555,1.558,1.560,1.564,1.570,1.572,1.574,1.577,1.576,1.583,1.584,1.591,1.595,1.600,1.605,1.609,1.613,1.619,1.627,1.636,1.649,1.662,1.662,1.662,3.000,3.000,3.000,3.000,3.000,3.000,3.000,3.000,3.000,3.000,3.000,3.000,3.000,3.000,3.000,3.000,3.000,3.000,3.000,3.000,3.000,3.000,3.000,3.000,3.000,3.000,3.000,3.000,3.000,3.000,3.000,3.000,3.000,3.000,3.000,3.000,3.000,3.000,3.000,3.000,3.000,3.000,3.000,3.000,3.000,3.000,3.000,3.000
3.000,3.000,3.000,3.000,3.000,3.000,3.000,3.000,3.000,3.000,3.000,3.000,3.000,3.000,3.000,3.000,3.000,3.000,3.000,3.000,3.000,3.000,3.000,3.000,2.240,2.240,2.240,2.230,2.231,2.231,2.219,2.214,2.210,2.206,2.201,2.197,2.190,2.181,2.173,2.166,2.162,2.157,2.152,2.146,2.139,2.129,2.117,2.113,2.105,2.101,2.093,2.089,2.083,2.079,2.074,2.070,2.065,2.061,2.055,2.051,2.047,2.044,2.040,2.035,2.027,2.024,2.017,2.012,2.004,1.995,1.986,1.979,1.969,1.962,1.952,1.940,1.926,1.906,1.919,1.893,3.000,3.000,3.000,3.000,3.000,3.000,3.000,3.000,3.000,0.933,0.932,0.894,0.876,0.864,0.854,0.848,0.843,0.840,0.837,0.836,0.834,0.834,0.834,0.835,0.836,0.839,0.841,0.843,0.846,0.850,0.855,0.858,0.861,0.866,0.871,0.876,0.879,0.878,0.877,0.875,0.874,0.871,0.868,0.865,0.861,0.857,0.853,0.849,0.845,0.842,0.838,0.835,0.832,0.829,0.826,0.824,0.821,0.819,0.816,0.814,0.811,0.808,0.806,0.803,0.801,0.799,0.797,0.795,0.792,0.790,0.788,0.787,0.786,0.786,0.786,0.786,0.787,0.788,0.789,0.790,0.791,0.793,0.795,0.796,0.798,0.800,0.802,0.805,0.807,0.808,0.811,0.813,0.816,0.819,0.822,0.825,0.828,0.831,0.835,0.839,0.844,0.848,0.854,0.861,0.868,0.875,0.884,0.893,0.904,0.921,0.942,0.946,3.000,3.000,3.000,3.000,3.000,3.000,3.000,3.000,1.829,1.840,1.853,1.863,1.839,1.852,1.854,1.857,1.855,1.874,1.870,1.857,3.000,3.000,1.128,1.128,1.113,1.096,1.092,1.092,1.062,3.000,3.000,3.000,3.000,3.000,3.000,3.000,3.000,3.000,3.000,1.478,1.496,1.512,1.498,1.511,1.518,1.522,1.524,1.528,1.528,1.527,1.525,1.525,1.529,1.535,1.540,1.544,1.547,1.550,1.553,1.557,1.562,1.566,1.569,1.572,1.571,1.578,1.579,1.586,1.590,1.596,1.600,1.606,1.619,1.627,1.636,1.649,1.649,1.649,3.000,3.000,3.000,3.000,3.000,3.000,3.000,3.000,3.000,3.000,3.000,3.000,3.000,3.000,3.000,3.000,3.000,3.000,3.000,3.000,3.000,3.000,3.000,3.000,3.000,3.000,3.000,3.000,3.000,3.000,3.000,3.000,3.000,3.000,3.000,3.000,3.000,3.000,3.000,3.000,3.000,3.000,3.000,3.000,3.000,3.000,3.000,3.000,3.000,3.000
3.000,3.000,3.000,3.000,3.000,3.000,3.000,3.000,3.000,3.000,3.000,3.000,3.000,3.000,3.000,3.000,3.000,3.000,3.000,3.000,3.000,3.000,3.000,3.000,3.000,3.000,3.000,3.000,2.231,2.231,2.231,2.217,2.212,2.207,2.202,2.198,2.188,2.181,2.173,2.168,2.163,2.159,2.153,2.147,2.140,2.132,2.117,2.114,2.106,2.101,2.094,2.089,2.083,2.079,2.074,2.070,2.066,2.061,2.055,2.051,2.047,2.044,2.040,2.035,2.026,2.023,2.016,2.011,2.003,1.996,1.986,1.980,1.971,1.963,1.950,1.934,1.916,1.926,1.906,3.000,3.000,3.000,3.000,3.000,3.000,3.000,3.000,3.000,3.000,0.932,0.925,0.892,0.874,0.861,0.851,0.845,0.839,0.836,0.834,0.832,0.831,0.830,0.830,0.831,0.833,0.835,0.837,0.839,0.843,0.846,0.850,0.853,0.857,0.861,0.866,0.871,0.874,0.874,0.873,0.871,0.870,0.867,0.864,0.861,0.858,0.854,0.850,0.847,0.843,0.839,0.836,0.833,0.830,0.827,0.825,0.823,0.821,0.818,0.816,0.813,0.811,0.808,0.806,0.804,0.802,0.800,0.797,0.795,0.793,0.791,0.789,0.787,0.787,0.786,0.787,0.787,0.787,0.788,0.789,0.790,0.791,0.793,0.794,0.796,0.798,0.800,0.802,0.804,0.806,0.808,0.810,0.812,0.815,0.818,0.821,0.824,0.827,0.830,0.834,0.839,0.843,0.847,0.853,0.859,0.867,0.874,0.882,0.891,0.902,0.916,0.936,0.968,0.968,3.000,3.000,3.000,3.000,1.803,1.820,1.832,1.846,1.829,1.840,1.853,1.863,1.871,1.874,1.878,1.874,1.870,1.857,1.882,1.876,3.000,3.000,1.113,1.113,1.092,1.074,1.062,1.062,1.011,0.997,3.000,3.000,3.000,3.000,3.000,3.000,3.000,3.000,3.000,3.000,1.498,1.492,1.508,1.516,1.521,1.523,1.526,1.527,1.525,1.522,1.521,1.525,1.530,1.536,1.539,1.544,1.547,1.551,1.555,1.560,1.565,1.567,1.570,1.568,1.575,1.576,1.583,1.587,1.594,1.606,1.606,1.606,3.000,3.000,3.000,3.000,3.000,3.000,3.000,3.000,3.000,3.000,3.000,3.000,3.000,3.000,3.000,3.000,3.000,3.000,3.000,3.000,3.000,3.000,3.000,3.000,3.000,3.000,3.000,3.000,3.000,3.000,3.000,3.000,3.000,3.000,3.000,3.000,3.000,3.000,3.000,3.000,3.000,3.000,3.000,3.000,3.000,3.000,3.000,3.000,3.000,3.000,3.000,3.000,3.000,3.000,3.000
3.000,3.000,3.000,3.000,3.000,3.000,3.000,3.000,3.000,3.000,3.000,3.000,3.000,3.000,3.000,3.000,3.000,3.000,3.000,3.000,3.000,3.000,3.000,3.000,3.000,3.000,3.000,3.000,3.000,3.000,2.217,2.217,2.217,2.212,2.202,2.198,2.186,2.181,2.173,2.168,2.164,2.160,2.155,2.148,2.141,2.133,2.117,2.114,2.106,2.101,2.093,2.088,2.082,2.078,2.074,2.071,2.066,2.062,2.055,2.051,2.047,2.044,2.039,2.035,2.027,2.024,2.017,2.012,2.004,1.996,1.987,1.980,1.970,1.961,1.946,1.927,1.904,1.916,3.000,3.000,3.000,3.000,3.000,3.000,3.000,3.000,3.000,3.000,3.000,0.925,0.923,0.892,0.873,0.859,0.849,0.843,0.838,0.834,0.831,0.830,0.829,0.828,0.828,0.829,0.830,0.832,0.834,0.836,0.839,0.843,0.847,0.849,0.853,0.856,0.861,0.867,0.869,0.869,0.869,0.867,0.866,0.863,0.861,0.858,0.854,0.851,0.847,0.844,0.840,0.837,0.834,0.832,0.829,0.826,0.824,0.822,0.820,0.817,0.815,0.813,0.810,0.808,0.806,0.804,0.802,0.800,0.798,0.796,0.794,0.791,0.790,0.788,0.787,0.787,0.787,0.787,0.788,0.788,0.789,0.790,0.791,0.793,0.794,0.796,0.797,0.799,0.801,0.803,0.805,0.807,0.809,0.811,0.814,0.817,0.820,0.823,0.826,0.830,0.834,0.839,0.843,0.848,0.853,0.859,0.867,0.874,0.882,0.890,0.901,0.914,0.933,0.968,0.968,3.000,3.000,3.000,1.788,1.812,1.803,1.820,1.832,1.846,1.857,1.869,1.878,1.884,1.887,1.890,1.888,1.890,1.882,1.876,1.894,1.874,3.000,3.000,1.092,1.092,1.068,1.033,1.011,0.997,0.997,0.963,0.944,3.000,3.000,3.000,3.000,3.000,3.000,3.000,3.000,1.492,1.520,1.510,1.520,1.525,1.528,1.531,1.532,1.527,1.523,1.521,1.525,1.529,1.536,1.539,1.545,1.549,1.552,1.557,1.564,1.573,1.577,1.577,1.575,1.576,1.583,1.587,1.594,1.594,1.594,3.000,3.000,3.000,3.000,3.000,3.000,3.000,3.000,3.000,3.000,3.000,3.000,3.000,3.000,3.000,3.000,3.000,3.000,3.000,3.000,3.000,3.000,3.000,3.000,3.000,3.000,3.000,3.000,3.000,3.000,3.000,3.000,3.000,3.000,3.000,3.000,3.000,3.000,3.000,3.000,3.000,3.000,3.000,3.000,3.000,3.000,3.000,3.000,3.000,3.000,3.000,3.000,3.000,3.000,3.000,3.000,3.000
3.000,3.000,3.000,3.000,3.000,3.000,3.000,3.000,3.000,3.000,3.000,3.000,3.000,3.000,3.000,3.000,3.000,3.000,3.000,3.000,3.000,3.000,3.000,3.000,3.000,3.000,3.000,3.000,3.000,3.000,3.000,3.000,3.000,2.202,2.202,2.202,2.187,2.184,2.174,2.169,2.165,2.161,2.157,2.148,2.141,2.132,2.117,2.112,2.106,2.101,2.092,2.087,2.082,2.078,2.075,2.071,2.066,2.061,2.054,2.051,2.047,2.044,2.039,2.034,2.028,2.024,2.017,2.011,2.002,1.994,1.985,1.977,1.967,1.956,1.936,1.917,1.927,1.904,3.000,3.000,3.000,3.000,3.000,3.000,3.000,3.000,3.000,3.000,0.935,0.935,0.918,0.892,0.873,0.858,0.848,0.842,0.837,0.834,0.831,0.829,0.827,0.827,0.826,0.827,0.828,0.830,0.832,0.834,0.837,0.840,0.844,0.846,0.849,0.853,0.857,0.864,0.866,0.867,0.866,0.865,0.863,0.861,0.858,0.855,0.852,0.848,0.845,0.842,0.838,0.836,0.833,0.830,0.827,0.825,0.823,0.821,0.819,0.816,0.814,0.812,0.810,0.808,0.806,0.804,0.802,0.800,0.798,0.796,0.794,0.792,0.790,0.789,0.788,0.788,0.788,0.788,0.788,0.789,0.790,0.791,0.792,0.793,0.794,0.796,0.797,0.799,0.801,0.803,0.805,0.807,0.809,0.812,0.815,0.818,0.821,0.824,0.827,0.830,0.834,0.840,0.844,0.848,0.854,0.860,0.867,0.874,0.882,0.890,0.900,0.913,0.931,0.956,0.968,3.000,3.000,3.000,1.794,1.788,1.812,1.829,1.841,1.854,1.866,1.878,1.885,1.891,1.894,1.898,1.898,1.901,1.899,1.894,1.874,1.895,1.885,3.000,3.000,1.068,1.068,1.068,0.993,0.973,0.963,0.944,0.944,0.915,0.910,0.911,0.921,0.937,0.937,0.937,3.000,3.000,1.520,1.520,1.539,1.540,1.543,1.544,1.543,1.534,1.529,1.524,1.527,1.531,1.536,1.541,1.546,1.550,1.555,1.560,1.573,1.577,1.577,1.577,3.000,3.000,3.000,3.000,3.000,3.000,3.000,3.000,3.000,3.000,3.000,3.000,3.000,3.000,3.000,3.000,3.000,3.000,3.000,3.000,3.000,3.000,3.000,3.000,3.000,3.000,3.000,3.000,3.000,3.000,3.000,3.000,3.000,3.000,3.000,3.000,3.000,3.000,3.000,3.000,3.000,3.000,3.000,3.000,3.000,3.000,3.000,3.000,3.000,3.000,3.000,3.000,3.000,3.000,3.000,3.000,3.000,3.000,3.000,3.000,3.000,3.000,3.000,3.000
3.000,3.000,3.000,3.000,3.000,3.000,3.000,3.000,3.000,3.000,3.000,3.000,3.000,3.000,3.000,3.000,3.000,3.000,3.000,3.000,3.000,3.000,3.000,3.000,3.000,3.000,3.000,3.000,3.000,3.000,3.000,3.000,3.000,3.000,3.000,2.187,2.187,2.187,2.184,2.174,2.169,2.165,2.159,2.147,2.139,2.128,2.114,2.108,2.103,2.097,2.090,2.085,2.081,2.078,2.074,2.070,2.064,2.058,2.051,2.048,2.045,2.042,2.036,2.031,2.025,2.022,2.015,2.008,2.000,1.991,1.981,1.973,1.961,1.950,1.927,1.936,1.917,3.000,3.000,3.000,3.000,3.000,1.060,1.060,1.060,3.000,3.000,0.953,0.953,0.935,0.916,0.895,0.875,0.858,0.848,0.842,0.836,0.833,0.830,0.828,0.826,0.825,0.824,0.825,0.826,0.827,0.829,0.830,0.833,0.837,0.840,0.843,0.845,0.849,0.853,0.860,0.862,0.864,0.863,0.862,0.860,0.858,0.856,0.853,0.849,0.846,0.843,0.840,0.837,0.834,0.832,0.829,0.827,0.824,0.822,0.820,0.818,0.816,0.814,0.812,0.810,0.808,0.805,0.804,0.801,0.800,0.798,0.796,0.794,0.793,0.791,0.790,0.789,0.789,0.789,0.788,0.789,0.789,0.790,0.791,0.792,0.794,0.795,0.796,0.798,0.799,0.801,0.803,0.805,0.807,0.809,0.812,0.815,0.819,0.822,0.824,0.828,0.831,0.835,0.841,0.845,0.850,0.855,0.861,0.868,0.875,0.883,0.890,0.899,0.912,0.930,0.953,0.956,3.000,3.000,3.000,1.797,1.794,1.818,1.834,1.846,1.858,1.871,1.882,1.888,1.894,1.898,1.902,1.903,1.907,1.907,1.904,1.895,1.885,1.894,1.871,3.000,3.000,3.000,0.993,0.987,0.962,0.945,0.921,0.915,0.910,0.910,0.907,0.911,0.921,0.937,0.937,3.000,3.000,1.520,1.539,1.540,1.543,1.544,1.544,1.544,1.543,1.534,1.529,1.531,1.536,1.541,1.546,1.550,1.555,1.560,1.573,1.573,1.573,3.000,3.000,3.000,3.000,3.000,3.000,3.000,3.000,3.000,3.000,3.000,3.000,3.000,3.000,3.000,3.000,3.000,3.000,3.000,3.000,3.000,3.000,3.000,3.000,3.000,3.000,3.000,3.000,3.000,3.000,3.000,3.000,3.000,3.000,3.000,3.000,3.000,3.000,3.000,3.000,3.000,3.000,3.000,3.000,3.000,3.000,3.000,3.000,3.000,3.000,3.000,3.000,3.000,3.000,3.000,3.000,3.000,3.000,3.000,3.000,3.000,3.000,3.000,3.000,3.000,3.000
3.000,3.000,3.000,3.000,3.000,3.000,3.000,3.000,3.000,3.000,3.000,3.000,3.000,3.000,3.000,3.000,3.000,3.000,3.000,3.000,3.000,3.000,3.000,3.000,3.000,3.000,3.000,3.000,3.000,3.000,3.000,3.000,3.000,3.000,3.000,3.000,3.000,3.000,3.000,3.000,3.000,2.159,2.159,2.159,2.132,2.122,2.106,2.100,2.095,2.088,2.084,2.080,2.077,2.074,2.070,2.066,2.059,2.053,2.046,2.043,2.039,2.037,2.032,2.026,2.020,2.018,2.010,2.004,1.995,1.985,1.975,1.966,1.951,1.936,1.950,1.927,3.000,3.000,3.000,3.000,3.000,1.026,1.060,1.060,1.060,0.971,0.971,0.971,0.953,0.933,0.918,0.900,0.880,0.861,0.849,0.842,0.836,0.832,0.829,0.826,0.823,0.822,0.822,0.823,0.823,0.824,0.826,0.827,0.829,0.832,0.835,0.838,0.841,0.845,0.849,0.855,0.859,0.861,0.861,0.860,0.858,0.856,0.854,0.851,0.848,0.845,0.841,0.839,0.836,0.834,0.831,0.828,0.826,0.824,0.821,0.819,0.817,0.816,0.813,0.812,0.809,0.807,0.805,0.803,0.802,0.800,0.798,0.797,0.795,0.793,0.792,0.791,0.790,0.790,0.789,0.789,0.790,0.790,0.791,0.792,0.793,0.794,0.796,0.797,0.799,0.800,0.802,0.804,0.806,0.808,0.810,0.813,0.816,0.820,0.823,0.825,0.828,0.832,0.836,0.842,0.847,0.851,0.857,0.862,0.869,0.876,0.883,0.891,0.899,0.911,0.928,0.950,0.953,3.000,3.000,3.000,1.797,1.797,1.821,1.837,1.849,1.861,1.872,1.884,1.889,1.895,1.899,1.903,1.904,1.909,1.909,1.908,1.901,1.894,1.871,1.884,1.866,3.000,3.000,0.987,0.987,0.960,0.940,0.913,0.906,0.898,0.897,0.895,0.898,0.905,0.922,0.937,0.934,3.000,3.000,1.791,1.791,1.791,1.786,1.772,3.000,3.000,3.000,3.000,3.000,3.000,3.000,3.000,3.000,3.000,3.000,3.000,3.000,3.000,3.000,3.000,3.000,3.000,3.000,3.000,3.000,3.000,3.000,3.000,3.000,3.000,3.000,3.000,3.000,3.000,3.000,3.000,3.000,3.000,3.000,3.000,3.000,3.000,3.000,3.000,3.000,3.000,3.000,3.000,3.000,3.000,3.000,3.000,3.000,3.000,3.000,3.000,3.000,3.000,3.000,3.000,3.000,3.000,3.000,3.000,3.000,3.000,3.000,3.000,3.000,3.000,3.000,3.000,3.000,3.000,3.000,3.000,3.000,3.000,3.000,3.000,3.000,3.000,3.000,3.000
3.000,3.000,3.000,3.000,3.000,3.000,3.000,3.000,3.000,3.000,3.000,3.000,3.000,3.000,3.000,3.000,3.000,3.000,3.000,3.000,3.000,3.000,3.000,3.000,3.000,3.000,3.000,3.000,3.000,3.000,3.000,3.000,3.000,3.000,3.000,3.000,3.000,3.000,3.000,3.000,3.000,3.000,3.000,2.132,2.132,2.115,2.096,2.088,2.081,2.070,2.067,2.065,2.067,2.066,2.063,2.059,2.052,2.047,2.038,2.035,2.032,2.030,2.024,2.019,2.013,2.012,2.004,1.999,1.990,1.980,1.968,1.958,1.940,1.925,1.936,3.000,3.000,3.000,3.000,3.000,1.000,1.026,1.026,1.060,1.060,0.974,0.971,0.960,0.948,0.937,0.928,0.915,0.890,0.864,0.851,0.844,0.837,0.833,0.829,0.825,0.823,0.821,0.821,0.822,0.822,0.823,0.824,0.826,0.828,0.830,0.833,0.835,0.839,0.843,0.846,0.851,0.856,0.859,0.859,0.858,0.857,0.855,0.853,0.850,0.847,0.844,0.841,0.838,0.836,0.833,0.831,0.828,0.826,0.823,0.821,0.819,0.817,0.815,0.813,0.811,0.809,0.807,0.805,0.804,0.802,0.800,0.799,0.798,0.796,0.794,0.793,0.792,0.792,0.792,0.791,0.791,0.792,0.793,0.793,0.794,0.795,0.796,0.797,0.798,0.800,0.801,0.803,0.805,0.807,0.809,0.812,0.815,0.818,0.821,0.824,0.827,0.830,0.833,0.838,0.844,0.849,0.853,0.858,0.863,0.871,0.878,0.885,0.892,0.900,0.911,0.928,0.949,0.950,3.000,3.000,3.000,1.797,1.796,1.820,1.836,1.848,1.861,1.872,1.884,1.890,1.896,1.901,1.904,1.905,1.909,1.910,1.910,1.905,1.899,1.884,1.866,1.869,1.842,3.000,3.000,0.960,0.960,0.939,0.908,0.900,0.893,0.891,0.888,0.891,0.897,0.912,0.934,0.934,3.000,3.000,1.801,1.791,1.786,1.772,1.787,1.770,3.000,3.000,3.000,3.000,3.000,3.000,3.000,3.000,3.000,3.000,3.000,3.000,3.000,3.000,3.000,3.000,3.000,3.000,3.000,3.000,3.000,3.000,3.000,3.000,3.000,3.000,3.000,3.000,3.000,3.000,3.000,3.000,3.000,3.000,3.000,3.000,3.000,3.000,3.000,3.000,3.000,3.000,3.000,3.000,3.000,3.000,3.000,3.000,3.000,3.000,3.000,3.000,3.000,3.000,3.000,3.000,3.000,3.000,3.000,3.000,3.000,3.000,3.000,3.000,3.000,3.000,3.000,3.000,3.000,3.000,3.000,3.000,3.000,3.000,3.000,3.000,3.000,3.000,3.000
3.000,3.000,3.000,3.000,3.000,3.000,3.000,3.000,3.000,3.000,3.000,3.000,3.000,3.000,3.000,3.000,3.000,3.000,3.000,3.000,3.000,3.000,3.000,3.000,3.000,3.000,3.000,3.000,3.000,3.000,3.000,3.000,3.000,3.000,3.000,3.000,3.000,3.000,3.000,3.000,3.000,3.000,3.000,3.000,2.115,2.115,2.115,2.055,2.046,2.046,2.045,2.046,2.046,2.046,2.045,2.044,2.039,2.035,2.025,2.024,2.019,2.020,2.012,2.007,2.001,2.000,1.995,1.991,1.982,1.972,1.960,1.946,1.928,1.905,1.925,3.000,3.000,3.000,3.000,3.000,1.000,1.000,1.026,1.026,0.974,0.968,0.953,0.951,0.949,0.946,0.946,0.928,0.915,0.869,0.854,0.846,0.839,0.834,0.830,0.826,0.824,0.822,0.822,0.823,0.823,0.824,0.824,0.826,0.827,0.829,0.832,0.834,0.837,0.841,0.844,0.849,0.854,0.857,0.858,0.858,0.857,0.855,0.853,0.850,0.847,0.844,0.841,0.839,0.836,0.834,0.831,0.829,0.826,0.824,0.821,0.819,0.817,0.815,0.813,0.811,0.809,0.808,0.806,0.805,0.803,0.801,0.800,0.799,0.797,0.796,0.795,0.794,0.794,0.794,0.793,0.794,0.794,0.795,0.795,0.796,0.797,0.798,0.799,0.800,0.801,0.803,0.805,0.807,0.809,0.811,0.814,0.817,0.820,0.823,0.826,0.829,0.832,0.835,0.840,0.846,0.851,0.856,0.860,0.865,0.872,0.878,0.886,0.893,0.901,0.911,0.929,0.947,0.949,3.000,3.000,3.000,1.796,1.789,1.814,1.830,1.844,1.858,1.870,1.881,1.887,1.894,1.898,1.901,1.902,1.906,1.907,1.907,1.902,1.897,1.883,1.869,1.842,1.842,3.000,3.000,3.000,0.942,0.942,0.911,0.902,0.893,0.890,0.886,0.887,0.892,0.902,0.926,0.934,3.000,3.000,1.801,1.801,1.798,1.787,1.770,1.770,3.000,3.000,3.000,3.000,3.000,3.000,3.000,3.000,3.000,3.000,3.000,3.000,3.000,3.000,3.000,3.000,3.000,3.000,3.000,3.000,3.000,3.000,3.000,3.000,3.000,3.000,3.000,3.000,3.000,3.000,3.000,3.000,3.000,3.000,3.000,3.000,3.000,3.000,3.000,3.000,3.000,3.000,3.000,3.000,3.000,3.000,3.000,3.000,3.000,3.000,3.000,3.000,3.000,3.000,3.000,3.000,3.000,3.000,3.000,3.000,3.000,3.000,3.000,3.000,3.000,3.000,3.000,3.000,3.000,3.000,3.000,3.000,3.000,3.000,3.000,3.000,3.000,3.000,3.000
3.000,3.000,3.000,3.000,3.000,3.000,3.000,3.000,3.000,3.000,3.000,3.000,3.000,3.000,3.000,3.000,3.000,3.000,3.000,3.000,3.000,3.000,3.000,3.000,3.000,3.000,3.000,3.000,3.000,3.000,3.000,3.000,3.000,3.000,3.000,3.000,3.000,3.000,3.000,3.000,3.000,3.000,3.000,3.000,3.000,3.000,2.055,2.025,2.016,2.018,2.017,2.026,2.024,2.026,2.027,2.025,2.016,2.011,2.004,2.001,1.999,2.001,1.997,1.992,1.988,1.988,1.979,1.980,1.972,1.962,1.950,1.932,1.913,1.928,1.905,3.000,3.000,3.000,3.000,3.000,1.000,1.000,1.000,0.974,0.974,0.943,0.942,0.949,0.951,0.949,0.946,3.000,0.869,0.870,0.860,0.850,0.842,0.836,0.832,0.828,0.825,0.824,0.822,0.823,0.823,0.824,0.824,0.826,0.827,0.829,0.831,0.833,0.836,0.839,0.843,0.847,0.852,0.856,0.858,0.858,0.857,0.855,0.853,0.851,0.848,0.845,0.842,0.839,0.837,0.835,0.832,0.830,0.827,0.825,0.822,0.820,0.818,0.815,0.813,0.812,0.810,0.808,0.807,0.806,0.804,0.803,0.802,0.801,0.799,0.798,0.797,0.797,0.796,0.796,0.796,0.796,0.796,0.797,0.798,0.798,0.799,0.801,0.802,0.803,0.804,0.806,0.807,0.809,0.811,0.814,0.816,0.819,0.823,0.827,0.830,0.832,0.835,0.838,0.843,0.849,0.854,0.857,0.861,0.866,0.872,0.878,0.885,0.891,0.899,0.909,0.926,0.944,0.963,0.963,3.000,3.000,1.789,1.814,1.804,1.820,1.836,1.851,1.861,1.874,1.879,1.885,1.890,1.893,1.894,1.898,1.898,1.897,1.894,1.888,1.874,1.861,1.835,1.842,3.000,3.000,3.000,0.942,0.942,0.915,0.906,0.895,0.892,0.886,0.886,0.889,0.898,0.926,0.926,3.000,3.000,1.801,1.801,1.801,1.798,1.787,1.770,3.000,3.000,3.000,3.000,3.000,3.000,3.000,3.000,3.000,3.000,3.000,3.000,3.000,3.000,3.000,3.000,3.000,3.000,3.000,3.000,3.000,3.000,3.000,3.000,3.000,3.000,3.000,3.000,3.000,3.000,3.000,3.000,3.000,3.000,3.000,3.000,3.000,3.000,3.000,3.000,3.000,3.000,3.000,3.000,3.000,3.000,3.000,3.000,3.000,3.000,3.000,3.000,3.000,3.000,3.000,3.000,3.000,3.000,3.000,3.000,3.000,3.000,3.000,3.000,3.000,3.000,3.000,3.000,3.000,3.000,3.000,3.000,3.000,3.000,3.000,3.000,3.000,3.000,3.000
3.000,3.000,3.000,3.000,3.000,3.000,3.000,3.000,3.000,3.000,3.000,3.000,3.000,3.000,3.000,3.000,3.000,3.000,3.000,3.000,3.000,3.000,3.000,3.000,3.000,3.000,3.000,3.000,3.000,3.000,3.000,3.000,3.000,3.000,3.000,3.000,3.000,3.000,3.000,3.000,3.000,3.000,3.000,3.000,3.000,3.000,2.025,2.025,1.999,1.999,1.998,1.999,1.995,1.993,1.990,1.973,1.966,1.975,1.973,1.970,1.967,1.966,1.968,1.974,1.970,1.972,1.962,1.962,1.957,1.949,1.936,1.916,1.896,1.913,3.000,3.000,3.000,0.881,0.881,0.881,0.873,0.870,0.870,0.898,0.898,0.922,0.927,0.944,0.949,3.000,3.000,3.000,3.000,0.880,0.870,0.857,0.847,0.841,0.837,0.831,0.827,0.825,0.823,0.823,0.822,0.822,0.823,0.824,0.825,0.827,0.829,0.831,0.834,0.838,0.841,0.845,0.850,0.855,0.858,0.859,0.858,0.856,0.854,0.852,0.849,0.847,0.844,0.841,0.839,0.837,0.834,0.831,0.829,0.826,0.823,0.821,0.819,0.817,0.814,0.813,0.811,0.810,0.808,0.807,0.806,0.805,0.804,0.803,0.802,0.800,0.799,0.799,0.799,0.798,0.798,0.798,0.799,0.799,0.800,0.801,0.802,0.803,0.804,0.805,0.807,0.808,0.810,0.812,0.814,0.816,0.819,0.823,0.827,0.831,0.834,0.836,0.839,0.842,0.846,0.851,0.855,0.858,0.862,0.866,0.871,0.877,0.883,0.890,0.897,0.906,0.920,0.939,0.963,0.963,3.000,3.000,3.000,1.804,1.820,1.804,1.822,1.837,1.847,1.858,1.863,1.867,1.873,1.875,1.876,1.881,1.881,1.879,1.874,1.869,1.852,1.836,1.810,1.835,3.000,3.000,3.000,3.000,0.953,0.926,0.915,0.904,0.900,0.887,0.884,0.885,0.898,0.898,3.000,3.000,3.000,3.000,3.000,3.000,3.000,3.000,3.000,3.000,3.000,3.000,3.000,3.000,3.000,3.000,3.000,3.000,3.000,3.000,3.000,3.000,3.000,3.000,3.000,3.000,3.000,3.000,3.000,3.000,3.000,3.000,3.000,3.000,3.000,3.000,3.000,3.000,3.000,3.000,3.000,3.000,3.000,3.000,3.000,3.000,3.000,3.000,3.000,3.000,3.000,3.000,3.000,3.000,3.000,3.000,3.000,3.000,3.000,3.000,3.000,3.000,3.000,3.000,3.000,3.000,3.000,3.000,3.000,3.000,3.000,3.000,3.000,3.000,3.000,3.000,3.000,3.000,3.000,3.000,3.000,3.000,3.000,3.000,3.000,3.000,3.000,3.000
3.000,3.000,3.000,3.000,3.000,3.000,3.000,3.000,3.000,3.000,3.000,3.000,3.000,3.000,3.000,3.000,3.000,3.000,3.000,3.000,3.000,3.000,3.000,3.000,3.000,3.000,3.000,3.000,3.000,3.000,3.000,3.000,3.000,3.000,3.000,3.000,3.000,3.000,3.000,3.000,3.000,3.000,3.000,3.000,3.000,3.000,3.000,1.999,1.999,1.990,1.988,1.988,1.983,1.974,1.969,1.953,1.946,1.942,1.942,1.945,1.939,1.934,1.932,1.930,1.938,1.944,1.935,1.931,1.934,1.926,1.909,1.894,1.916,1.896,3.000,3.000,0.885,0.885,0.881,0.873,0.870,0.869,0.868,0.870,0.877,0.889,0.907,0.940,0.944,3.000,3.000,3.000,3.000,0.880,0.880,0.866,0.855,0.847,0.842,0.836,0.831,0.827,0.824,0.823,0.821,0.821,0.821,0.822,0.824,0.825,0.827,0.829,0.832,0.836,0.839,0.843,0.849,0.854,0.858,0.860,0.860,0.859,0.856,0.855,0.853,0.850,0.848,0.845,0.842,0.840,0.837,0.834,0.831,0.828,0.825,0.822,0.820,0.818,0.816,0.815,0.813,0.812,0.811,0.810,0.809,0.807,0.806,0.805,0.804,0.803,0.802,0.802,0.802,0.801,0.801,0.801,0.801,0.802,0.802,0.803,0.804,0.805,0.807,0.808,0.809,0.812,0.814,0.816,0.818,0.820,0.823,0.827,0.831,0.834,0.837,0.838,0.841,0.843,0.848,0.852,0.856,0.859,0.862,0.866,0.871,0.876,0.882,0.888,0.895,0.904,0.916,0.932,0.957,0.963,3.000,3.000,3.000,3.000,1.804,1.822,1.837,1.847,1.858,1.863,1.867,1.873,1.875,1.876,1.881,1.881,1.881,1.881,1.879,1.874,1.812,1.802,1.790,1.810,1.754,3.000,3.000,3.000,0.967,0.953,0.942,0.927,0.927,0.900,0.887,0.885,0.885,3.000,3.000,3.000,3.000,3.000,3.000,3.000,3.000,3.000,3.000,3.000,3.000,3.000,3.000,3.000,3.000,3.000,3.000,3.000,3.000,3.000,3.000,3.000,3.000,3.000,3.000,3.000,3.000,3.000,3.000,3.000,3.000,3.000,3.000,3.000,3.000,3.000,3.000,3.000,3.000,3.000,3.000,3.000,3.000,3.000,3.000,3.000,3.000,3.000,3.000,3.000,3.000,3.000,3.000,3.000,3.000,3.000,3.000,3.000,3.000,3.000,3.000,3.000,3.000,3.000,3.000,3.000,3.000,3.000,3.000,3.000,3.000,3.000,3.000,3.000,3.000,3.000,3.000,3.000,3.000,3.000,3.000,3.000,3.000,3.000,3.000,3.000,3.000,3.000
3.000,3.000,3.000,3.000,3.000,3.000,3.000,3.000,3.000,3.000,3.000,3.000,3.000,3.000,3.000,3.000,3.000,3.000,3.000,3.000,3.000,3.000,3.000,3.000,3.000,3.000,3.000,3.000,3.000,3.000,3.000,3.000,3.000,3.000,3.000,3.000,3.000,3.000,3.000,3.000,3.000,3.000,3.000,3.000,3.000,3.000,3.000,3.000,1.990,1.990,1.990,1.988,1.988,1.967,1.960,1.943,1.934,1.930,1.927,1.927,1.923,1.917,1.913,1.907,1.907,1.907,1.895,1.883,1.890,1.883,1.875,1.909,1.894,1.810,3.000,3.000,0.885,0.885,0.871,0.864,0.861,0.859,0.857,0.860,0.868,0.878,0.894,0.940,0.940,1.441,1.447,1.447,1.447,0.880,0.892,0.877,0.864,0.854,0.848,0.840,0.835,0.830,0.825,0.823,0.821,0.820,0.820,0.821,0.822,0.824,0.825,0.828,0.830,0.834,0.837,0.842,0.846,0.853,0.858,0.860,0.861,0.860,0.858,0.857,0.855,0.853,0.851,0.848,0.845,0.843,0.840,0.836,0.833,0.830,0.827,0.825,0.823,0.820,0.818,0.817,0.816,0.815,0.814,0.813,0.812,0.811,0.810,0.808,0.807,0.806,0.805,0.805,0.805,0.805,0.804,0.804,0.804,0.805,0.805,0.806,0.807,0.808,0.810,0.812,0.814,0.816,0.818,0.820,0.821,0.823,0.825,0.829,0.833,0.836,0.838,0.839,0.841,0.844,0.848,0.852,0.855,0.858,0.862,0.866,0.870,0.875,0.880,0.886,0.893,0.901,0.913,0.926,0.946,0.957,0.951,3.000,3.000,3.000,3.000,3.000,3.000,3.000,3.000,3.000,3.000,3.000,3.000,1.741,1.748,1.753,1.760,1.772,1.794,1.794,1.788,1.781,1.772,1.754,1.754,3.000,3.000,3.000,0.983,0.967,0.956,0.970,0.927,3.000,3.000,3.000,3.000,3.000,3.000,3.000,3.000,3.000,3.000,3.000,3.000,3.000,3.000,3.000,3.000,3.000,3.000,3.000,3.000,3.000,3.000,3.000,3.000,3.000,3.000,3.000,3.000,3.000,3.000,3.000,3.000,3.000,3.000,3.000,3.000,3.000,3.000,3.000,3.000,3.000,3.000,3.000,3.000,3.000,3.000,3.000,3.000,3.000,3.000,3.000,3.000,3.000,3.000,3.000,3.000,3.000,3.000,3.000,3.000,3.000,3.000,3.000,3.000,3.000,3.000,3.000,3.000,3.000,3.000,3.000,3.000,3.000,3.000,3.000,3.000,3.000,3.000,3.000,3.000,3.000,3.000,3.000,3.000,3.000,3.000,3.000,3.000,3.000,3.000,3.000,3.000,3.000
3.000,3.000,3.000,3.000,3.000,3.000,3.000,3.000,3.000,3.000,3.000,3.000,3.000,3.000,3.000,3.000,3.000,3.000,3.000,3.000,3.000,3.000,3.000,3.000,3.000,3.000,3.000,3.000,3.000,3.000,3.000,3.000,3.000,3.000,3.000,3.000,3.000,3.000,3.000,3.000,3.000,3.000,3.000,3.000,3.000,3.000,3.000,3.000,3.000,3.000,3.000,3.000,1.967,1.967,1.959,1.938,1.928,1.923,1.917,1.916,1.906,1.901,1.897,1.891,1.889,1.885,1.871,1.864,1.863,1.864,1.847,1.827,1.810,1.810,3.000,3.000,0.886,0.881,0.866,0.859,0.855,0.853,0.850,0.854,0.862,0.873,0.889,0.894,3.000,1.462,1.441,1.447,1.468,3.000,0.892,0.892,0.876,0.862,0.854,0.845,0.838,0.832,0.826,0.824,0.821,0.819,0.818,0.819,0.820,0.821,0.823,0.826,0.828,0.831,0.835,0.839,0.844,0.851,0.857,0.859,0.860,0.860,0.859,0.858,0.856,0.855,0.853,0.851,0.849,0.846,0.843,0.840,0.837,0.833,0.830,0.828,0.826,0.824,0.822,0.821,0.820,0.819,0.818,0.817,0.816,0.816,0.814,0.813,0.812,0.810,0.810,0.810,0.810,0.809,0.809,0.808,0.808,0.808,0.808,0.810,0.810,0.812,0.813,0.815,0.816,0.818,0.820,0.821,0.822,0.824,0.826,0.829,0.833,0.835,0.837,0.839,0.841,0.844,0.848,0.852,0.855,0.857,0.861,0.865,0.869,0.874,0.878,0.884,0.890,0.898,0.908,0.919,0.933,0.951,0.961,0.961,3.000,3.000,3.000,3.000,3.000,3.000,3.000,3.000,3.000,3.000,3.000,1.741,1.741,1.748,1.753,1.760,1.772,1.776,1.773,1.769,1.761,1.744,1.754,3.000,3.000,3.000,0.985,0.983,0.970,0.972,3.000,3.000,3.000,3.000,3.000,3.000,3.000,3.000,3.000,3.000,3.000,3.000,3.000,3.000,3.000,3.000,3.000,3.000,3.000,3.000,3.000,3.000,3.000,3.000,3.000,3.000,3.000,3.000,3.000,3.000,3.000,3.000,3.000,3.000,3.000,3.000,3.000,3.000,3.000,3.000,3.000,3.000,3.000,3.000,3.000,3.000,3.000,3.000,3.000,3.000,3.000,3.000,3.000,3.000,3.000,3.000,3.000,3.000,3.000,3.000,3.000,3.000,3.000,3.000,3.000,3.000,3.000,3.000,3.000,3.000,3.000,3.000,3.000,3.000,3.000,3.000,3.000,3.000,3.000,3.000,3.000,3.000,3.000,3.000,3.000,3.000,3.000,3.000,3.000,3.000,3.000,3.000,3.000,3.000
3.000,3.000,3.000,3.000,3.000,3.000,3.000,3.000,3.000,3.000,3.000,3.000,3.000,3.000,3.000,3.000,3.000,3.000,3.000,3.000,3.000,3.000,3.000,3.000,3.000,3.000,3.000,3.000,3.000,3.000,3.000,3.000,3.000,3.000,3.000,3.000,3.000,3.000,3.000,3.000,3.000,3.000,3.000,3.000,3.000,3.000,3.000,3.000,3.000,3.000,3.000,3.000,3.000,1.959,1.959,1.959,1.938,1.928,1.923,1.902,1.895,1.891,1.886,1.879,1.875,1.870,1.854,1.847,1.846,1.841,1.826,1.814,1.799,1.810,3.000,3.000,0.886,0.886,0.868,0.860,0.855,0.852,0.849,0.852,0.863,0.875,0.889,0.889,3.000,1.478,1.462,1.468,1.486,3.000,0.892,0.892,0.891,0.873,0.863,0.849,0.841,0.834,0.827,0.824,0.821,0.819,0.818,0.818,0.818,0.820,0.821,0.824,0.826,0.829,0.832,0.836,0.841,0.846,0.853,0.856,0.858,0.858,0.857,0.857,0.856,0.855,0.854,0.852,0.851,0.848,0.846,0.843,0.840,0.837,0.835,0.833,0.831,0.829,0.828,0.827,0.826,0.825,0.824,0.824,0.823,0.823,0.822,0.821,0.820,0.819,0.818,0.818,0.819,0.818,0.817,0.816,0.815,0.815,0.814,0.815,0.815,0.816,0.816,0.817,0.818,0.819,0.821,0.822,0.823,0.824,0.826,0.829,0.832,0.835,0.837,0.839,0.841,0.844,0.848,0.851,0.854,0.857,0.860,0.863,0.867,0.872,0.876,0.881,0.886,0.893,0.901,0.912,0.923,0.937,0.961,0.961,0.935,3.000,3.000,3.000,3.000,3.000,3.000,3.000,3.000,3.000,3.000,1.741,1.748,1.725,1.732,1.740,1.752,1.762,1.761,1.758,1.752,1.732,1.744,3.000,3.000,3.000,0.989,0.985,0.972,0.972,3.000,3.000,3.000,3.000,3.000,3.000,3.000,3.000,3.000,3.000,3.000,3.000,3.000,3.000,3.000,3.000,3.000,3.000,3.000,3.000,3.000,3.000,3.000,3.000,3.000,3.000,3.000,3.000,3.000,3.000,3.000,3.000,3.000,3.000,3.000,3.000,3.000,3.000,3.000,3.000,3.000,3.000,3.000,3.000,3.000,3.000,3.000,3.000,3.000,3.000,3.000,3.000,3.000,3.000,3.000,3.000,3.000,3.000,3.000,3.000,3.000,3.000,3.000,3.000,3.000,3.000,3.000,3.000,3.000,3.000,3.000,3.000,3.000,3.000,3.000,3.000,3.000,3.000,3.000,3.000,3.000,3.000,3.000,3.000,3.000,3.000,3.000,3.000,3.000,3.000,3.000,3.000,3.000,3.000
3.000,3.000,3.000,3.000,3.000,3.000,3.000,3.000,3.000,3.000,3.000,3.000,3.000,3.000,3.000,3.000,3.000,3.000,3.000,3.000,3.000,3.000,3.000,3.000,3.000,3.000,3.000,3.000,3.000,3.000,3.000,3.000,3.000,3.000,3.000,3.000,3.000,3.000,3.000,3.000,3.000,3.000,3.000,3.000,3.000,3.000,3.000,3.000,3.000,3.000,3.000,3.000,3.000,3.000,3.000,3.000,3.000,3.000,1.902,1.902,1.902,1.895,1.891,1.867,1.855,1.845,1.832,1.827,1.825,1.820,1.810,1.801,1.789,1.799,1.750,3.000,0.886,0.886,0.869,0.862,0.857,0.854,0.850,0.854,0.868,0.881,0.893,3.000,3.000,1.503,1.478,1.486,1.505,1.500,3.000,0.891,0.891,0.887,0.873,0.855,0.845,0.837,0.829,0.825,0.821,0.819,0.817,0.817,0.818,0.818,0.820,0.822,0.824,0.827,0.830,0.833,0.836,0.841,0.849,0.853,0.854,0.855,0.855,0.855,0.855,0.854,0.853,0.852,0.851,0.849,0.847,0.845,0.841,0.838,0.836,0.834,0.832,0.831,0.829,0.828,0.827,0.827,0.826,0.826,0.825,0.825,0.824,0.823,0.822,0.820,0.820,0.819,0.820,0.820,0.819,0.818,0.816,0.816,0.816,0.817,0.817,0.817,0.817,0.817,0.817,0.819,0.820,0.821,0.822,0.823,0.825,0.828,0.831,0.834,0.836,0.838,0.841,0.843,0.847,0.850,0.853,0.855,0.858,0.861,0.865,0.869,0.872,0.876,0.881,0.886,0.893,0.901,0.909,0.918,0.928,0.935,0.935,0.923,0.923,3.000,3.000,3.000,3.000,3.000,3.000,3.000,3.000,3.000,1.725,1.702,1.712,1.721,1.735,1.746,1.747,1.744,1.734,1.752,1.732,3.000,3.000,3.000,0.999,0.989,0.999,0.972,3.000,3.000,3.000,3.000,3.000,3.000,3.000,3.000,3.000,3.000,3.000,3.000,3.000,3.000,3.000,3.000,3.000,3.000,3.000,3.000,3.000,3.000,3.000,3.000,3.000,3.000,3.000,3.000,3.000,3.000,3.000,3.000,3.000,3.000,3.000,3.000,3.000,3.000,3.000,3.000,3.000,3.000,3.000,3.000,3.000,3.000,3.000,3.000,3.000,3.000,3.000,3.000,3.000,3.000,3.000,3.000,3.000,3.000,3.000,3.000,3.000,3.000,3.000,3.000,3.000,3.000,3.000,3.000,3.000,3.000,3.000,3.000,3.000,3.000,3.000,3.000,3.000,3.000,3.000,3.000,3.000,3.000,3.000,3.000,3.000,3.000,3.000,3.000,3.000,3.000,3.000,3.000,3.000,3.000
3.000,3.000,3.000,3.000,3.000,3.000,3.000,3.000,3.000,3.000,3.000,3.000,3.000,3.000,3.000,3.000,3.000,3.000,3.000,3.000,3.000,3.000,3.000,3.000,3.000,3.000,3.000,3.000,3.000,3.000,3.000,3.000,3.000,3.000,3.000,3.000,3.000,3.000,3.000,3.000,3.000,3.000,3.000,3.000,3.000,3.000,3.000,3.000,3.000,3.000,3.000,3.000,3.000,3.000,3.000,3.000,3.000,3.000,3.000,3.000,3.000,3.000,1.867,1.867,1.840,1.833,1.817,1.813,1.810,1.801,1.794,1.789,1.779,1.750,1.750,3.000,3.000,0.869,0.869,0.868,0.864,0.860,0.854,0.860,0.878,0.893,0.893,3.000,3.000,1.519,1.503,1.505,1.500,1.526,3.000,3.000,0.887,0.887,0.886,0.863,0.849,0.840,0.831,0.826,0.820,0.818,0.816,0.816,0.816,0.817,0.818,0.819,0.821,0.824,0.826,0.829,0.832,0.836,0.843,0.849,0.851,0.853,0.853,0.853,0.853,0.852,0.851,0.850,0.849,0.848,0.846,0.843,0.840,0.837,0.835,0.832,0.831,0.829,0.828,0.826,0.824,0.824,0.825,0.824,0.824,0.824,0.823,0.822,0.821,0.819,0.818,0.817,0.818,0.818,0.818,0.817,0.816,0.816,0.816,0.816,0.816,0.817,0.817,0.817,0.817,0.818,0.820,0.821,0.822,0.823,0.825,0.828,0.831,0.833,0.835,0.837,0.839,0.842,0.846,0.849,0.851,0.853,0.856,0.859,0.862,0.865,0.868,0.872,0.875,0.879,0.884,0.889,0.896,0.903,0.908,0.912,0.917,0.923,0.923,0.925,0.939,0.948,0.948,0.948,3.000,3.000,3.000,3.000,1.702,1.712,1.690,1.699,1.714,1.718,1.725,1.717,1.710,1.734,1.653,3.000,3.000,3.000,1.005,0.999,1.005,3.000,3.000,3.000,3.000,3.000,3.000,3.000,3.000,3.000,3.000,3.000,3.000,3.000,3.000,3.000,3.000,3.000,3.000,3.000,3.000,3.000,3.000,3.000,3.000,3.000,3.000,3.000,3.000,3.000,3.000,3.000,3.000,3.000,3.000,3.000,3.000,3.000,3.000,3.000,3.000,3.000,3.000,3.000,3.000,3.000,3.000,3.000,3.000,3.000,3.000,3.000,3.000,3.000,3.000,3.000,3.000,3.000,3.000,3.000,3.000,3.000,3.000,3.000,3.000,3.000,3.000,3.000,3.000,3.000,3.000,3.000,3.000,3.000,3.000,3.000,3.000,3.000,3.000,3.000,3.000,3.000,3.000,3.000,3.000,3.000,3.000,3.000,3.000,3.000,3.000,3.000,3.000,3.000,3.000,3.000
3.000,3.000,3.000,3.000,3.000,3.000,3.000,3.000,3.000,3.000,3.000,3.000,3.000,3.000,3.000,3.000,3.000,3.000,3.000,3.000,3.000,3.000,3.000,3.000,3.000,3.000,3.000,3.000,3.000,3.000,3.000,3.000,3.000,3.000,3.000,3.000,3.000,3.000,3.000,3.000,3.000,3.000,3.000,3.000,3.000,3.000,3.000,3.000,3.000,3.000,3.000,3.000,3.000,3.000,3.000,3.000,3.000,3.000,3.000,3.000,3.000,3.000,3.000,1.840,1.828,1.824,1.808,1.802,1.797,1.793,1.787,1.783,1.773,1.747,1.750,1.726,3.000,3.000,0.868,0.893,0.893,0.893,0.860,0.908,0.908,0.908,0.893,3.000,3.000,1.531,1.519,1.525,1.526,1.539,1.522,3.000,3.000,0.886,0.886,0.872,0.855,0.843,0.834,0.827,0.821,0.818,0.816,0.815,0.814,0.814,0.814,0.815,0.817,0.820,0.822,0.825,0.828,0.832,0.837,0.844,0.848,0.850,0.851,0.851,0.851,0.851,0.850,0.848,0.847,0.847,0.845,0.841,0.839,0.836,0.833,0.831,0.829,0.827,0.825,0.824,0.822,0.822,0.823,0.822,0.822,0.822,0.821,0.821,0.819,0.818,0.816,0.816,0.816,0.816,0.815,0.815,0.814,0.814,0.814,0.815,0.815,0.816,0.816,0.816,0.817,0.818,0.819,0.820,0.821,0.822,0.824,0.827,0.830,0.832,0.834,0.835,0.837,0.840,0.844,0.846,0.848,0.850,0.853,0.855,0.858,0.861,0.862,0.865,0.868,0.872,0.875,0.880,0.884,0.890,0.895,0.898,0.899,0.904,0.909,0.917,0.925,0.939,0.948,0.948,0.944,3.000,3.000,3.000,3.000,1.690,1.699,1.665,1.685,1.694,1.692,1.681,1.675,1.653,1.653,3.000,3.000,3.000,1.014,1.005,1.014,3.000,3.000,3.000,3.000,3.000,3.000,3.000,3.000,3.000,3.000,3.000,3.000,3.000,3.000,3.000,3.000,3.000,3.000,3.000,3.000,3.000,3.000,3.000,3.000,3.000,3.000,3.000,3.000,3.000,3.000,3.000,3.000,3.000,3.000,3.000,3.000,3.000,3.000,3.000,3.000,3.000,3.000,3.000,3.000,3.000,3.000,3.000,3.000,3.000,3.000,3.000,3.000,3.000,3.000,3.000,3.000,3.000,3.000,3.000,3.000,3.000,3.000,3.000,3.000,3.000,3.000,3.000,3.000,3.000,3.000,3.000,3.000,3.000,3.000,3.000,3.000,3.000,3.000,3.000,3.000,3.000,3.000,3.000,3.000,3.000,3.000,3.000,3.000,3.000,3.000,3.000,3.000,3.000,3.000,3.000
3.000,3.000,3.000,3.000,3.000,3.000,3.000,3.000,3.000,3.000,3.000,3.000,3.000,3.000,3.000,3.000,3.000,3.000,3.000,3.000,3.000,3.000,3.000,3.000,3.000,3.000,3.000,3.000,3.000,3.000,3.000,3.000,3.000,3.000,3.000,3.000,3.000,3.000,3.000,3.000,3.000,3.000,3.000,3.000,3.000,3.000,3.000,3.000,3.000,3.000,3.000,3.000,3.000,3.000,3.000,3.000,3.000,3.000,3.000,3.000,3.000,1.832,1.832,1.832,1.828,1.828,1.824,1.799,1.794,1.791,1.786,1.782,1.767,1.749,1.726,1.728,3.000,3.000,3.000,0.893,0.893,0.893,3.000,0.908,0.908,0.908,3.000,3.000,3.000,1.532,1.531,1.534,1.539,1.522,1.529,3.000,3.000,3.000,0.881,0.881,0.859,0.846,0.836,0.828,0.821,0.817,0.815,0.814,0.812,0.811,0.810,0.811,0.813,0.815,0.818,0.821,0.823,0.827,0.832,0.839,0.843,0.846,0.847,0.848,0.849,0.849,0.848,0.847,0.846,0.845,0.843,0.840,0.838,0.835,0.832,0.830,0.828,0.826,0.824,0.822,0.821,0.821,0.822,0.821,0.821,0.821,0.821,0.820,0.818,0.817,0.815,0.815,0.815,0.815,0.814,0.813,0.813,0.813,0.814,0.814,0.815,0.815,0.816,0.815,0.816,0.817,0.818,0.819,0.820,0.821,0.823,0.826,0.828,0.830,0.832,0.833,0.836,0.838,0.842,0.843,0.844,0.846,0.848,0.850,0.853,0.855,0.857,0.859,0.861,0.864,0.867,0.872,0.875,0.880,0.884,0.886,0.888,0.893,0.897,0.904,0.912,0.921,0.932,0.944,0.951,0.951,3.000,3.000,3.000,3.000,1.665,1.685,1.694,1.694,1.653,1.654,1.651,1.635,1.653,3.000,3.000,3.000,1.017,1.014,1.017,3.000,3.000,3.000,3.000,3.000,3.000,3.000,3.000,3.000,3.000,3.000,3.000,3.000,3.000,3.000,3.000,3.000,3.000,3.000,3.000,3.000,3.000,3.000,3.000,3.000,3.000,3.000,3.000,3.000,3.000,3.000,3.000,3.000,3.000,3.000,3.000,3.000,3.000,3.000,3.000,3.000,3.000,3.000,3.000,3.000,3.000,3.000,3.000,3.000,3.000,3.000,3.000,3.000,3.000,3.000,3.000,3.000,3.000,3.000,3.000,3.000,3.000,3.000,3.000,3.000,3.000,3.000,3.000,3.000,3.000,3.000,3.000,3.000,3.000,3.000,3.000,3.000,3.000,3.000,3.000,3.000,3.000,3.000,3.000,3.000,3.000,3.000,3.000,3.000,3.000,3.000,3.000,3.000,3.000,3.000
3.000,3.000,3.000,3.000,3.000,3.000,3.000,3.000,3.000,3.000,3.000,3.000,3.000,3.000,3.000,3.000,3.000,3.000,3.000,3.000,3.000,3.000,3.000,3.000,3.000,3.000,3.000,3.000,3.000,3.000,3.000,3.000,3.000,3.000,3.000,3.000,3.000,3.000,3.000,3.000,3.000,3.000,3.000,3.000,3.000,3.000,3.000,3.000,3.000,3.000,3.000,3.000,3.000,3.000,3.000,3.000,3.000,3.000,3.000,3.000,1.844,1.844,1.832,1.832,3.000,3.000,1.799,1.796,1.792,1.790,1.784,1.778,1.760,1.747,1.728,1.730,3.000,3.000,3.000,3.000,3.000,3.000,3.000,3.000,1.020,1.020,1.020,3.000,3.000,1.532,1.532,1.535,1.547,1.529,1.529,3.000,3.000,3.000,0.881,0.881,0.862,0.847,0.834,0.826,0.818,0.814,0.811,0.810,0.807,0.805,0.804,0.804,0.806,0.809,0.811,0.814,0.816,0.820,0.824,0.830,0.837,0.841,0.843,0.844,0.845,0.845,0.845,0.844,0.843,0.842,0.840,0.838,0.836,0.833,0.830,0.828,0.826,0.824,0.822,0.821,0.820,0.820,0.820,0.820,0.820,0.820,0.819,0.818,0.817,0.815,0.814,0.813,0.813,0.813,0.812,0.811,0.811,0.812,0.812,0.812,0.812,0.813,0.814,0.813,0.813,0.814,0.815,0.816,0.817,0.819,0.821,0.824,0.826,0.827,0.829,0.830,0.831,0.833,0.837,0.836,0.839,0.840,0.842,0.844,0.847,0.850,0.852,0.854,0.855,0.858,0.860,0.864,0.867,0.872,0.874,0.878,0.881,0.885,0.890,0.896,0.903,0.911,0.921,0.932,0.951,0.951,3.000,3.000,3.000,3.000,3.000,1.610,1.610,1.622,1.615,1.625,1.632,1.622,1.635,3.000,3.000,3.000,1.017,1.017,1.017,3.000,3.000,3.000,3.000,3.000,3.000,3.000,3.000,3.000,3.000,3.000,3.000,3.000,3.000,3.000,3.000,3.000,3.000,3.000,3.000,3.000,3.000,3.000,3.000,3.000,3.000,3.000,3.000,3.000,3.000,3.000,3.000,3.000,3.000,3.000,3.000,3.000,3.000,3.000,3.000,3.000,3.000,3.000,3.000,3.000,3.000,3.000,3.000,3.000,3.000,3.000,3.000,3.000,3.000,3.000,3.000,3.000,3.000,3.000,3.000,3.000,3.000,3.000,3.000,3.000,3.000,3.000,3.000,3.000,3.000,3.000,3.000,3.000,3.000,3.000,3.000,3.000,3.000,3.000,3.000,3.000,3.000,3.000,3.000,3.000,3.000,3.000,3.000,3.000,3.000,3.000,3.000,3.000,3.000,3.000
3.000,3.000,3.000,3.000,3.000,3.000,3.000,3.000,3.000,3.000,3.000,3.000,3.000,3.000,3.000,3.000,3.000,3.000,3.000,3.000,3.000,3.000,3.000,3.000,3.000,3.000,3.000,3.000,3.000,3.000,3.000,3.000,3.000,3.000,3.000,3.000,3.000,3.000,3.000,3.000,3.000,3.000,3.000,3.000,3.000,3.000,3.000,3.000,3.000,3.000,3.000,3.000,3.000,3.000,3.000,3.000,3.000,3.000,3.000,3.000,1.844,1.844,1.844,1.832,1.797,1.798,1.798,1.795,1.793,1.792,1.785,1.770,1.754,1.742,1.730,1.730,3.000,3.000,3.000,3.000,3.000,3.000,3.000,3.000,1.025,1.020,1.025,3.000,1.493,1.532,1.522,1.521,1.534,1.521,1.529,1.469,3.000,3.000,3.000,0.868,0.866,0.847,0.833,0.824,0.815,0.811,0.808,0.806,0.803,0.800,0.799,0.798,0.798,0.799,0.799,0.801,0.805,0.809,0.816,0.823,0.830,0.835,0.837,0.840,0.841,0.841,0.841,0.840,0.839,0.838,0.836,0.835,0.833,0.831,0.827,0.825,0.823,0.822,0.820,0.819,0.818,0.818,0.818,0.818,0.818,0.817,0.817,0.816,0.815,0.813,0.812,0.811,0.811,0.810,0.809,0.809,0.809,0.810,0.810,0.810,0.810,0.810,0.810,0.810,0.810,0.811,0.812,0.813,0.814,0.816,0.818,0.820,0.822,0.823,0.824,0.825,0.826,0.828,0.830,0.831,0.834,0.835,0.838,0.840,0.842,0.845,0.847,0.849,0.851,0.853,0.855,0.859,0.861,0.866,0.869,0.872,0.875,0.879,0.884,0.889,0.896,0.904,0.913,0.923,0.939,0.951,0.947,3.000,3.000,3.000,3.000,1.610,1.622,1.622,1.587,1.600,1.617,1.632,1.622,3.000,3.000,3.000,1.017,1.014,1.017,3.000,3.000,3.000,3.000,3.000,3.000,3.000,3.000,3.000,3.000,3.000,3.000,3.000,3.000,3.000,3.000,3.000,3.000,3.000,3.000,3.000,3.000,3.000,3.000,3.000,3.000,3.000,3.000,3.000,3.000,3.000,3.000,3.000,3.000,3.000,3.000,3.000,3.000,3.000,3.000,3.000,3.000,3.000,3.000,3.000,3.000,3.000,3.000,3.000,3.000,3.000,3.000,3.000,3.000,3.000,3.000,3.000,3.000,3.000,3.000,3.000,3.000,3.000,3.000,3.000,3.000,3.000,3.000,3.000,3.000,3.000,3.000,3.000,3.000,3.000,3.000,3.000,3.000,3.000,3.000,3.000,3.000,3.000,3.000,3.000,3.000,3.000,3.000,3.000,3.000,3.000,3.000,3.000,3.000,3.000
3.000,3.000,3.000,3.000,3.000,3.000,3.000,3.000,3.000,3.000,3.000,3.000,3.000,3.000,3.000,3.000,3.000,3.000,3.000,3.000,3.000,3.000,3.000,3.000,3.000,3.000,3.000,3.000,3.000,3.000,3.000,3.000,3.000,3.000,3.000,3.000,3.000,3.000,3.000,3.000,3.000,3.000,3.000,3.000,3.000,3.000,3.000,3.000,3.000,3.000,3.000,3.000,3.000,3.000,3.000,3.000,3.000,3.000,3.000,3.000,1.844,1.833,1.844,1.817,1.812,1.797,1.798,1.793,1.793,1.790,1.778,1.761,1.747,1.739,1.730,1.731,3.000,3.000,3.000,3.000,3.000,3.000,3.000,3.000,1.025,1.025,1.025,3.000,1.493,1.493,1.505,1.507,1.504,1.495,1.469,1.469,1.436,3.000,3.000,0.868,0.868,0.845,0.830,0.821,0.813,0.808,0.805,0.803,0.800,0.798,0.796,0.795,0.795,0.796,0.796,0.798,0.801,0.804,0.810,0.815,0.822,0.827,0.830,0.833,0.835,0.836,0.836,0.835,0.833,0.832,0.831,0.831,0.829,0.826,0.823,0.822,0.820,0.819,0.817,0.816,0.816,0.815,0.816,0.815,0.815,0.814,0.814,0.814,0.813,0.811,0.810,0.809,0.809,0.808,0.807,0.806,0.806,0.806,0.806,0.806,0.805,0.806,0.806,0.806,0.806,0.806,0.808,0.809,0.810,0.811,0.813,0.815,0.816,0.817,0.818,0.819,0.820,0.822,0.824,0.826,0.828,0.830,0.832,0.835,0.837,0.841,0.843,0.846,0.848,0.850,0.852,0.855,0.858,0.862,0.865,0.868,0.871,0.874,0.878,0.883,0.889,0.896,0.905,0.914,0.927,0.947,0.947,3.000,3.000,3.000,3.000,3.000,3.000,1.587,1.600,1.574,1.617,1.617,3.000,3.000,3.000,3.000,1.014,0.999,1.014,3.000,3.000,3.000,3.000,3.000,3.000,3.000,3.000,3.000,3.000,3.000,3.000,3.000,3.000,3.000,3.000,3.000,3.000,3.000,3.000,3.000,3.000,3.000,3.000,3.000,3.000,3.000,3.000,3.000,3.000,3.000,3.000,3.000,3.000,3.000,3.000,3.000,3.000,3.000,3.000,3.000,3.000,3.000,3.000,3.000,3.000,3.000,3.000,3.000,3.000,3.000,3.000,3.000,3.000,3.000,3.000,3.000,3.000,3.000,3.000,3.000,3.000,3.000,3.000,3.000,3.000,3.000,3.000,3.000,3.000,3.000,3.000,3.000,3.000,3.000,3.000,3.000,3.000,3.000,3.000,3.000,3.000,3.000,3.000,3.000,3.000,3.000,3.000,3.000,3.000,3.000,3.000,3.000,3.000,3.000
3.000,3.000,3.000,3.000,3.000,3.000,3.000,3.000,3.000,3.000,3.000,3.000,3.000,3.000,3.000,3.000,3.000,3.000,3.000,3.000,3.000,3.000,3.000,3.000,3.000,3.000,3.000,3.000,3.000,3.000,3.000,3.000,3.000,3.000,3.000,3.000,3.000,3.000,3.000,3.000,3.000,3.000,3.000,3.000,3.000,3.000,3.000,3.000,3.000,3.000,3.000,3.000,3.000,3.000,3.000,3.000,1.947,1.947,1.947,3.000,1.833,1.825,1.817,1.812,1.803,1.791,1.791,1.788,1.787,1.784,1.775,1.758,1.745,1.738,1.731,1.732,1.725,3.000,3.000,3.000,3.000,3.000,3.000,3.000,1.025,1.001,1.025,1.469,1.493,1.488,1.498,1.499,1.495,1.479,1.461,1.436,1.436,3.000,3.000,0.869,0.867,0.844,0.829,0.820,0.812,0.807,0.804,0.802,0.800,0.798,0.796,0.796,0.796,0.796,0.796,0.798,0.800,0.802,0.807,0.811,0.816,0.821,0.825,0.827,0.829,0.830,0.830,0.828,0.826,0.826,0.826,0.825,0.824,0.821,0.819,0.817,0.816,0.815,0.814,0.813,0.813,0.812,0.813,0.812,0.812,0.812,0.812,0.811,0.810,0.808,0.807,0.806,0.806,0.805,0.804,0.803,0.802,0.802,0.802,0.802,0.801,0.802,0.802,0.802,0.802,0.801,0.802,0.802,0.802,0.803,0.804,0.806,0.807,0.810,0.812,0.813,0.815,0.817,0.819,0.821,0.824,0.826,0.829,0.831,0.834,0.838,0.841,0.844,0.846,0.848,0.850,0.853,0.855,0.858,0.861,0.864,0.866,0.869,0.872,0.876,0.881,0.887,0.896,0.904,0.917,0.932,0.947,3.000,3.000,3.000,3.000,3.000,3.000,3.000,1.574,1.574,1.574,3.000,3.000,3.000,3.000,1.003,1.003,0.989,0.999,3.000,3.000,3.000,3.000,3.000,3.000,3.000,1.620,1.620,1.622,1.622,1.622,3.000,3.000,3.000,3.000,3.000,3.000,3.000,3.000,3.000,3.000,3.000,3.000,3.000,3.000,3.000,3.000,3.000,3.000,3.000,3.000,3.000,3.000,3.000,3.000,3.000,3.000,3.000,3.000,3.000,3.000,3.000,3.000,3.000,3.000,3.000,3.000,3.000,3.000,3.000,3.000,3.000,3.000,3.000,3.000,3.000,3.000,3.000,3.000,3.000,3.000,3.000,3.000,3.000,3.000,3.000,3.000,3.000,3.000,3.000,3.000,3.000,3.000,3.000,3.000,3.000,3.000,3.000,3.000,3.000,3.000,3.000,3.000,3.000,3.000,3.000,3.000,3.000,3.000,3.000,3.000,3.000,3.000,3.000
3.000,3.000,3.000,3.000,3.000,3.000,3.000,3.000,3.000,3.000,3.000,3.000,3.000,3.000,3.000,3.000,3.000,3.000,3.000,3.000,3.000,3.000,3.000,3.000,3.000,3.000,3.000,3.000,3.000,3.000,3.000,3.000,3.000,3.000,3.000,3.000,3.000,3.000,3.000,3.000,3.000,3.000,3.000,3.000,3.000,3.000,3.000,3.000,3.000,3.000,3.000,3.000,3.000,3.000,3.000,3.000,1.947,1.947,1.947,3.000,1.825,1.825,1.820,1.816,1.801,1.789,1.789,1.786,1.785,1.783,1.775,1.755,1.742,1.738,1.732,1.725,1.726,3.000,3.000,3.000,3.000,3.000,3.000,3.000,1.001,1.001,1.001,1.478,1.469,1.483,1.489,1.489,1.483,1.469,1.454,1.433,1.436,3.000,3.000,0.871,0.869,0.844,0.829,0.820,0.811,0.806,0.803,0.801,0.799,0.797,0.796,0.796,0.796,0.796,0.796,0.797,0.799,0.801,0.805,0.808,0.811,0.815,0.819,0.821,0.822,0.821,0.821,0.820,0.818,0.818,0.817,0.818,0.816,0.814,0.812,0.811,0.810,0.809,0.808,0.807,0.807,0.806,0.808,0.806,0.806,0.806,0.807,0.806,0.806,0.804,0.803,0.802,0.801,0.801,0.800,0.799,0.798,0.798,0.798,0.798,0.798,0.798,0.799,0.799,0.798,0.798,0.799,0.800,0.800,0.801,0.802,0.803,0.805,0.808,0.809,0.811,0.813,0.815,0.817,0.819,0.821,0.824,0.827,0.830,0.833,0.838,0.841,0.843,0.845,0.847,0.849,0.851,0.852,0.854,0.856,0.859,0.861,0.862,0.865,0.869,0.875,0.880,0.888,0.895,0.904,0.916,0.932,0.922,3.000,3.000,3.000,3.000,3.000,3.000,3.000,3.000,3.000,3.000,3.000,3.000,3.000,1.012,1.003,0.987,0.992,3.000,3.000,3.000,3.000,3.000,3.000,1.586,1.636,1.620,1.617,1.622,1.680,1.680,3.000,3.000,3.000,3.000,3.000,3.000,3.000,3.000,3.000,3.000,3.000,3.000,3.000,3.000,3.000,3.000,3.000,3.000,3.000,3.000,3.000,3.000,3.000,3.000,3.000,3.000,3.000,3.000,3.000,3.000,3.000,3.000,3.000,3.000,3.000,3.000,3.000,3.000,3.000,3.000,3.000,3.000,3.000,3.000,3.000,3.000,3.000,3.000,3.000,3.000,3.000,3.000,3.000,3.000,3.000,3.000,3.000,3.000,3.000,3.000,3.000,3.000,3.000,3.000,3.000,3.000,3.000,3.000,3.000,3.000,3.000,3.000,3.000,3.000,3.000,3.000,3.000,3.000,3.000,3.000,3.000,3.000
3.000,3.000,3.000,3.000,3.000,3.000,3.000,3.000,3.000,3.000,3.000,3.000,3.000,3.000,3.000,3.000,3.000,3.000,3.000,3.000,3.000,3.000,3.000,3.000,3.000,3.000,3.000,3.000,3.000,3.000,3.000,3.000,3.000,3.000,3.000,3.000,3.000,3.000,3.000,3.000,3.000,3.000,3.000,3.000,3.000,3.000,3.000,3.000,3.000,3.000,3.000,3.000,3.000,3.000,3.000,3.000,1.947,1.947,1.947,1.911,3.000,1.820,1.820,1.820,1.799,1.789,1.789,1.786,1.790,1.787,1.776,1.747,1.734,1.735,1.731,1.726,1.726,3.000,3.000,3.000,3.000,3.000,3.000,3.000,3.000,3.000,3.000,1.480,1.478,1.479,1.481,1.479,1.473,1.459,1.448,1.431,1.433,3.000,3.000,0.872,0.871,0.844,0.830,0.820,0.811,0.806,0.802,0.800,0.798,0.797,0.796,0.796,0.795,0.796,0.795,0.797,0.798,0.800,0.803,0.805,0.807,0.810,0.812,0.813,0.813,0.813,0.811,0.810,0.808,0.807,0.805,0.804,0.803,0.802,0.800,0.799,0.798,0.797,0.796,0.796,0.796,0.796,0.796,0.795,0.797,0.797,0.797,0.797,0.797,0.797,0.796,0.796,0.794,0.794,0.793,0.792,0.792,0.792,0.793,0.793,0.794,0.795,0.796,0.796,0.796,0.796,0.797,0.798,0.799,0.800,0.801,0.803,0.804,0.807,0.809,0.810,0.812,0.814,0.816,0.818,0.821,0.824,0.826,0.830,0.833,0.838,0.841,0.843,0.845,0.847,0.848,0.849,0.850,0.852,0.853,0.854,0.855,0.858,0.861,0.865,0.870,0.875,0.882,0.888,0.897,0.907,0.922,0.974,0.988,0.997,1.003,1.012,1.018,1.039,1.039,1.039,0.998,3.000,3.000,3.000,3.000,1.013,1.012,0.992,0.993,3.000,3.000,3.000,3.000,3.000,3.000,1.588,1.586,1.636,1.634,1.641,1.680,1.696,3.000,3.000,3.000,3.000,3.000,3.000,3.000,3.000,3.000,3.000,3.000,3.000,3.000,3.000,3.000,3.000,3.000,3.000,3.000,3.000,3.000,3.000,3.000,3.000,3.000,3.000,3.000,3.000,3.000,3.000,3.000,3.000,3.000,3.000,3.000,3.000,3.000,3.000,3.000,3.000,3.000,3.000,3.000,3.000,3.000,3.000,3.000,3.000,3.000,3.000,3.000,3.000,3.000,3.000,3.000,3.000,3.000,3.000,3.000,3.000,3.000,3.000,3.000,3.000,3.000,3.000,3.000,3.000,3.000,3.000,3.000,3.000,3.000,3.000,3.000,3.000,3.000,3.000,3.000,3.000,3.000,3.000
3.000,3.000,3.000,3.000,3.000,3.000,3.000,3.000,3.000,3.000,3.000,3.000,3.000,3.000,3.000,3.000,3.000,3.000,3.000,3.000,3.000,3.000,3.000,3.000,3.000,3.000,3.000,3.000,3.000,3.000,3.000,3.000,3.000,3.000,3.000,3.000,3.000,3.000,3.000,3.000,3.000,3.000,3.000,3.000,3.000,3.000,3.000,3.000,3.000,3.000,3.000,3.000,3.000,3.000,3.000,3.000,3.000,1.911,1.911,1.911,3.000,3.000,3.000,1.799,1.795,1.788,1.787,1.785,1.790,1.787,1.780,1.738,1.730,1.733,1.730,1.726,1.726,3.000,3.000,3.000,3.000,3.000,3.000,3.000,3.000,3.000,3.000,1.480,1.480,1.475,1.475,1.471,1.455,1.447,1.442,1.427,1.431,3.000,3.000,0.872,0.872,0.844,0.830,0.820,0.811,0.806,0.802,0.800,0.798,0.796,0.795,0.795,0.794,0.795,0.795,0.796,0.798,0.799,0.801,0.803,0.805,0.807,0.809,0.809,0.809,0.808,0.805,0.804,0.803,0.801,0.800,0.798,0.798,0.796,0.795,0.794,0.792,0.791,0.790,0.790,0.790,0.790,0.790,0.790,0.791,0.791,0.792,0.792,0.792,0.793,0.792,0.792,0.791,0.790,0.789,0.789,0.789,0.789,0.790,0.790,0.790,0.791,0.794,0.794,0.794,0.795,0.796,0.797,0.798,0.800,0.801,0.802,0.804,0.807,0.808,0.810,0.812,0.814,0.815,0.818,0.821,0.823,0.826,0.830,0.834,0.839,0.842,0.844,0.846,0.847,0.848,0.849,0.849,0.850,0.850,0.851,0.852,0.855,0.858,0.862,0.867,0.872,0.878,0.884,0.891,0.900,0.912,0.947,0.974,0.988,0.997,1.003,1.012,1.018,1.039,0.998,0.998,3.000,3.000,3.000,3.000,1.013,1.013,0.993,0.993,3.000,3.000,3.000,3.000,3.000,3.000,1.588,1.588,1.642,1.647,1.655,1.696,1.696,3.000,3.000,3.000,3.000,3.000,3.000,3.000,3.000,3.000,3.000,3.000,3.000,3.000,3.000,3.000,3.000,3.000,3.000,3.000,3.000,3.000,3.000,3.000,3.000,3.000,3.000,3.000,3.000,3.000,3.000,3.000,3.000,3.000,3.000,3.000,3.000,3.000,3.000,3.000,3.000,3.000,3.000,3.000,3.000,3.000,3.000,3.000,3.000,3.000,3.000,3.000,3.000,3.000,3.000,3.000,3.000,3.000,3.000,3.000,3.000,3.000,3.000,3.000,3.000,3.000,3.000,3.000,3.000,3.000,3.000,3.000,3.000,3.000,3.000,3.000,3.000,3.000,3.000,3.000,3.000,3.000,3.000
